Distance (mm),T (K),P (Pa),V (M^3/s),X_nh3 initial,X_o2 initial,X_he initial,(NH3/O2),T (K) final,Rtol,Atol,reactor type,energy on?,He,Ar,Ne,O2(2),H2O(3),N2(4),NO(5),NH3(6),N2O(7),X(1),HX(9),OX(10),HOX(13),H2OX(14),N2X2(25),NN_ads(26),NO_ads(27),H2NX(28),H3NX(29),NH_ads(51),N_ads(64),HNOX(67),NO2JX(74),NOX2(82),He ROP [kmol/m^3 s],Ar ROP [kmol/m^3 s],Ne ROP [kmol/m^3 s],O2(2) ROP [kmol/m^3 s],H2O(3) ROP [kmol/m^3 s],N2(4) ROP [kmol/m^3 s],NO(5) ROP [kmol/m^3 s],NH3(6) ROP [kmol/m^3 s],N2O(7) ROP [kmol/m^3 s],He surface ROP [kmol/m^2 s],Ar surface ROP [kmol/m^2 s],Ne surface ROP [kmol/m^2 s],O2(2) surface ROP [kmol/m^2 s],H2O(3) surface ROP [kmol/m^2 s],N2(4) surface ROP [kmol/m^2 s],NO(5) surface ROP [kmol/m^2 s],NH3(6) surface ROP [kmol/m^2 s],N2O(7) surface ROP [kmol/m^2 s],X(1) ROP [kmol/m^2 s],HX(9) ROP [kmol/m^2 s],OX(10) ROP [kmol/m^2 s],HOX(13) ROP [kmol/m^2 s],H2OX(14) ROP [kmol/m^2 s],N2X2(25) ROP [kmol/m^2 s],NN_ads(26) ROP [kmol/m^2 s],NO_ads(27) ROP [kmol/m^2 s],H2NX(28) ROP [kmol/m^2 s],H3NX(29) ROP [kmol/m^2 s],NH_ads(51) ROP [kmol/m^2 s],N_ads(64) ROP [kmol/m^2 s],HNOX(67) ROP [kmol/m^2 s],NO2JX(74) ROP [kmol/m^2 s],NOX2(82) ROP [kmol/m^2 s],NH3(6) + X(1) <=> H3NX(29) ROP [kmol/m^2 s],O2(2) + 2 X(1) <=> 2 OX(10) ROP [kmol/m^2 s],H3NX(29) + OX(10) <=> H2NX(28) + HOX(13) ROP [kmol/m^2 s],H2O(3) + X(1) <=> H2OX(14) ROP [kmol/m^2 s],H2OX(14) + OX(10) <=> 2 HOX(13) ROP [kmol/m^2 s],H3NX(29) + HOX(13) <=> H2NX(28) + H2OX(14) ROP [kmol/m^2 s],H2NX(28) + OX(10) <=> HOX(13) + NH_ads(51) ROP [kmol/m^2 s],2 H2NX(28) <=> H3NX(29) + NH_ads(51) ROP [kmol/m^2 s],H2NX(28) + HOX(13) <=> H2OX(14) + NH_ads(51) ROP [kmol/m^2 s],2 H2NX(28) <=> H3NX(29) + NH_ads(51) ROP [kmol/m^2 s],NH_ads(51) + OX(10) <=> HNOX(67) + X(1) ROP [kmol/m^2 s],NH_ads(51) + OX(10) <=> HNOX(67) + X(1) ROP [kmol/m^2 s],NO(5) + X(1) <=> NO_ads(27) ROP [kmol/m^2 s],HNOX(67) + OX(10) <=> HOX(13) + NO_ads(27) ROP [kmol/m^2 s],H2NX(28) + HNOX(67) <=> H3NX(29) + NO_ads(27) ROP [kmol/m^2 s],HNOX(67) + HOX(13) <=> H2OX(14) + NO_ads(27) ROP [kmol/m^2 s],HNOX(67) + NH_ads(51) <=> H2NX(28) + NO_ads(27) ROP [kmol/m^2 s],NO_ads(27) + X(1) <=> NOX2(82) ROP [kmol/m^2 s],NH_ads(51) + OX(10) <=> HOX(13) + N_ads(64) ROP [kmol/m^2 s],H2NX(28) + NH_ads(51) <=> H3NX(29) + N_ads(64) ROP [kmol/m^2 s],HOX(13) + NH_ads(51) <=> H2OX(14) + N_ads(64) ROP [kmol/m^2 s],H2NX(28) + N_ads(64) <=> 2 NH_ads(51) ROP [kmol/m^2 s],HNOX(67) + N_ads(64) <=> NH_ads(51) + NO_ads(27) ROP [kmol/m^2 s],NOX2(82) <=> N_ads(64) + OX(10) ROP [kmol/m^2 s],H2NX(28) + NH_ads(51) <=> H3NX(29) + N_ads(64) ROP [kmol/m^2 s],HOX(13) + NH_ads(51) <=> H2OX(14) + N_ads(64) ROP [kmol/m^2 s],N2(4) + 2 X(1) <=> N2X2(25) ROP [kmol/m^2 s],NOX2(82) + N_ads(64) <=> N2X2(25) + OX(10) ROP [kmol/m^2 s],N2X2(25) <=> 2 N_ads(64) ROP [kmol/m^2 s],N2(4) + X(1) <=> NN_ads(26) ROP [kmol/m^2 s],NN_ads(26) + X(1) <=> N2X2(25) ROP [kmol/m^2 s],NO_ads(27) + OX(10) <=> NO2JX(74) + X(1) ROP [kmol/m^2 s],HX(9) + OX(10) <=> HOX(13) + X(1) ROP [kmol/m^2 s],HOX(13) + HX(9) <=> H2OX(14) + X(1) ROP [kmol/m^2 s],H2O(3) + 2 X(1) <=> HOX(13) + HX(9) ROP [kmol/m^2 s],NH3(6) + 2 X(1) <=> H2NX(28) + HX(9) ROP [kmol/m^2 s],H3NX(29) + X(1) <=> H2NX(28) + HX(9) ROP [kmol/m^2 s],H2NX(28) + X(1) <=> HX(9) + NH_ads(51) ROP [kmol/m^2 s],NH_ads(51) + X(1) <=> HX(9) + N_ads(64) ROP [kmol/m^2 s],HNOX(67) + X(1) <=> HX(9) + NO_ads(27) ROP [kmol/m^2 s],HNOX(67) + OX(10) <=> HX(9) + NO2JX(74) ROP [kmol/m^2 s]
0,548,101324.99999999999,2.771e-08,0.066,0.29999999999999993,0.6339999999999998,0.22000000000000003,548.0,1e-11,1e-22,IdealGasReactor,off,0.634,0.0,0.0,0.30000000000000004,0.0,0.0,0.0,0.06600000000000002,0.0,1.0,0.0,0.0,0.0,0.0,0.0,0.0,0.0,0.0,0.0,0.0,0.0,0.0,0.0,0.0,0.0,0.0,0.0,0.0,0.0,0.0,0.0,0.0,0.0,0.0,0.0,0.0,-0.033208412475204035,0.0,0.0,0.0,-0.303586578827763,0.0,-0.37072518948530486,0.0007217857071337642,0.06641682495040807,0.0,0.0,0.0,0.0,0.0,0.0007217857071337642,0.30286479312062925,0.0,0.0,0.0,0.0,0.0,0.30286479312062925,0.033208412475204035,0.0,0.0,0.0,0.0,0.0,0.0,0.0,0.0,0.0,0.0,0.0,0.0,0.0,0.0,0.0,0.0,0.0,0.0,0.0,0.0,0.0,0.0,0.0,0.0,0.0,0.0,0.0,0.0,0.0,0.0,0.0,0.0,0.0,0.0007217857071337642,0.0,0.0,0.0,0.0,0.0
0.009,548,101324.9999996299,2.771e-08,0.066,0.29999999999999993,0.6339999999999998,0.22000000000000003,548.0,1e-11,1e-22,IdealGasReactor,off,0.6341320866672275,0.0,0.0,0.29979790135961554,8.609152096342862e-06,3.9637104893568637e-10,3.074107552597147e-21,0.06606140242468957,0.0,0.2814506052211825,4.527688206985394e-08,0.7058462040535842,6.346765594893516e-08,4.2264671755132525e-08,1.3761600417066836e-09,1.2296599984148133e-09,9.262698407561186e-05,0.0009754059899404074,0.005777445950382652,0.005854883235986845,7.057354252623399e-07,1.7243918622406857e-12,5.2673235562585975e-15,1.969212662826524e-06,0.0,0.0,0.0,0.0,0.0,0.0,0.0,0.0,0.0,0.0,0.0,0.0,-0.002628803416379016,8.430623183099555e-05,3.784097557047486e-09,3.113253904097052e-20,2.954258149810816e-05,0.0,-0.005139279404007769,-1.6734289069181368e-09,0.00516877926865452,-5.552496455096696e-10,-6.682828849831801e-09,-1.745964065507732e-10,-1.3454517605987503e-10,4.469508316860194e-06,-1.2619467971159722e-05,-0.00010525217818438247,8.377085665072603e-05,2.2687744135459407e-08,2.4677297613256125e-14,3.8886195765304e-16,5.906200869727342e-08,-8.310828157900851e-05,0.002628803416379016,8.818663402797914e-05,-8.428024379972143e-05,-6.533948155336587e-05,2.68870250209887e-07,3.3458824519317926e-06,3.3168931048360274e-05,1.86467197920189e-05,3.3168931048360274e-05,2.266677961170012e-06,2.266677961170012e-06,-3.113253904097052e-20,4.533355891950212e-06,3.2075546477143396e-15,2.675014645206913e-17,-6.538614815179207e-18,6.384758041363958e-08,1.5402140983983803e-12,1.3223892320720427e-09,9.244687536990858e-09,-2.515517063173069e-09,-2.640873890675931e-22,4.784932035927435e-09,1.3223892320720427e-09,9.244687536990858e-09,-3.782671785799453e-09,6.396804387284487e-13,-3.4743162939981095e-09,-1.4257712480327771e-12,1.3311940481184225e-10,-2.0928149737264875e-15,5.3572601393790854e-05,1.7621491253591197e-16,-2.5988031274123474e-08,5.3565700080900355e-05,2.8899205577177735e-08,1.1158338194297137e-09,1.2008735525693834e-09,3.071199273562809e-18,2.4816769313795275e-15
0.018,548,101324.99999999997,2.771e-08,0.066,0.29999999999999993,0.6339999999999998,0.22000000000000003,548.0,1e-11,1e-22,IdealGasReactor,off,0.6341246973242421,0.0,0.0,0.2997594498461346,7.852517625781804e-05,2.33057711859304e-05,1.6610622885582718e-14,0.06601402188216281,0.0,0.0033100543261698283,5.939222183147129e-11,0.48160973518007616,6.171129610451374e-09,7.304743297853391e-10,8.430153629239308e-08,6.401962284770779e-06,0.5138962192237125,5.854189877517943e-05,6.779969343338961e-05,0.0009167922051582524,5.890246324322643e-06,4.018106256547983e-13,1.6949812444992903e-09,0.00012847230615017452,0.0,0.0,0.0,0.0,0.0,0.0,0.0,0.0,0.0,0.0,0.0,0.0,-3.63461429778644e-07,7.269228593847445e-07,2.423076197161171e-07,1.7270178144351618e-16,-4.846152395900913e-07,0.0,9.042114431375589e-17,-8.899162811746307e-23,1.5001232224249748e-17,2.8002729770505784e-23,-2.0011153378882846e-20,-1.4293680984916318e-21,1.3797372617384502e-21,7.541706738388923e-17,1.6702956600334425e-21,2.642420598891305e-19,2.950772358981684e-20,-1.4527359507962549e-22,-2.5791763992667665e-22,5.821754629131485e-24,-9.05563433659625e-17,4.769956974451893e-07,3.63461429778644e-07,7.156116655388279e-07,-7.26919545992893e-07,-6.175421166510412e-07,3.067165932365201e-10,1.369833006594642e-07,1.1945097016380926e-07,1.0878927835391481e-07,1.1945097016380926e-07,2.4212325556909624e-07,2.4212325556909624e-07,-1.7270178144351618e-16,4.842465134582028e-07,-3.757864294984652e-16,6.058636509821288e-19,-2.2043852909644944e-15,4.84246510890074e-07,1.6451632255705072e-13,1.2424624800894835e-11,1.4071719702614052e-10,-6.00693718465589e-11,-2.293694244225189e-19,4.838982846829412e-07,1.2424624800894835e-11,1.4071719702614052e-10,-2.3478648332169258e-07,3.482262976890889e-10,-2.41959393418428e-07,-7.521136394424537e-09,-7.521136394425917e-09,-2.5977961170530007e-16,7.623331862948377e-09,2.2467535920127074e-20,-3.3133918514536747e-12,7.619542144902003e-09,4.104514294656918e-12,7.874162892397691e-13,2.2109195511485405e-12,5.541349902126192e-21,2.597796175270547e-16
0.026999999999999996,548,101325.0,2.771e-08,0.066,0.29999999999999993,0.6339999999999998,0.22000000000000003,548.0,1e-11,1e-22,IdealGasReactor,off,0.6341173119406522,0.0,0.0,0.2997210189359371,0.00014840373766382387,4.659865839701447e-05,3.321583378311381e-14,0.06596666672731652,0.0,0.0033094178944296925,5.934886551748955e-11,0.4817658359258001,6.169986046601917e-09,1.0842368049381543e-09,8.442742760912145e-08,6.412758571070944e-06,0.5137416586884967,5.8519826377153596e-05,6.773801756411998e-05,0.0009160257343183696,5.888737273503426e-06,4.014781459985836e-13,1.6953466434749784e-09,0.00012840898042170554,0.0,0.0,0.0,0.0,0.0,0.0,0.0,0.0,0.0,0.0,0.0,0.0,-3.6327514204274786e-07,7.265502839106913e-07,2.4218342788528856e-07,1.7264956674724376e-16,-4.843668559407058e-07,0.0,-1.6048511567223064e-16,-1.1354433888910476e-22,1.306012320287175e-18,-1.4636581949404996e-21,2.1681925867341953e-18,6.03510974918689e-21,-8.195705509175398e-21,-1.6084298709244559e-16,-1.6933114153170728e-21,-1.1997933048981887e-18,3.257001851501239e-21,-2.045204064537361e-22,-3.411431227951465e-23,-1.490143537706609e-23,1.5952500320613243e-16,4.767557048891962e-07,3.6327514204274786e-07,7.151919025229916e-07,-7.265469739731172e-07,-6.172313249074159e-07,3.063794071631791e-10,1.369760530925486e-07,1.1936092914588482e-07,1.087281226282753e-07,1.1936092914588482e-07,2.4199927473635664e-07,2.4199927473635664e-07,-1.7264956674724376e-16,4.839985517909045e-07,-3.753314437601537e-16,6.05223848230299e-19,-2.2028916942508443e-15,4.839985494609067e-07,1.6443208077836594e-13,1.2409558328231853e-11,1.4057351590159903e-10,-5.996724174148916e-11,-2.291087644252932e-19,4.836505837749556e-07,1.2409558328231853e-11,1.4057351590159903e-10,-2.346647464600285e-07,3.479655264260503e-10,-2.418354623588604e-07,-7.518681425260065e-09,-7.518681425251869e-09,-2.596503200668356e-16,7.614936981748388e-09,2.244411215537064e-20,-3.3099375741275205e-12,7.611151051509648e-09,4.099993335910902e-12,7.869681635979486e-13,2.2086466798490575e-12,5.5357323693126534e-21,2.596503051654002e-16
0.036,548,101324.99999999996,2.771e-08,0.066,0.29999999999999993,0.6339999999999998,0.22000000000000003,548.0,1e-11,1e-22,IdealGasReactor,off,0.63410993051678,0.0,0.0,0.2996826086307016,0.00021824483326198305,6.98790569875864e-05,4.981563559406884e-14,0.06591933696221922,0.0,0.003308780930474325,5.9305525852846e-11,0.48192195780101177,6.168841903603688e-09,1.4376731492179204e-09,8.455309062996942e-08,6.4235426939171615e-06,0.5135870771710377,5.8497747167511956e-05,6.76763755975206e-05,0.0009152596457360905,5.887227599098473e-06,4.011458392566704e-13,1.6957121302471695e-09,0.0001283456436575473,0.0,0.0,0.0,0.0,0.0,0.0,0.0,0.0,0.0,0.0,0.0,0.0,-3.6308882512820657e-07,7.261776500885097e-07,2.420592166071056e-07,1.72597345196384e-16,-4.841184334014274e-07,0.0,-1.2383072705628932e-15,5.666468270175922e-22,-2.3569175675611695e-18,-5.764748677828135e-21,-4.719879340337775e-18,-1.6093625997831706e-20,1.6249135952991676e-20,-1.2284027091698567e-15,-4.2322385040752387e-22,1.2237186561753778e-17,-7.788059755758042e-21,8.934067603455545e-22,4.456466170998068e-21,-2.2745706600705874e-23,1.2307867170041163e-15,4.7651566820422313e-07,3.6308882512820657e-07,7.147721074757843e-07,-7.261743436031477e-07,-6.169204820627668e-07,3.060424513896907e-10,1.369687621027845e-07,1.1927089428921474e-07,1.0866695923602134e-07,1.1927089428921474e-07,2.4187527428111097e-07,2.4187527428111097e-07,-1.72597345196384e-16,4.837505508785903e-07,-3.7487683909591355e-16,6.04584475154082e-19,-2.2013982508765382e-15,4.837505496180228e-07,1.6434782566683463e-13,1.2394503418220074e-11,1.4042992381153774e-10,-5.986524937699638e-11,-2.2884830594517225e-19,4.834028436109084e-07,1.2394503418220074e-11,1.4042992381153774e-10,-2.3454299049819543e-07,3.4770477632768787e-10,-2.417115118307781e-07,-7.516226108910201e-09,-7.51622610892645e-09,-2.595209887237017e-16,7.606547341566083e-09,2.2420702395831047e-20,-3.306485361951087e-12,7.602765197204292e-09,4.09547520088483e-12,7.865199339295903e-13,2.206375085417247e-12,5.530117832098362e-21,2.595209659779951e-16
0.045,548,101325.0,2.771e-08,0.066,0.29999999999999993,0.6339999999999998,0.22000000000000003,548.0,1e-11,1e-22,IdealGasReactor,off,0.6341025530529445,0.0,0.0,0.29964421893208953,0.00028804846003123734,9.314696595012312e-05,6.641002814727244e-14,0.06587203258891819,0.0,0.0033081434346833786,5.926220285536878e-11,0.4820781007501238,6.167697182052227e-09,1.7907832865213793e-09,8.467852536200649e-08,6.434314651290276e-06,0.5134324747262289,5.847566115898626e-05,6.761476755184377e-05,0.0009144939396457954,5.8857173018279326e-06,4.0081370550955875e-13,1.6960777046996098e-09,0.00012828229590779598,0.0,0.0,0.0,0.0,0.0,0.0,0.0,0.0,0.0,0.0,0.0,0.0,-3.6290247919346216e-07,7.25804958214289e-07,2.4193498598030244e-07,1.7254511680945932e-16,-4.838699721430942e-07,0.0,-3.952050921968897e-17,-5.184958449127039e-23,-9.635327940861817e-18,5.960913290791731e-22,1.5881867761018131e-21,1.7470054537119944e-21,-1.699028978183919e-21,-2.9484747055334265e-17,-9.422550470807569e-22,2.4045608070955897e-19,-1.8614571601789647e-20,2.234421629658866e-22,8.575002871881994e-23,-4.360762095253018e-24,3.9207695464813136e-17,4.7627558755702036e-07,3.6290247919346216e-07,7.143522807708679e-07,-7.258016551790726e-07,-6.166095883809544e-07,3.0570572602065475e-10,1.3696142768186893e-07,1.19180865677137e-07,1.086057882298608e-07,1.19180865677137e-07,2.4175125430895146e-07,2.4175125430895146e-07,-1.7254511680945932e-16,4.835025109324579e-07,-3.7442261551097257e-16,6.039455319161993e-19,-2.1999049618888016e-15,4.835025084748423e-07,1.642635572942039e-13,1.2379460074492388e-11,1.4028642080593907e-10,-5.976339465461629e-11,-2.2858804900239215e-19,4.83155064387985e-07,1.2379460074492388e-11,1.4028642080593907e-10,-2.344212155340379e-07,3.4744404764967583e-10,-2.4158754193265274e-07,-7.513770446264511e-09,-7.513770446262812e-09,-2.593916044410086e-16,7.598162946493665e-09,2.239730665199876e-20,-3.303035216471588e-12,7.594384586073855e-09,4.090959891780341e-12,7.860716006920509e-13,2.204104769030051e-12,5.5245062936996834e-21,2.593916000802465e-16
0.054,548,101325.0,2.771e-08,0.066,0.29999999999999993,0.6339999999999998,0.22000000000000003,548.0,1e-11,1e-22,IdealGasReactor,off,0.6340951795494627,0.0,0.0,0.29960584984174893,0.00035781461497486907,0.00011640238428625671,8.299901127378859e-14,0.06582475360944424,0.0,0.003307505407347143,5.921889654123109e-11,0.48223426470450914,6.166551882376605e-09,2.143567141175688e-09,8.480373181261247e-08,6.445074441350551e-06,0.5132778514221216,5.845356836273389e-05,6.755319344344615e-05,0.0009137286162563034,5.884206382410287e-06,4.0048174483347783e-13,1.6964433667597746e-09,0.0001282189372223462,0.0,0.0,0.0,0.0,0.0,0.0,0.0,0.0,0.0,0.0,0.0,0.0,-3.6271610437721375e-07,7.254322085819193e-07,2.4181073610342007e-07,1.7249288160941345e-16,-4.836214723875098e-07,0.0,2.820358689242723e-16,2.4471693599146457e-23,-8.505472063492141e-18,1.2171711436241177e-22,-6.215104250478429e-20,-1.5881867761018131e-21,1.6014216659026616e-21,2.90226667598054e-16,-7.324634846801085e-22,-3.8908082678870685e-19,-1.6266668304568678e-20,-1.111523948118131e-22,-1.221832827769057e-22,-5.967639465194912e-24,-2.8164361067541533e-16,4.760354631657294e-07,3.6271610437721375e-07,7.139324227432057e-07,-7.254289089947802e-07,-6.162986440924739e-07,3.053692311435978e-10,1.369540498141645e-07,1.1909084338650515e-07,1.0854460965662103e-07,1.1909084338650515e-07,2.416272149123769e-07,2.416272149123769e-07,-1.7249288160941345e-16,4.832544321374918e-07,-3.739687730109306e-16,6.033070186561535e-19,-2.1984118283311275e-15,4.832544293620344e-07,1.6417927572332428e-13,1.2364428299985302e-11,1.4014300692697632e-10,-5.9661677472458e-11,-2.283279936164781e-19,4.829072463030312e-07,1.2364428299985302e-11,1.4014300692697632e-10,-2.3429942166501554e-07,3.4718334064683903e-10,-2.414635527627733e-07,-7.511314438404541e-09,-7.511314438406143e-09,-2.592622135408706e-16,7.58978380019336e-09,2.2373924933111737e-20,-3.2995871390515376e-12,7.586009221780473e-09,4.086447410569434e-12,7.856231643001188e-13,2.201835731741149e-12,5.518897757017895e-21,2.5926220757323113e-16
0.06299999999999999,548,101324.99999999999,2.771e-08,0.066,0.29999999999999993,0.6339999999999998,0.22000000000000003,548.0,1e-11,1e-22,IdealGasReactor,off,0.6340878100066479,0.0,0.0,0.2995675013613124,0.0004275432951242324,0.00013964531100679915,9.958258480650555e-14,0.06577750002580914,0.0,0.003306866848822528,5.917560692776741e-11,0.4823904496049501,6.1654060051286866e-09,2.496024638020055e-09,8.492870998979174e-08,6.455822062158769e-06,0.5131232073172717,5.843146879108337e-05,6.749165328998291e-05,0.0009129636757941568,5.882694841567075e-06,4.001499573073937e-13,1.6968091163231113e-09,0.00012815556765128204,0.0,0.0,0.0,0.0,0.0,0.0,0.0,0.0,0.0,0.0,0.0,0.0,-3.6252970083264924e-07,7.250594015020192e-07,2.416864670752143e-07,1.7244063961599886e-16,-4.833729343348678e-07,0.0,1.7085856737334298e-15,1.6211369025153641e-21,-5.6423336308969945e-18,2.2005252228204754e-21,-9.206824620180618e-18,-1.1318477757685588e-19,1.0976190420211145e-19,1.7113141256752135e-15,3.825495762891533e-21,6.3277656876838285e-18,-1.6597524797615334e-20,5.06699823977014e-21,2.3371483727192604e-22,1.1151161564121042e-22,-1.7056290827937645e-15,4.757952952265908e-07,3.6252970083264924e-07,7.135125337560955e-07,-7.250561053608881e-07,-6.159876494523091e-07,3.050329668577681e-10,1.369466284895096e-07,1.190008274988843e-07,1.0848342356744498e-07,1.190008274988843e-07,2.415031561934987e-07,2.415031561934987e-07,-1.7244063961599886e-16,4.830063146979184e-07,-3.7351531160017364e-16,6.026689355291458e-19,-2.1969188512495056e-15,4.830063105032423e-07,1.6409498102357764e-13,1.2349408098106818e-11,1.399996822222397e-10,-5.956009773094467e-11,-2.280681398069752e-19,4.826593895532969e-07,1.2349408098106818e-11,1.399996822222397e-10,-2.3417760898894098e-07,3.4692265557449236e-10,-2.413395444196364e-07,-7.508858086273284e-09,-7.508858086383046e-09,-2.591326770569448e-16,7.58140990661938e-09,2.2350557249271378e-20,-3.2961411311807848e-12,7.57763910827696e-09,4.081937759380825e-12,7.85174625200008e-13,2.19956797468931e-12,5.51329222517212e-21,2.5913278856856044e-16
0.07199999999999998,548,101325.00000000003,2.771e-08,0.066,0.29999999999999993,0.6339999999999998,0.22000000000000003,548.0,1e-11,1e-22,IdealGasReactor,off,0.6340804444248108,0.0,0.0,0.29952917349239544,0.0004972344975421822,0.00016287574513176262,1.161607485797525e-13,0.06573027184000334,0.0,0.0033062277594779962,5.913233403248048e-11,0.4825466553937079,6.164259550880874e-09,2.8481557023964263e-09,8.505345990207274e-08,6.466557511775211e-06,0.5129685424687415,5.8409362456563945e-05,6.743014710927642e-05,0.0009121991184882758,5.88118268002137e-06,3.9981834301051826e-13,1.69717495327975e-09,0.0001280921872447385,0.0,0.0,0.0,0.0,0.0,0.0,0.0,0.0,0.0,0.0,0.0,0.0,-3.6234326871534976e-07,7.246865372582163e-07,2.4156217899450727e-07,1.7238839084846592e-16,-4.831243581710867e-07,0.0,-9.525848330107619e-18,-2.972301871505342e-23,-1.0656798562209338e-17,2.162598159429032e-22,-2.329340604949326e-21,2.329340604949326e-21,-2.09276694975916e-21,2.5467236699282616e-19,-9.37034176283387e-22,-1.0483648398263152e-18,-2.0530541216415885e-20,-1.8906246875665139e-22,9.558972818747028e-23,1.0700645743833354e-23,1.0498762967148735e-17,4.755550839215337e-07,3.6234326871534976e-07,7.130926141774413e-07,-7.246832445610219e-07,-6.156766047194663e-07,3.0469693326393513e-10,1.369391636986912e-07,1.1891081809659052e-07,1.0842223001418483e-07,1.1891081809659052e-07,2.4137907825600057e-07,2.4137907825600057e-07,-1.7238839084846592e-16,4.827581588211062e-07,-3.730622312824279e-16,6.020312826922807e-19,-2.195426031690207e-15,4.827581563393579e-07,1.6401067326541448e-13,1.2334399472322512e-11,1.398564467400492e-10,-5.945865533077549e-11,-2.278084875931806e-19,4.824114943361712e-07,1.2334399472322512e-11,1.398564467400492e-10,-2.3405577760371532e-07,3.466619926879747e-10,-2.412155170018195e-07,-7.506401390791926e-09,-7.506401390789834e-09,-2.590033324789211e-16,7.573041269768427e-09,2.2327203610694467e-20,-3.2926971943661814e-12,7.569274249553012e-09,4.077430940363153e-12,7.84725983843202e-13,2.197301499024607e-12,5.507689701310436e-21,2.5900334317956685e-16
0.08099999999999999,548,101324.99999999999,2.771e-08,0.066,0.29999999999999993,0.6339999999999998,0.22000000000000003,548.0,1e-11,1e-22,IdealGasReactor,off,0.6340730828042598,0.0,0.0,0.2994908662366014,0.000566888219313033,0.00018609368569030984,1.3273350243042863e-13,0.06568306905400276,0.0,0.0033055881396533687,5.908907787231089e-11,0.4827028820087622,6.163112520151563e-09,3.199960260120249e-09,8.517798155845403e-08,6.477280788333461e-06,0.5128138569379125,5.838724937119771e-05,6.7368674918496e-05,0.0009114349445588097,5.8796698984963356e-06,3.994869020204947e-13,1.6975408775340562e-09,0.00012802879605280785,0.0,0.0,0.0,0.0,0.0,0.0,0.0,0.0,0.0,0.0,0.0,0.0,-3.621568081744849e-07,7.24313616217797e-07,2.414378719602042e-07,1.7233613532751674e-16,-4.828757441673743e-07,0.0,1.2344371725270257e-13,-7.79677044421237e-21,-2.477254667912652e-17,6.932546566595745e-20,-4.1476027053490884e-17,-1.639538148529105e-18,1.5414841587170692e-18,1.2347563759005818e-13,2.6040552734370796e-20,4.979914659484433e-17,-2.7140337523451476e-20,1.161103086083028e-20,-2.8649597413483904e-21,-2.3549997087821517e-22,-1.234506182284404e-13,4.7531482951792235e-07,3.621568081744849e-07,7.126726643625704e-07,-7.24310326962467e-07,-6.153655101420811e-07,3.043611304569983e-10,1.3693165543015196e-07,1.1882081525980877e-07,1.0836102904677697e-07,1.1882081525980877e-07,2.412549811993075e-07,2.412549811993075e-07,-1.7233613532751674e-16,4.825099647059076e-07,-3.726095320611578e-16,6.013940602945471e-19,-2.193933370698058e-15,4.825098387506443e-07,1.6392635251639137e-13,1.2319402425855318e-11,1.397133005260542e-10,-5.93573501714521e-11,-2.275490369939424e-19,4.821635608490203e-07,1.2319402425855318e-11,1.397133005260542e-10,-2.339339276072562e-07,3.4640135224231105e-10,-2.410914706078638e-07,-7.503944352947992e-09,-7.503944354489477e-09,-2.588741070149056e-16,7.564677893488888e-09,2.230386402716737e-20,-3.289255330051152e-12,7.560914649451964e-09,4.072926955585847e-12,7.842772406674067e-13,2.1950363058548447e-12,5.5020901884731386e-21,2.5887387151493474e-16
0.08999999999999998,548,101325.00000000003,2.771e-08,0.066,0.29999999999999993,0.6339999999999998,0.22000000000000003,548.0,1e-11,1e-22,IdealGasReactor,off,0.6340657251452989,0.0,0.0,0.2994525795955157,0.0006365044575543523,0.00020929913172081834,1.4930084619668086e-13,0.06563589166976071,0.0,0.003304947989371411,5.904583845846873e-11,0.48285912934207914,6.161964912871617e-09,3.5514382370149325e-09,8.530227496755915e-08,6.487991890544798e-06,0.5126591508325985,5.8365129541445775e-05,6.730723672830494e-05,0.0009106711541379901,5.878156497707426e-06,3.991556344007945e-13,1.6979068891457003e-09,0.00012796539412482824,0.0,0.0,0.0,0.0,0.0,0.0,0.0,0.0,0.0,0.0,0.0,0.0,-3.619703192896349e-07,7.239406383319945e-07,2.4131354607031933e-07,1.722838730894567e-16,-4.826270922413242e-07,0.0,-3.343427451726078e-14,-7.786679811014516e-21,4.076177813029599e-17,-2.8280939302771066e-21,7.528058258281798e-17,-6.089108099574352e-19,4.105528990672191e-19,-3.3431328367925386e-14,-5.26851991455498e-21,-3.021887344769542e-17,6.751522557445328e-20,7.900608825647106e-22,3.211650871968985e-20,-1.732145251404191e-21,3.339025178328777e-14,4.7507453193097217e-07,3.619703192896349e-07,7.12252684530739e-07,-7.239373525164554e-07,-6.150543658509533e-07,3.040255584732367e-10,1.3692410364629788e-07,1.187308190460329e-07,1.0829982069448843e-07,1.187308190460329e-07,2.4113086507679037e-07,2.4113086507679037e-07,-1.722838730894567e-16,4.822617324590234e-07,-3.7215721394280246e-16,6.007572684058328e-19,-2.1924408693066603e-15,4.822617634125947e-07,1.6384201881277237e-13,1.2304416959551184e-11,1.395702435990229e-10,-5.925618214083978e-11,-2.2728978802656826e-19,4.819155892878531e-07,1.2304416959551184e-11,1.395702435990229e-10,-2.3381205909591778e-07,3.461407344898236e-10,-2.409674053356312e-07,-7.501486974401574e-09,-7.501486974812127e-09,-2.587461057781967e-16,7.556319780146551e-09,2.2280538504168666e-20,-3.2858155390436435e-12,7.552560310352063e-09,4.0684258063304006e-12,7.838283959602817e-13,2.192772395863694e-12,5.4964936886164234e-21,2.587443736329453e-16
0.09899999999999999,548,101325.00000000003,2.771e-08,0.066,0.29999999999999993,0.6339999999999998,0.22000000000000003,548.0,1e-11,1e-22,IdealGasReactor,off,0.6340583714482311,0.0,0.0,0.29941431357070997,0.0007060832094084969,0.00023249208227084047,1.6586277971885693e-13,0.0655887396892138,0.0,0.0033043073096547704,5.900261582007388e-11,0.4830153974299923,6.160816730823933e-09,3.902589560768583e-09,8.542634014088239e-08,6.498690815358024e-06,0.5125044241149318,5.8343002991320144e-05,6.72458325696312e-05,0.0009099077476327581,5.876642478398095e-06,3.9882454025874726e-13,1.6982729876860094e-09,0.000127901981512541,0.0,0.0,0.0,0.0,0.0,0.0,0.0,0.0,0.0,0.0,0.0,0.0,-3.617838023592944e-07,7.235676045463796e-07,2.411892014249279e-07,1.722316041216328e-16,-4.823784030315269e-07,0.0,-2.6469559571653946e-16,8.657564567293469e-23,-8.695818245269671e-18,-4.884182776279887e-22,-1.0174983278892283e-19,9.529120656610879e-21,-9.413315370853455e-21,-2.552691149390566e-16,-1.1188464958283034e-21,6.814918753956836e-19,-1.6564109608925033e-20,-6.333101564859118e-23,1.146352504182437e-22,-1.8860228763505923e-23,2.64044516479725e-16,4.748341917923393e-07,3.617838023592944e-07,7.118326753293035e-07,-7.235643221685554e-07,-6.147431723464901e-07,3.0369021753163056e-10,1.369165083917089e-07,1.1864082958410778e-07,1.082386050516862e-07,1.1864082958410778e-07,2.4100673008687155e-07,2.4100673008687155e-07,-1.722316041216328e-16,4.820134624774034e-07,-3.7170527692225074e-16,6.001209073422653e-19,-2.1909485285850096e-15,4.820134602567805e-07,1.6375767228938022e-13,1.2289443081652579e-11,1.394272760616908e-10,-5.915515116302615e-11,-2.2703074071215377e-19,4.816675798530452e-07,1.2289443081652579e-11,1.394272760616908e-10,-2.3369017217025033e-07,3.458801396907832e-10,-2.408433212852373e-07,-7.499029254677604e-09,-7.49902925466819e-09,-2.586148686109315e-16,7.547966936679386e-09,2.225722706060945e-20,-3.2823778241329806e-12,7.54421123918765e-09,4.063927496330168e-12,7.833794504822166e-13,2.190509771057852e-12,5.490900207079664e-21,2.5861484975070274e-16
0.10799999999999997,548,101325.00000000003,2.771e-08,0.066,0.29999999999999993,0.6339999999999998,0.22000000000000003,548.0,1e-11,1e-22,IdealGasReactor,off,0.6340510217133545,0.0,0.0,0.29937606816374107,0.0007756244720442053,0.0002556725363971136,1.8241930283932812e-13,0.06554161311428068,0.0,0.0033036661002397985,5.89594099631169e-11,0.4831716861226305,6.159667973405533e-09,4.253414157765576e-09,8.555017708754168e-08,6.5093775620484744e-06,0.5123496769349415,5.8320869722240574e-05,6.718446244717714e-05,0.0009091447250945829,5.8751278412792155e-06,3.9849361964456955e-13,1.6986391733555157e-09,0.0001278385582647019,0.0,0.0,0.0,0.0,0.0,0.0,0.0,0.0,0.0,0.0,0.0,0.0,-3.6159725740004954e-07,7.231945146280144e-07,2.410648381221725e-07,1.7217932847453716e-16,-4.821296764258311e-07,0.0,-1.3731397022599517e-16,1.8883140875297562e-23,-2.060080921518184e-18,1.0118761182432382e-22,-1.1371417316888982e-19,1.1487884347136448e-20,-1.145810584508454e-20,-1.2809015531603271e-16,-9.96900060452366e-23,7.23178930634474e-18,-4.224873850125389e-21,-9.372990315991495e-23,-8.434353330937588e-23,-5.776600230916634e-24,1.301690767099038e-16,4.745938089888331e-07,3.6159725740004954e-07,7.114126368540677e-07,-7.231912356858288e-07,-6.14431929652807e-07,3.033551076147235e-10,1.3690886960521865e-07,1.1855084691088977e-07,1.081773821288554e-07,1.1855084691088977e-07,2.4088257624105933e-07,2.4088257624105933e-07,-1.7217932847453716e-16,4.817651547839653e-07,-3.712537210080553e-16,5.99484977100807e-19,-2.1894563495560967e-15,4.817651524380295e-07,1.636733129540346e-13,1.2274480790818769e-11,1.392843979081669e-10,-5.905425711515351e-11,-2.2677189506620046e-19,4.814195327397652e-07,1.2274480790818769e-11,1.392843979081669e-10,-2.3356826692610096e-07,3.4561956809525497e-10,-2.4071921855407726e-07,-7.49657119607151e-09,-7.496571196060053e-09,-2.584853056572261e-16,7.53961936414319e-09,2.2233929698026253e-20,-3.2789421855456947e-12,7.53586743699794e-09,4.059432026145283e-12,7.829304043849327e-13,2.1882484317324593e-12,5.48530974482525e-21,2.5848529988062586e-16
0.11699999999999998,548,101324.99999999999,2.771e-08,0.066,0.29999999999999993,0.6339999999999998,0.22000000000000003,548.0,1e-11,1e-22,IdealGasReactor,off,0.6340436759409657,0.0,0.0,0.29933784337614994,0.0008451282426599872,0.00027884049316558176,1.989704154021111e-13,0.06549451194685985,0.0,0.0033030243616651352,5.891622090794753e-11,0.48332799538598625,6.158518641500956e-09,4.603911955973144e-09,8.567378581886226e-08,6.520052128467343e-06,0.5121949093257376,5.829872974972033e-05,6.712312638190027e-05,0.0009083820867955551,5.873612587083393e-06,3.9816287264374047e-13,1.6990054459627632e-09,0.00012777512443194676,0.0,0.0,0.0,0.0,0.0,0.0,0.0,0.0,0.0,0.0,0.0,0.0,-3.6141068460410093e-07,7.228213690284623e-07,2.4094045626124603e-07,1.7212704615937045e-16,-4.818809126824137e-07,0.0,8.289092761038369e-15,-8.71040986086299e-22,3.8457516077601836e-18,6.501568114810552e-21,7.646378173101383e-18,-1.3287829360051837e-20,1.5062958954590634e-20,8.284485527153849e-15,-1.6571784051707806e-23,-8.329952467611233e-18,9.187342390642326e-21,-2.364340684617976e-21,-1.6196811619012693e-21,2.778131933094142e-23,-8.288369920678091e-15,4.7435338377394e-07,3.6141068460410093e-07,7.109925695444279e-07,-7.228180935198372e-07,-6.141206380908556e-07,3.030202288516413e-10,1.3690118729164187e-07,1.1846087112051362e-07,1.0811615198875528e-07,1.1846087112051362e-07,2.4075840366735044e-07,2.4075840366735044e-07,-1.7212704615937045e-16,4.815168096347358e-07,-3.7080254619939395e-16,5.988494778761358e-19,-2.187964333271466e-15,4.8151679887809e-07,1.6358894089370582e-13,1.2259530091644859e-11,1.391416091999717e-10,-5.895349990344385e-11,-2.265132511072611e-19,4.811714481465004e-07,1.2259530091644859e-11,1.391416091999717e-10,-2.334463434620972e-07,3.4535901995947023e-10,-2.405950972412883e-07,-7.494112799148833e-09,-7.494112799163896e-09,-2.583556963814064e-16,7.531277067224203e-09,2.2210646428729307e-20,-3.275508625097439e-12,7.52752890847369e-09,4.054939398301818e-12,7.824812581995566e-13,2.185988379244193e-12,5.479722305530815e-21,2.583557241627257e-16
0.12599999999999997,548,101324.99999999997,2.771e-08,0.066,0.29999999999999993,0.6339999999999998,0.22000000000000003,548.0,1e-11,1e-22,IdealGasReactor,off,0.6340363341313578,0.0,0.0,0.2992996392094622,0.0009145945184816802,0.0003019959516513845,2.1551611725314315e-13,0.06544743618883134,0.0,0.003302382094181118,5.887304866969882e-11,0.483484325144169,6.1573687354592205e-09,4.954082883410751e-09,8.579716634599131e-08,6.530714513001872e-06,0.512040121362695,5.827658308420662e-05,6.706182438883016e-05,0.0009076198329274407,5.872096716536892e-06,3.978322993287126e-13,1.6993718054577725e-09,0.00012771168006426938,0.0,0.0,0.0,0.0,0.0,0.0,0.0,0.0,0.0,0.0,0.0,0.0,-3.6122408410038314e-07,7.224481679702183e-07,2.4081605594098446e-07,1.7207475720153535e-16,-4.816321119618433e-07,0.0,-1.056087381115729e-14,2.2045246418583786e-21,3.4440418348470733e-17,-1.1393135556382851e-20,5.878535708886932e-17,-8.634442106073524e-20,7.6606850889761e-20,-1.0594674895836767e-14,4.308062754056026e-21,-5.751535904848963e-17,7.021855480995636e-20,1.386509803003728e-21,-6.787806917932136e-22,1.083773728543694e-22,1.0559934180872231e-14,4.741129163048693e-07,3.6122408410038314e-07,7.105724737159635e-07,-7.224448958930742e-07,-6.138092978746591e-07,3.026855813181028e-10,1.3689346143208925e-07,1.1837090228644506e-07,1.0805491467531374e-07,1.1837090228644506e-07,2.406342124517712e-07,2.406342124517712e-07,-1.7207475720153535e-16,4.812684272017638e-07,-3.7035175249807313e-16,5.98214409790677e-19,-2.186472480772163e-15,4.812684353261432e-07,1.635045561668465e-13,1.2244590986557504e-11,1.389989099741016e-10,-5.885287942349671e-11,-2.262548088523818e-19,4.809233262706716e-07,1.2244590986557504e-11,1.389989099741016e-10,-2.3332440187588533e-07,3.450984955373376e-10,-2.404709574454374e-07,-7.491654065099125e-09,-7.491654065175732e-09,-2.5822601431369277e-16,7.522940049278684e-09,2.2187377261105302e-20,-3.272077144025157e-12,7.51919565697401e-09,4.050449614608749e-12,7.82032012320676e-13,2.1837296145631866e-12,5.474137891885754e-21,2.5822612269106563e-16
0.13499999999999998,548,101324.99999999999,2.771e-08,0.066,0.29999999999999993,0.6339999999999998,0.22000000000000003,548.0,1e-11,1e-22,IdealGasReactor,off,0.6340289962848215,0.0,0.0,0.2992614556651885,0.0009840232967622206,0.00032513891093885976,2.3205640824031143e-13,0.06540038584205674,0.0,0.0033017392983731137,5.882989326947107e-11,0.48364067536963723,6.156218256249691e-09,5.303926869175259e-09,8.59203186814852e-08,6.541364713466832e-06,0.5118853130723985,5.82544297420249e-05,6.700055648972353e-05,0.0009068579637734985,5.870580230375154e-06,3.9750189978643787e-13,1.6997382516265583e-09,0.00012764822521243565,0.0,0.0,0.0,0.0,0.0,0.0,0.0,0.0,0.0,0.0,0.0,0.0,-3.610374560909948e-07,7.220749119734741e-07,2.4069163726088734e-07,1.7202246161003778e-16,-4.813832746428224e-07,0.0,-1.192672020570808e-15,-2.0818312964404798e-21,2.0192418844522494e-17,2.8905064619806233e-21,3.6685738099412595e-17,-1.9926450084157415e-19,1.958101946035527e-19,-1.20735176990866e-15,1.1408532260700415e-20,-3.063741882271948e-17,3.692791779025858e-20,1.0169772041033199e-20,-4.371131553029975e-22,3.7512507087077893e-22,1.1869634155530081e-15,4.738724069554539e-07,3.610374560909948e-07,7.101523498272549e-07,-7.220716433257299e-07,-6.134979093418325e-07,3.0235116515044887e-10,1.3688569203522936e-07,1.1828094050596598e-07,1.0799367025422209e-07,1.1828094050596598e-07,2.405100027288765e-07,2.405100027288765e-07,-1.7202246161003778e-16,4.81020007754162e-07,-3.6990133990159735e-16,5.975797730485176e-19,-2.18498079311056e-15,4.810200064930825e-07,1.6342015886488312e-13,1.2229663480436459e-11,1.3885630029547368e-10,-5.875239558291168e-11,-2.2599656831967696e-19,4.806751673110339e-07,1.2229663480436459e-11,1.3885630029547368e-10,-2.3320244226648952e-07,3.4483799508518604e-10,-2.4034679926579866e-07,-7.489194994397805e-09,-7.489194994593615e-09,-2.5809612048774235e-16,7.51460831519023e-09,2.2164122208002886e-20,-3.2686477442239393e-12,7.510867687368482e-09,4.045962677687997e-12,7.815826673009442e-13,2.1814721390992273e-12,5.468556507703211e-21,2.580964956128132e-16
0.144,548,101324.99999999999,2.771e-08,0.066,0.29999999999999993,0.6339999999999998,0.22000000000000003,548.0,1e-11,1e-22,IdealGasReactor,off,0.634021662401644,0.0,0.0,0.29922329274482484,0.0010534145747821129,0.00034826937012154914,2.4859128821340167e-13,0.06535336090837902,0.0,0.003301095974396966,5.878675472062235e-11,0.4837970459724201,6.1550672040445975e-09,5.6534438420749565e-09,8.60432428372267e-08,6.552002728457067e-06,0.5117304845444289,5.823226973196224e-05,6.693932269756552e-05,0.0009060964794979698,5.8690631293247506e-06,3.97171674084723e-13,1.7001047844661621e-09,0.00012758475992628247,0.0,0.0,0.0,0.0,0.0,0.0,0.0,0.0,0.0,0.0,0.0,0.0,-3.6085080068393283e-07,7.217016011716877e-07,2.40567200319732e-07,1.7197015941505553e-16,-4.811344007733517e-07,0.0,-2.548170938215209e-16,-2.3879301728007886e-22,1.397303507831057e-17,-8.737091534285031e-21,2.4342668112904524e-17,6.1409888675936775e-21,-5.7836468429707695e-21,-2.686903718406357e-16,-3.307459565944386e-21,-2.400759805875275e-17,2.9265036552912023e-20,-1.779782485484408e-21,3.659084111862046e-21,2.9209025376025256e-22,2.5458677003284644e-16,4.7363185577079664e-07,3.6085080068393283e-07,7.097321981528429e-07,-7.21698335951261e-07,-6.131864726710126e-07,3.020169804059958e-10,1.3687787907440774e-07,1.181909858456676e-07,1.0793241876318057e-07,1.181909858456676e-07,2.4038577457079805e-07,2.4038577457079805e-07,-1.7197015941505553e-16,4.807715514361895e-07,-3.6945130841182147e-16,5.96945567746986e-19,-2.1834892713243366e-15,4.807715492383124e-07,1.6333574903682727e-13,1.2214747574955032e-11,1.387137801926827e-10,-5.865204827360122e-11,-2.257385295252546e-19,4.804269714648696e-07,1.2214747574955032e-11,1.387137801926827e-10,-2.3308046473128884e-07,3.4457751885610856e-10,-2.4022262280087627e-07,-7.486735588443156e-09,-7.486735588437373e-09,-2.5796655091659204e-16,7.506281867844945e-09,2.2140881276459146e-20,-3.265220426731659e-12,7.502545002554992e-09,4.04147858910049e-12,7.811332234899695e-13,2.1792159536896134e-12,5.462978155333532e-21,2.579668430068458e-16
0.153,548,101325.0,2.771e-08,0.066,0.29999999999999993,0.6339999999999998,0.22000000000000003,548.0,1e-11,1e-22,IdealGasReactor,off,0.6340143324821096,0.0,0.0,0.2991851504498513,0.0011227683498494867,0.0003713873283022003,2.651207570240928e-13,0.06530636138962236,0.0,0.0033004521226500287,5.874363304079849e-11,0.48395343689740117,6.153915579463262e-09,6.00263373182776e-09,8.616593882623303e-08,6.562628556158782e-06,0.5115756358331944,5.8210103067040376e-05,6.687812303016869e-05,0.0009053353803307689,5.8675454141184134e-06,3.9684162230171673e-13,1.7004714038554692e-09,0.0001275212842561938,0.0,0.0,0.0,0.0,0.0,0.0,0.0,0.0,0.0,0.0,0.0,0.0,-3.606641180398908e-07,7.21328235908368e-07,2.4044274521673414e-07,1.7191785063494436e-16,-4.808854906076473e-07,0.0,5.0903395858992145e-15,-1.0306965422939576e-22,1.4554407237404973e-19,-4.3269640546548625e-21,-4.996435597616304e-19,-4.563390003332543e-20,4.6252631131515095e-20,5.092049583292321e-15,1.2880103837019745e-21,2.4013149261381246e-18,2.8310353399855406e-21,6.395657098683441e-22,3.8755125853413347e-22,6.453085365973255e-23,-5.0921961259375566e-15,4.733912630011314e-07,3.606641180398908e-07,7.093120190702943e-07,-7.21324974113175e-07,-6.128749881298799e-07,3.0168302718558516e-10,1.3687002254284362e-07,1.1810103838927765e-07,1.0787116025556269e-07,1.1810103838927765e-07,2.4026152808462917e-07,2.4026152808462917e-07,-1.7191785063494436e-16,4.805230584620441e-07,-3.6900165802728565e-16,5.963117940419659e-19,-2.1819979164589347e-15,4.805230509052905e-07,1.63251326755446e-13,1.2199843273545734e-11,1.3857134971437633e-10,-5.855183739608215e-11,-2.254806924858678e-19,4.801787389303818e-07,1.2199843273545734e-11,1.3857134971437633e-10,-2.329584693686165e-07,3.443170671048261e-10,-2.4009842814962996e-07,-7.48427584811765e-09,-7.484275848163903e-09,-2.5783710045944994e-16,7.497960711235215e-09,2.2117654476715674e-20,-3.261795193058861e-12,7.494227606515836e-09,4.036997350990589e-12,7.806836813512069e-13,2.1769610594872877e-12,5.457402837933909e-21,2.578371649903036e-16
0.16199999999999998,548,101324.99999999997,2.771e-08,0.066,0.29999999999999993,0.6339999999999998,0.22000000000000003,548.0,1e-11,1e-22,IdealGasReactor,off,0.6340070065265003,0.0,0.0,0.299147028781732,0.0011920846193027351,0.0003944927845927815,2.8164481452566187e-13,0.06525938728759056,0.0,0.0032998077434534356,5.870052824624042e-11,0.4841098480782023,6.1527633829829265e-09,6.351496468483787e-09,8.628840666180147e-08,6.573242194913282e-06,0.5114207670044671,5.818792975894496e-05,6.681695750373852e-05,0.0009045746664801509,5.8660270854886806e-06,3.965117445119895e-13,1.700838109711135e-09,0.00012745779825241546,0.0,0.0,0.0,0.0,0.0,0.0,0.0,0.0,0.0,0.0,0.0,0.0,-3.6047740830276285e-07,7.209548164335334e-07,2.403182720510437e-07,1.7186553529187943e-16,-4.806365442887576e-07,0.0,1.7485547960865308e-16,-2.857179748730882e-23,-1.4948847997741143e-17,8.594101856300095e-23,-7.940933880509066e-21,-7.199780051661553e-21,7.128642518981993e-21,1.8977975677046552e-16,-1.9381103275284737e-21,-2.4860928981476446e-19,-2.8309792791119945e-20,3.756433956756437e-22,-8.637955801289854e-23,3.571735874368556e-24,-1.746964927548846e-16,4.731506287858865e-07,3.6047740830276285e-07,7.088918129242682e-07,-7.209515580614889e-07,-6.125634559577327e-07,3.013493055755919e-10,1.3686212242749024e-07,1.1801109821503408e-07,1.0780989477974972e-07,1.1801109821503408e-07,2.401372633663252e-07,2.401372633663252e-07,-1.7186553529187943e-16,4.802745290236262e-07,-3.6855238874690195e-16,5.956784520697057e-19,-2.1805067295573104e-15,4.802745263710051e-07,1.631668920859384e-13,1.2184950579052149e-11,1.3842900890258573e-10,-5.845176284799426e-11,-2.2522305721771027e-19,4.799304699056161e-07,1.2184950579052149e-11,1.3842900890258573e-10,-2.3283645627657287e-07,3.4405664008546867e-10,-2.399742154109582e-07,-7.481815774470807e-09,-7.481815774477936e-09,-2.5770745809640573e-16,7.489644848981522e-09,2.2094441817951875e-20,-3.2583720445594004e-12,7.485915502871074e-09,4.0325189653079414e-12,7.802340413119855e-13,2.174707457540702e-12,5.451830558394515e-21,2.577074616681416e-16
0.17099999999999999,548,101325.00000000003,2.771e-08,0.066,0.29999999999999993,0.6339999999999998,0.22000000000000003,548.0,1e-11,1e-22,IdealGasReactor,off,0.6339996845350944,0.0,0.0,0.2991089277419191,0.0012613633805008196,0.00041758573811444375,2.9816346057408215e-13,0.06521243860407329,0.0,0.00329916283704037,5.86574403515739e-11,0.4842662794355198,6.151610614917055e-09,6.700031982367283e-09,8.641064635741947e-08,6.583843643234573e-06,0.51126587813706,5.8165749817817106e-05,6.675582613263667e-05,0.0009038143381294042,5.864508144167102e-06,3.9618204078597867e-13,1.7012049019935985e-09,0.00012739430196502654,0.0,0.0,0.0,0.0,0.0,0.0,0.0,0.0,0.0,0.0,0.0,0.0,-3.6029067159711265e-07,7.205813430224081e-07,2.401937809216862e-07,1.71813213412419e-16,-4.803875620154798e-07,0.0,-3.7663060926694613e-16,-2.853434481794144e-23,2.4143074375740713e-19,-2.3739744948758093e-22,5.823351512373315e-21,-9.052664623780335e-21,8.991453258451411e-21,-3.7634151626030375e-16,-6.986970067623814e-23,5.37171685135795e-19,4.542619045786939e-22,1.1859702032479034e-22,1.2065741516034657e-22,3.4247121203732164e-24,3.760980120206525e-16,4.729099533206521e-07,3.6029067159711265e-07,7.084715800216194e-07,-7.205780880714257e-07,-6.122518763612133e-07,3.0101581564583417e-10,1.3685417870807502e-07,1.1792116539485005e-07,1.0774862237837188e-07,1.1792116539485005e-07,2.400129804990145e-07,2.400129804990145e-07,-1.71813213412419e-16,4.800259632871948e-07,-3.681035005700325e-16,5.950455419439488e-19,-2.179015711659254e-15,4.80025961202557e-07,1.630824450847881e-13,1.2170069493642537e-11,1.3828675779174852e-10,-5.835182452367949e-11,-2.249656237363182e-19,4.796821645884076e-07,1.2170069493642537e-11,1.3828675779174852e-10,-2.327144255529435e-07,3.4379623805145265e-10,-2.3984998468363464e-07,-7.479355368742674e-09,-7.479355368751665e-09,-2.575777297065778e-16,7.481334284292772e-09,2.2071243308131023e-20,-3.254950982407811e-12,7.477608694827726e-09,4.028043433779405e-12,7.797843037579928e-13,2.1724551487784063e-12,5.446261319299364e-21,2.5757773313128993e-16
0.18,548,101324.99999999999,2.771e-08,0.066,0.29999999999999993,0.6339999999999998,0.22000000000000003,548.0,1e-11,1e-22,IdealGasReactor,off,0.6339923665081674,0.0,0.0,0.2990708473318463,0.001330604630837174,0.0004406661879975815,3.1467669502645206e-13,0.06516551534083698,0.0,0.003298517403919058,5.861436937630486e-11,0.48442273092974686,6.1504572760881696e-09,7.04824020487235e-09,8.653265792793646e-08,6.594432899174978e-06,0.51111096926973,5.814356325861892e-05,6.669472893672169e-05,0.0009030543955366424,5.862988590892416e-06,3.9585251120595874e-13,1.7015717805281174e-09,0.00012733079544472074,0.0,0.0,0.0,0.0,0.0,0.0,0.0,0.0,0.0,0.0,0.0,0.0,-3.6010390810744543e-07,7.202078160476747e-07,2.400692719282215e-07,1.7176088500965807e-16,-4.801385440329454e-07,0.0,1.4189021362343005e-15,3.362929458771051e-21,-5.131527776611974e-19,-8.455206747927194e-21,-4.552060937663017e-18,-9.121486050744747e-20,9.899366698789614e-20,1.4190049680193307e-15,3.039078938081513e-22,4.200651518632412e-18,-5.626663068447907e-21,1.5054687148465104e-21,-1.4256476838330888e-21,-1.6738634838479745e-22,-1.418474370482168e-15,4.7266923684612105e-07,3.6010390810744543e-07,7.080513207862816e-07,-7.202045645156664e-07,-6.119402496482198e-07,3.006825575156003e-10,1.368461913869455e-07,1.1783124002012384e-07,1.0768734311188433e-07,1.1783124002012384e-07,2.398886796055783e-07,2.398886796055783e-07,-1.7176088500965807e-16,4.797773614985148e-07,-3.676549934924014e-16,5.944130638450692e-19,-2.1775248638135104e-15,4.797773576203923e-07,1.6299798583548952e-13,1.2155200021485557e-11,1.3814459643910316e-10,-5.825202232725158e-11,-2.247083920580388e-19,4.794338231776086e-07,1.2155200021485557e-11,1.3814459643910316e-10,-2.3259237729663405e-07,3.43535861258061e-10,-2.397257360669712e-07,-7.476894631587441e-09,-7.476894631686435e-09,-2.574481469005377e-16,7.473029021606463e-09,2.204805895885796e-20,-3.2515320083156838e-12,7.469307186824283e-09,4.023570758795181e-12,7.793344692044035e-13,2.1702041344879532e-12,5.4406951241502915e-21,2.574479795141893e-16
0.189,548,101325.00000000003,2.771e-08,0.066,0.29999999999999993,0.6339999999999998,0.22000000000000003,548.0,1e-11,1e-22,IdealGasReactor,off,0.6339850524459922,0.0,0.0,0.29903278755293294,0.0013998083677308718,0.00046373413338179865,3.31184517741996e-13,0.06511861749963069,0.0,0.0032978714443108173,5.85713153347678e-11,0.4845792024794898,6.149303366786097e-09,7.3961210672370645e-09,8.665444138777755e-08,6.605009961309177e-06,0.5109560404833969,5.8121370091281034e-05,6.663366592998616e-05,0.0009022948388803648,5.861468426398079e-06,3.9552315584133165e-13,1.7019387452817153e-09,0.00012726727874159518,0.0,0.0,0.0,0.0,0.0,0.0,0.0,0.0,0.0,0.0,0.0,0.0,-3.5991711795547024e-07,7.198342357115059e-07,2.399447451697682e-07,1.7170855011086244e-16,-4.798894904771998e-07,0.0,-4.247145166968744e-15,-1.2725815701284673e-21,1.818560304661154e-17,3.0430924863556275e-20,2.785923127254916e-17,-2.6813886736518945e-19,2.6223114343033573e-19,-4.2537220303883164e-15,1.6306788381813026e-20,-1.5740254831928933e-17,3.3025241290038966e-20,6.139593000309994e-21,-4.830225404301154e-21,-4.889202476817461e-22,4.235378552792173e-15,4.7242847949521653e-07,3.5991711795547024e-07,7.076310355194586e-07,-7.198309875963825e-07,-6.116285760205518e-07,3.0034953125141836e-10,1.3683816044286363e-07,1.1774132216178645e-07,1.0762605702206739e-07,1.1774132216178645e-07,2.397643607672497e-07,2.397643607672497e-07,-1.7170855011086244e-16,4.795287238200523e-07,-3.672068675124534e-16,5.937810178820648e-19,-2.176034187059165e-15,4.795287256165182e-07,1.6291351439323842e-13,1.2140342164608476e-11,1.380025248776339e-10,-5.815235615236638e-11,-2.2445136219778113e-19,4.791854458711812e-07,1.2140342164608476e-11,1.380025248776339e-10,-2.3247031160549119e-07,3.4327550995845225e-10,-2.3960146965980387e-07,-7.47443356427701e-09,-7.47443356453924e-09,-2.573186898259507e-16,7.464729064058393e-09,2.2024888777858826e-20,-3.248115123422543e-12,7.46101098198329e-09,4.019100942036868e-12,7.788845380309599e-13,2.167954415574527e-12,5.435131975471766e-21,2.5731820090570303e-16
0.19799999999999995,548,101324.99999999999,2.771e-08,0.066,0.29999999999999993,0.6339999999999998,0.22000000000000003,548.0,1e-11,1e-22,IdealGasReactor,off,0.6339777423488394,0.0,0.0,0.2989947484065839,0.0014689745886277894,0.00048678957341591713,3.476869285819363e-13,0.06507174508218533,0.0,0.0032972249587614744,5.85282782470526e-11,0.48473569405029715,6.148148887902012e-09,7.743674501977321e-09,8.677599675292336e-08,6.615574827664044e-06,0.5108010918116146,5.809917033142259e-05,6.657263713290995e-05,0.0009015356684274502,5.8599476514254525e-06,3.9519397477549087e-13,1.7023057960614506e-09,0.0001272037519064502,0.0,0.0,0.0,0.0,0.0,0.0,0.0,0.0,0.0,0.0,0.0,0.0,-3.5973030133360333e-07,7.194606024945998e-07,2.398202007459791e-07,1.716562087273787e-16,-4.79640401630809e-07,0.0,-1.3331636841983922e-14,-6.290401100114841e-22,-9.753632186364235e-20,-1.1184543201270354e-22,9.522767909506472e-19,2.1387581918171084e-20,-2.4817072737815936e-20,-1.3363473776372725e-14,4.878494562213424e-21,-3.289486917436431e-17,-7.880531116540655e-21,3.404055015808847e-21,6.213211702583474e-21,1.1098931714675083e-22,1.3363563448437992e-14,4.72187681545928e-07,3.5973030133360333e-07,7.07210724660464e-07,-7.194573577942703e-07,-6.113168557995559e-07,3.000167369782063e-10,1.3683008588130015e-07,1.176514119137549e-07,1.0756476417173878e-07,1.176514119137549e-07,2.396400241121825e-07,2.396400241121825e-07,-1.716562087273787e-16,4.792800505080988e-07,-3.6675912262437874e-16,5.931494042426369e-19,-2.1745436824456445e-15,4.792800614161763e-07,1.6282903084511192e-13,1.2125495927400227e-11,1.3786054316724825e-10,-5.805282590420818e-11,-2.241945341714465e-19,4.789370328682049e-07,1.2125495927400227e-11,1.3786054316724825e-10,-2.3234822857858996e-07,3.430151844079343e-10,-2.394771855615677e-07,-7.471972167389111e-09,-7.471972167364294e-09,-2.5718828645674295e-16,7.45643441621404e-09,2.2001732777156613e-20,-3.244700329501704e-12,7.452720084880982e-09,4.014633985968728e-12,7.784345107701314e-13,2.1657059933670465e-12,5.429571876871658e-21,2.571883974460601e-16
0.20699999999999996,548,101325.00000000003,2.771e-08,0.066,0.29999999999999993,0.6339999999999998,0.22000000000000003,548.0,1e-11,1e-22,IdealGasReactor,off,0.6339704362169751,0.0,0.0,0.29895672989418814,0.0015381032910016948,0.0005098325072579815,3.641839274093694e-13,0.06502489809021278,0.0,0.0032965779476136583,5.848525812956819e-11,0.48489220557807877,6.146993839948834e-09,8.090900441614392e-09,8.689732403919219e-08,6.6261274966417915e-06,0.5106461233178422,5.807696399109399e-05,6.651164256179093e-05,0.0009007768843879576,5.858426266712391e-06,3.9486496808257974e-13,1.7026729327750868e-09,0.00012714021498967144,0.0,0.0,0.0,0.0,0.0,0.0,0.0,0.0,0.0,0.0,0.0,0.0,-3.595434583897436e-07,7.190869167038106e-07,2.396956387562142e-07,1.7160386088060285e-16,-4.793912778187701e-07,0.0,2.6651044096543934e-14,3.0022635330906973e-21,-5.3813446164926234e-17,6.886962183581138e-21,-9.641077236414216e-17,-3.866176008623847e-19,3.9381738091404626e-19,2.6689461970698368e-14,-2.4581622521529e-20,8.054824227154117e-17,-9.642975888308016e-20,6.01846273935926e-21,1.4241659366646168e-21,1.3029022841172792e-22,-2.6635173692627327e-14,4.719468433196129e-07,3.595434583897436e-07,7.067903885615208e-07,-7.190836754161826e-07,-6.110050892312177e-07,2.9968417478327535e-10,1.368219676910121e-07,1.1756150935540918e-07,1.0750346461045517e-07,1.1756150935540918e-07,2.3951566973895374e-07,2.3951566973895374e-07,-1.7160386088060285e-16,4.790313417598386e-07,-3.663117588240792e-16,5.9251822306350755e-19,-2.173053351015212e-15,4.7903131261684e-07,1.6274453525809054e-13,1.2110661312721495e-11,1.3771865135055955e-10,-5.7953431480490665e-11,-2.2393790799377005e-19,4.786885843671534e-07,1.2110661312721495e-11,1.3771865135055955e-10,-2.3222612831427463e-07,3.4275488486027594e-10,-2.393528838713611e-07,-7.469510441939569e-09,-7.469510442333386e-09,-2.570584389529068e-16,7.448145081717608e-09,2.197859096601074e-20,-3.241287627918854e-12,7.444434499157184e-09,4.010169892550279e-12,7.779843878583423e-13,2.163458868921986e-12,5.42401483126199e-21,2.5705856924313524e-16
0.21599999999999997,548,101325.0,2.771e-08,0.066,0.29999999999999993,0.6339999999999998,0.22000000000000003,548.0,1e-11,1e-22,IdealGasReactor,off,0.6339631340506636,0.0,0.0,0.29891873201711927,0.0016071944723556131,0.0005328629340752697,3.806755140891145e-13,0.06497807652540526,0.0,0.003295930410749103,5.844225499048212e-11,0.4850487369314027,6.145838222584751e-09,8.437798817809377e-09,8.701842326122252e-08,6.636667967465711e-06,0.5104911351334863,5.805475107427377e-05,6.64506822236015e-05,0.0009000184868453817,5.856904272989686e-06,3.9453613581653407e-13,1.7030401555590338e-09,0.00012707666804075257,0.0,0.0,0.0,0.0,0.0,0.0,0.0,0.0,0.0,0.0,0.0,0.0,-3.593565891711572e-07,7.187131781869643e-07,2.395710592992271e-07,1.7155150661476728e-16,-4.791421188064888e-07,0.0,1.4474306668028627e-14,-1.9310750788273824e-21,-1.0358889495761625e-17,5.138268929992215e-21,-1.6297972696356806e-17,-1.3319593095573873e-19,1.3455912460522612e-19,1.449445257574674e-14,-4.4275708645501356e-21,2.605164718690012e-17,-1.5207889237404307e-20,-1.9201963944652846e-21,-9.851597554958421e-22,2.1752696214189774e-22,-1.448400172737167e-14,4.7170596458013213e-07,3.593565891711572e-07,7.063700273783222e-07,-7.187099403099451e-07,-6.106932763916301e-07,2.993518446700624e-10,1.368138058228019e-07,1.1747161453339962e-07,1.0744215835787004e-07,1.1747161453339962e-07,2.3939129767944845e-07,2.3939129767944845e-07,-1.7155150661476728e-16,4.787825976390235e-07,-3.6586477611252045e-16,5.918874743682192e-19,-2.1715631937963706e-15,4.787825806928936e-07,1.6266002765383926e-13,1.209583832003408e-11,1.3757684943160774e-10,-5.785417276239678e-11,-2.2368148367762825e-19,4.784401005653291e-07,1.209583832003408e-11,1.3757684943160774e-10,-2.3210401090928832e-07,3.4249461156622413e-10,-2.392285646876622e-07,-7.467048389938763e-09,-7.467048390073322e-09,-2.569284988048421e-16,7.439861062126417e-09,2.1955463347511076e-20,-3.237877019129632e-12,7.436154226356619e-09,4.005708662614535e-12,7.775341695150264e-13,2.1612130426876737e-12,5.4184608399997595e-21,2.5692871633180424e-16
0.22499999999999998,548,101324.99999999997,2.771e-08,0.066,0.29999999999999993,0.6339999999999998,0.22000000000000003,548.0,1e-11,1e-22,IdealGasReactor,off,0.6339558358501667,0.0,0.0,0.29888075477673615,0.0016762481302188255,0.0005558808530442824,3.971616884880561e-13,0.06493128038943714,0.0,0.003295282348934529,5.839926885369181e-11,0.4852052881074618,6.1446820371079205e-09,8.784369565157505e-09,8.713929443725627e-08,6.647196237838032e-06,0.5103361272601689,5.8032531600445124e-05,6.638975614306521e-05,0.0008992604761246219,5.8553816710056844e-06,3.942074780695446e-13,1.7034074641120104e-09,0.00012701311111099412,0.0,0.0,0.0,0.0,0.0,0.0,0.0,0.0,0.0,0.0,0.0,0.0,-3.591696939180253e-07,7.183393876437731e-07,2.3944646247511663e-07,1.7149914593048612e-16,-4.788929250956228e-07,0.0,-9.957392558492372e-16,2.278186737966721e-22,1.1868758189861337e-17,-7.821010577862279e-21,2.0889632424303962e-17,-3.499304863344328e-20,3.512870625390198e-20,-1.0011083859436454e-15,3.0766996010555327e-21,-1.4159483969125554e-17,1.9805926960851598e-20,-1.3172851254906966e-21,2.9036322304819686e-21,-1.7554828935901953e-23,9.891333761228486e-16,4.714650458236165e-07,3.591696939180253e-07,7.059496416433318e-07,-7.183361531752678e-07,-6.103814176827717e-07,2.990197468017084e-10,1.368056003003531e-07,1.1738172755708211e-07,1.073808454909948e-07,1.1738172755708211e-07,2.392669080934812e-07,2.392669080934812e-07,-1.7149914593048612e-16,4.785338184652788e-07,-3.6541817447963955e-16,5.9125715839554e-19,-2.170073211844535e-15,4.785338170165687e-07,1.6257550814094786e-13,1.2081026955262502e-11,1.374351374879897e-10,-5.775504966258681e-11,-2.23425261238813e-19,4.781915816626531e-07,1.2081026955262502e-11,1.374351374879897e-10,-2.31981876463619e-07,3.422343647822111e-10,-2.3910422811033457e-07,-7.46458601149765e-09,-7.464586011532778e-09,-2.567988564417979e-16,7.431582362954785e-09,2.193234993649894e-20,-3.23446850532308e-12,7.427879272006231e-09,4.0012502991370805e-12,7.770838563760082e-13,2.15896851627103e-12,5.41290990740416e-21,2.5679883888696895e-16
0.23399999999999999,548,101324.99999999997,2.771e-08,0.066,0.29999999999999993,0.6339999999999998,0.22000000000000003,548.0,1e-11,1e-22,IdealGasReactor,off,0.6339485416157413,0.0,0.0,0.29884279817438225,0.0017452642621478142,0.0005788862633507495,4.1364245047503663e-13,0.06488450968396427,0.0,0.0032946337626365593,5.835629973770121e-11,0.485361859059651,6.143525284259205e-09,9.130612617966103e-09,8.725993758503225e-08,6.657712306005839e-06,0.5101810997437034,5.8010305583827064e-05,6.632886433878454e-05,0.0008985028524674629,5.853858461503907e-06,3.938789949204263e-13,1.7037748582812135e-09,0.00012694954425109572,0.0,0.0,0.0,0.0,0.0,0.0,0.0,0.0,0.0,0.0,0.0,0.0,-3.589827728048813e-07,7.179655454716193e-07,2.3932184838356334e-07,1.7144677884322555e-16,-4.786436969919502e-07,0.0,-2.931607609414576e-15,-1.3454829892350176e-22,-2.001144047317656e-17,-1.332487374427065e-20,-3.3483847679672933e-17,1.860296110407257e-19,-1.852603330710514e-19,-2.911348212516421e-15,-2.5661570021063592e-21,3.321306997529114e-17,-3.959440477286359e-20,-5.80370597282518e-22,-9.904696943100454e-22,8.898017717160557e-25,2.9315543048619273e-15,4.712240873516911e-07,3.589827728048813e-07,7.055292317606887e-07,-7.179623144095311e-07,-6.100695133956921e-07,2.986878812862898e-10,1.367973511226488e-07,1.172918485144145e-07,1.0731952606731248e-07,1.172918485144145e-07,2.391425010973088e-07,2.391425010973088e-07,-1.7144677884322555e-16,4.782850044711322e-07,-3.6497195391834295e-16,5.906272753098075e-19,-2.1685834062053515e-15,4.7828500493452e-07,1.6249097679840976e-13,1.2066227222096363e-11,1.3729351557198083e-10,-5.765606208282244e-11,-2.2316924069168204e-19,4.779430278582031e-07,1.2066227222096363e-11,1.3729351557198083e-10,-2.318597250761886e-07,3.419741447625563e-10,-2.389798742388015e-07,-7.462123307374742e-09,-7.462123307189482e-09,-2.5666893614606785e-16,7.423308988367732e-09,2.1909250743769402e-20,-3.2310620880913915e-12,7.419609640259085e-09,3.996794804354058e-12,7.766334489355026e-13,2.1567252908798405e-12,5.407362036774198e-21,2.5666893703586963e-16
0.24299999999999997,548,101325.00000000003,2.771e-08,0.066,0.29999999999999993,0.6339999999999998,0.22000000000000003,548.0,1e-11,1e-22,IdealGasReactor,off,0.6339412513476433,0.0,0.0,0.29880486221138586,0.0018142428657277323,0.0006018791641896395,4.30117799920694e-13,0.06483776441062312,0.0,0.003293984652300973,5.831334766059896e-11,0.48551844973808767,6.14236796473917e-09,9.476527910984422e-09,8.738035272276121e-08,6.668216170275418e-06,0.5100260526332098,5.798807303826793e-05,6.626800682886771e-05,0.0008977456161092017,5.852334645228606e-06,3.935506864468456e-13,1.7041423379245254e-09,0.00012688596751173132,0.0,0.0,0.0,0.0,0.0,0.0,0.0,0.0,0.0,0.0,0.0,0.0,-3.5879582600154643e-07,7.17591651996866e-07,2.3919721712431795e-07,1.713944053695618e-16,-4.783944348245568e-07,0.0,-1.9597522523716396e-13,-6.4211970475013e-21,-1.324920275664385e-16,7.977324582842042e-20,-1.6659729880217277e-16,6.036697935962992e-19,-6.638074784901294e-19,-1.9573519344919826e-13,-9.539495098904072e-20,2.7116659978441363e-16,-2.4026969324919926e-19,-2.9652512104859513e-20,-9.172540955267214e-21,-3.1151471646950917e-21,1.9586905117965155e-13,4.7098308948939974e-07,3.5879582600154643e-07,7.051087981250993e-07,-7.17588424339097e-07,-6.097575638133095e-07,2.9835624822741356e-10,1.3678905828693267e-07,1.1720197749177612e-07,1.0725820014288313e-07,1.1720197749177612e-07,2.3901807680403087e-07,2.3901807680403087e-07,-1.713944053695618e-16,4.780361558827793e-07,-3.645261144212819e-16,5.899978252692257e-19,-2.167093777923754e-15,4.780363491718731e-07,1.624064337030731e-13,1.2051439124042572e-11,1.371519837338483e-10,-5.755720992397847e-11,-2.229134220502626e-19,4.776944393510606e-07,1.2051439124042572e-11,1.371519837338483e-10,-2.3173755684593986e-07,3.417139517613381e-10,-2.3885550317249646e-07,-7.45966027837809e-09,-7.459660277714283e-09,-2.56542126049441e-16,7.415040942412831e-09,2.1886165779792705e-20,-3.2276577689788198e-12,7.411345335157053e-09,3.992342180441599e-12,7.761829476776105e-13,2.1544833676902977e-12,5.401817231328163e-21,2.5653901090227633e-16
0.25199999999999995,548,101325.00000000003,2.771e-08,0.066,0.29999999999999993,0.6339999999999998,0.22000000000000003,548.0,1e-11,1e-22,IdealGasReactor,off,0.6339339650461254,0.0,0.0,0.29876694688905986,0.001883183938571646,0.0006248595547651575,4.4658773669754784e-13,0.06479104457103135,0.0,0.0032933350171259687,5.827041261821844e-11,0.4856750599111633,6.141210076938693e-09,9.822115375470423e-09,8.750053986407494e-08,6.678707831113767e-06,0.5098709861611702,5.7965833955796094e-05,6.620718360633723e-05,0.000896988766943983,5.850810222903194e-06,3.9322255267205624e-13,1.7045099035201874e-09,0.00012682238094118052,0.0,0.0,0.0,0.0,0.0,0.0,0.0,0.0,0.0,0.0,0.0,0.0,-3.5860885340598456e-07,7.172177066409008e-07,2.3907256879512977e-07,1.7134202558769572e-16,-4.781451377607092e-07,0.0,-5.130971842405787e-16,3.733885951001817e-23,1.168691627465867e-18,5.527833904476196e-23,-2.6395664218812134e-19,4.446922973085077e-21,-4.402255220007213e-21,-5.1425888165593185e-16,9.659878201292479e-23,2.840011719816033e-19,1.9385022083826386e-21,9.130006011054043e-23,-4.21534304704146e-23,-8.671839709239148e-24,5.130801978799048e-16,4.70742051405593e-07,3.5860885340598456e-07,7.046883406012119e-07,-7.172144823853537e-07,-6.094455687600675e-07,2.980248475034047e-10,1.3678072168784116e-07,1.171121144873012e-07,1.0719686769306737e-07,1.171121144873012e-07,2.3889363514669085e-07,2.3889363514669085e-07,-1.7134202558769572e-16,4.777872725662856e-07,-3.6408065599540197e-16,5.893688081279308e-19,-2.165604328007406e-15,4.777872706362984e-07,1.623218788094428e-13,1.2036662655481163e-11,1.370105419201084e-10,-5.7458493042558175e-11,-2.2265780532380685e-19,4.774458163371935e-07,1.2036662655481163e-11,1.370105419201084e-10,-2.3161537186713928e-07,3.4145378602476004e-10,-2.3873111500910506e-07,-7.457196927990493e-09,-7.457196927986091e-09,-2.564090690848282e-16,7.4067782234869665e-09,2.1863095038443943e-20,-3.22425554708191e-12,7.403086355116199e-09,3.9878924265494576e-12,7.757323525003409e-13,2.152242746242409e-12,5.3962754901024754e-21,2.564090604129885e-16
0.26099999999999995,548,101325.0,2.771e-08,0.066,0.29999999999999993,0.6339999999999998,0.22000000000000003,548.0,1e-11,1e-22,IdealGasReactor,off,0.6339266827114362,0.0,0.0,0.2987290522087018,0.0019520874783199346,0.0006478274342907461,4.630522606800695e-13,0.06474435016678799,0.0,0.0032926848587647903,5.822749465007347e-11,0.4858316897044149,6.140051623793361e-09,1.0167374950866798e-08,8.762049903287544e-08,6.689187284785711e-06,0.509715900199704,5.7943588371384556e-05,6.614639471341415e-05,0.0008962323055352513,5.849285195295414e-06,3.9289459372565005e-13,1.70487755432711e-09,0.0001267587845925168,0.0,0.0,0.0,0.0,0.0,0.0,0.0,0.0,0.0,0.0,0.0,0.0,-3.5842185545083224e-07,7.168437107023444e-07,2.3894790349769075e-07,1.7128963945471716e-16,-4.778958071304127e-07,0.0,-7.970739638162158e-15,-8.097986526085679e-22,1.2908977371805107e-17,9.544744857753663e-21,2.814288143076094e-17,1.8809425384965807e-19,-1.8118233265116497e-19,-7.978791382811886e-15,3.886920789618914e-21,-2.325975043558804e-17,2.1619605676095424e-20,-7.510231275310361e-21,4.378579192533952e-21,-1.5555098016716806e-22,7.965756215563144e-15,4.705009744208292e-07,3.5842185545083224e-07,7.042678600964152e-07,-7.16840489846918e-07,-6.091335289624652e-07,2.976936794345752e-10,1.367723414219953e-07,1.1702225967264345e-07,1.071355288519888e-07,1.1702225967264345e-07,2.3876917641254077e-07,2.3876917641254077e-07,-1.7128963945471716e-16,4.77538355096177e-07,-3.636355786179427e-16,5.887402243361453e-19,-2.1641150575367907e-15,4.775383606325789e-07,1.6223731231269884e-13,1.2021897828684263e-11,1.3686919028089815e-10,-5.73599113820764e-11,-2.2240239053008698e-19,4.771971590190084e-07,1.2021897828684263e-11,1.3686919028089815e-10,-2.3149317024325534e-07,3.41193647814312e-10,-2.386067098498834e-07,-7.454733254435427e-09,-7.454733254254244e-09,-2.5627924143332677e-16,7.398520841062243e-09,2.1840038546156743e-20,-3.2208554262994974e-12,7.394832709583594e-09,3.983445547761949e-12,7.752816644548121e-13,2.150003429285925e-12,5.39073682033794e-21,2.562790858823466e-16
0.26999999999999996,548,101325.00000000003,2.771e-08,0.066,0.29999999999999993,0.6339999999999998,0.22000000000000003,548.0,1e-11,1e-22,IdealGasReactor,off,0.633919404343823,0.0,0.0,0.29869117817159463,0.0020209534826402344,0.000670782801989089,4.795113717446919e-13,0.06469768119947364,0.0,0.003292034177205479,5.81845937659766e-11,0.48598833900086896,6.138892605154963e-09,1.0512306571918466e-08,8.774023024695349e-08,6.699654530440845e-06,0.5095607948656238,5.792133629087462e-05,6.608564015883241e-05,0.0008954762319911175,5.8477595631443904e-06,3.9256680966464927e-13,1.7052452904316179e-09,0.00012669517851558672,0.0,0.0,0.0,0.0,0.0,0.0,0.0,0.0,0.0,0.0,0.0,0.0,-3.582348322058164e-07,7.164696642318362e-07,2.388232213310849e-07,1.7123724700995268e-16,-4.776464428146081e-07,0.0,-1.1301379605206233e-14,-5.882330666484364e-22,6.354313468296693e-18,1.4052191691292454e-20,8.623536556877625e-18,2.244637310223896e-20,-2.1341259803868114e-20,-1.1311589593114288e-14,-5.20449480228399e-21,-1.2366599656020025e-17,9.817204480287727e-21,-6.78370820354738e-21,-8.508982458717726e-21,-1.2127935931030245e-22,1.1305165723831741e-14,4.702598584141113e-07,3.582348322058164e-07,7.038473568102415e-07,-7.16466446774429e-07,-6.088214445347362e-07,2.97362744040423e-10,1.367639174490339e-07,1.169324131016263e-07,1.0707418364601039e-07,1.169324131016263e-07,2.3864470064841317e-07,2.3864470064841317e-07,-1.7123724700995268e-16,4.772894035661313e-07,-3.6319088228537395e-16,5.881120739381702e-19,-2.1626259675425134e-15,4.772894124371874e-07,1.621527342446628e-13,1.2007144643740038e-11,1.367279288278295e-10,-5.7261464826794703e-11,-2.2214717768059103e-19,4.769484675946407e-07,1.2007144643740038e-11,1.367279288278295e-10,-2.3137095207157682e-07,3.4093353738091166e-10,-2.384822877937051e-07,-7.452269259508087e-09,-7.452269259486746e-09,-2.5614920864103344e-16,7.390268797069182e-09,2.181699630720934e-20,-3.2174574072625787e-12,7.386584400496882e-09,3.979001545123301e-12,7.748308838096294e-13,2.1477654173865134e-12,5.385201223693226e-21,2.5614908736167413e-16
0.27899999999999997,548,101325.00000000003,2.771e-08,0.066,0.29999999999999993,0.6339999999999998,0.22000000000000003,548.0,1e-11,1e-22,IdealGasReactor,off,0.6339121299435285,0.0,0.0,0.29865332477900536,0.0020897819492280696,0.000693725657092114,4.959650697697371e-13,0.06465103767064995,0.0,0.0032913829728013827,5.8141709982205656e-11,0.4861450077365158,6.137733021550547e-09,1.0856910174965874e-08,8.785973352603206e-08,6.710109566620076e-06,0.5094056702223003,5.789907772649377e-05,6.60249199585913e-05,0.0008947205465186087,5.846233327196974e-06,3.922392005616456e-13,1.7056131117389463e-09,0.00012663156276097057,0.0,0.0,0.0,0.0,0.0,0.0,0.0,0.0,0.0,0.0,0.0,0.0,-3.580477838201048e-07,7.160955675024545e-07,2.386985223950034e-07,1.7118484827476723e-16,-4.773970450103915e-07,0.0,-1.3882191851398948e-14,8.153593522218673e-22,-1.7910056673641103e-17,-8.844300744807536e-21,-3.3589303281606094e-17,-1.0222628882175337e-19,1.0062486715585071e-19,-1.3866525267318514e-14,2.3853674501913927e-21,3.115972481935987e-17,-3.51336790311001e-20,-2.0470652209156052e-21,3.224216409584107e-21,3.19245002272029e-22,1.3884599798563918e-14,4.700187035789694e-07,3.580477838201048e-07,7.034268310970836e-07,-7.160923534409631e-07,-6.085093157250805e-07,2.970320414057148e-10,1.3675544975864199e-07,1.1684257485382001e-07,1.0701283212507305e-07,1.1684257485382001e-07,2.385202079537502e-07,2.385202079537502e-07,-1.7118484827476723e-16,4.770404181749908e-07,-3.627465669893187e-16,5.874843570661427e-19,-2.1611370590658313e-15,4.770404296028374e-07,1.6206814467290294e-13,1.19924031033753e-11,1.3658675760260663e-10,-5.7163153273812186e-11,-2.2189216678783145e-19,4.7669974226325995e-07,1.19924031033753e-11,1.3658675760260663e-10,-2.312487174507801e-07,3.4067345497768764e-10,-2.3835784894002414e-07,-7.449804944223328e-09,-7.449804944323953e-09,-2.5601874571482157e-16,7.3820220950757756e-09,2.1793968330690038e-20,-3.214061491311589e-12,7.378341431422109e-09,3.974560420553813e-12,7.743800110047764e-13,2.145528711584087e-12,5.379668703038602e-21,2.5601906495982384e-16
0.288,548,101325.00000000004,2.771e-08,0.066,0.29999999999999993,0.6339999999999998,0.22000000000000003,548.0,1e-11,1e-22,IdealGasReactor,off,0.633904859510794,0.0,0.0,0.2986154920321859,0.0021585728758076353,0.0007166559988409988,5.124133546353304e-13,0.06460441958185924,0.0,0.003290731245741237,5.809884331207723e-11,0.4863016958231158,6.136572873201438e-09,1.1201185696232118e-08,8.79790088896137e-08,6.7205523921661885e-06,0.5092505263575521,5.787681268759334e-05,6.59642341253317e-05,0.0008939652492792686,5.844706488198777e-06,3.919117664819481e-13,1.7059810182370187e-09,0.00012656793737897195,0.0,0.0,0.0,0.0,0.0,0.0,0.0,0.0,0.0,0.0,0.0,0.0,-3.578607104069274e-07,7.157214206642807e-07,2.385738067890056e-07,1.7113244327874173e-16,-4.771476137807493e-07,0.0,1.491797351780356e-14,6.597020471290009e-22,-1.2492174035290299e-17,-1.391196332239342e-20,-2.1664138175449613e-17,-1.979939514206927e-19,1.9413101796007007e-19,1.492782525709704e-14,-2.9765150233989332e-21,1.9017267198652137e-17,-1.932834486378873e-20,6.5405688022450744e-21,1.7273378465195936e-21,1.205486553017742e-22,-1.4915215133710924e-14,4.6977750997557674e-07,3.578607104069274e-07,7.030062832411619e-07,-7.157182099966013e-07,-6.08197142721027e-07,2.967015715850929e-10,1.367469383269569e-07,1.167527449971238e-07,1.0695147432845016e-07,1.167527449971238e-07,2.383956984041889e-07,2.383956984041889e-07,-1.7113244327874173e-16,4.7679139907406744e-07,-3.623026327228826e-16,5.868570738115515e-19,-2.1596483331434452e-15,4.7679138170941826e-07,1.6198354364881256e-13,1.197767320909592e-11,1.364456766330976e-10,-5.706497661431096e-11,-2.2163735786350627e-19,4.7645098322377666e-07,1.197767320909592e-11,1.364456766330976e-10,-2.3112646647905155e-07,3.404134008567388e-10,-2.3823339338814502e-07,-7.447340309954093e-09,-7.447340310148224e-09,-2.5588889821098545e-16,7.373780737899733e-09,2.177095462347145e-20,-3.2106676794601615e-12,7.370103805172559e-09,3.970122175568749e-12,7.739290464028889e-13,2.14329331270024e-12,5.374139260687336e-21,2.5588901875964075e-16
0.297,548,101325.00000000003,2.771e-08,0.066,0.29999999999999993,0.6339999999999998,0.22000000000000003,548.0,1e-11,1e-22,IdealGasReactor,off,0.6338975930458566,0.0,0.0,0.298577679932373,0.002227326260129958,0.0007395738264861669,5.288562262236117e-13,0.06455782693462553,0.0,0.0032900789964366815,5.805599377282511e-11,0.4864584032047952,6.135412160741335e-09,1.1545133073196707e-08,8.809805635860683e-08,6.73098300555863e-06,0.5090953633265392,5.785454118741832e-05,6.59035826760923e-05,0.0008932103404945429,5.843179046899747e-06,3.9158450750018667e-13,1.7063490098028495e-09,0.00012650430242031987,0.0,0.0,0.0,0.0,0.0,0.0,0.0,0.0,0.0,0.0,0.0,0.0,-3.576736121278918e-07,7.153472240695399e-07,2.3844907461295433e-07,1.7108003204048175e-16,-4.768981493901221e-07,0.0,-6.609038809798049e-16,3.1708764451367493e-22,7.099687973708621e-18,-2.247189332768709e-20,1.523166409488205e-17,1.9193237189190412e-19,-1.9568777187289486e-19,-6.524123905728316e-16,-7.136688445831365e-21,2.8166415814556153e-19,1.3152474662180745e-20,-1.6511559002324124e-21,1.6126145670143287e-21,-2.2418764973474062e-23,6.45265642724602e-16,4.6953627786457553e-07,3.576736121278918e-07,7.025857136210608e-07,-7.153440167935667e-07,-6.078849257918054e-07,2.963713346727262e-10,1.367383831484802e-07,1.1666292361509147e-07,1.068901103097814e-07,1.1666292361509147e-07,2.3827117210742698e-07,2.3827117210742698e-07,-1.7108003204048175e-16,4.7654234647874206e-07,-3.618590794759238e-16,5.862302243189656e-19,-2.158159790817928e-15,4.7654234469618473e-07,1.6189893124556952e-13,1.1962954964001885e-11,1.3630468596540605e-10,-5.696693474721814e-11,-2.2138275091976076e-19,4.7620219067564773e-07,1.1962954964001885e-11,1.3630468596540605e-10,-2.3100419925535865e-07,3.4015337527135055e-10,-2.3810892123767925e-07,-7.444875357595702e-09,-7.444875357400015e-09,-2.557589712978105e-16,7.365544729340182e-09,2.1747955195338338e-20,-3.2072759731514793e-12,7.361871525546553e-09,3.965686812213279e-12,7.734779904709819e-13,2.1410592218436203e-12,5.368612899686065e-21,2.5575894887904555e-16
0.30599999999999994,548,101324.99999999997,2.771e-08,0.066,0.29999999999999993,0.6339999999999998,0.22000000000000003,548.0,1e-11,1e-22,IdealGasReactor,off,0.6338903305489516,0.0,0.0,0.298539888480788,0.0022960420999744427,0.0007624791392872961,5.452936844185602e-13,0.0645112597304537,0.0,0.0032894262253383415,5.8013161382330296e-11,0.48661512983124383,6.134250884875606e-09,1.1888752243998013e-08,8.821687595459165e-08,6.741401405229804e-06,0.5089401811788079,5.783226323989606e-05,6.584296562862589e-05,0.00089245582039566,5.841651004051114e-06,3.9125742369240054e-13,1.706717086294166e-09,0.00012644065793583314,0.0,0.0,0.0,0.0,0.0,0.0,0.0,0.0,0.0,0.0,0.0,0.0,-3.5748648915292516e-07,7.14972978106537e-07,2.3832432596676343e-07,1.7102761457670545e-16,-4.766486520645107e-07,0.0,3.580241587841776e-15,-4.93725274149339e-22,1.4461853766325086e-17,7.432836343216618e-21,2.8425578676907065e-17,-4.2176946817343818e-19,4.2594011282193054e-19,3.5680578262238e-15,2.3008007533581332e-21,-2.547716955597178e-17,2.93965497884755e-20,3.371329682824718e-21,-2.1483035325918624e-21,7.308822296602796e-22,-3.582666348176479e-15,4.6929500746801037e-07,3.5748648915292516e-07,7.021651226316203e-07,-7.149697742201631e-07,-6.075726652207292e-07,2.9604133076919124e-10,1.3672978422095004e-07,1.1657311079395374e-07,1.0682874012518577e-07,1.1657311079395374e-07,2.381466291766873e-07,2.381466291766873e-07,-1.7102761457670545e-16,4.762932606154654e-07,-3.614159072372805e-16,5.856038087414232e-19,-2.1566714331325924e-15,4.762932546142906e-07,1.6181430754010565e-13,1.194824837144777e-11,1.3616378564861238e-10,-5.68690275726923e-11,-2.211283459685541e-19,4.7595336481848206e-07,1.194824837144777e-11,1.3616378564861238e-10,-2.3088191587880274e-07,3.398933784749079e-10,-2.379844325882927e-07,-7.442410087960704e-09,-7.442410088386644e-09,-2.5562812455979443e-16,7.3573140733559435e-09,2.17249700565479e-20,-3.203886373898414e-12,7.353644596500373e-09,3.961254332617841e-12,7.730268436941428e-13,2.1388264401694427e-12,5.363089623200873e-21,2.556288554420241e-16
0.31499999999999995,548,101324.99999999999,2.771e-08,0.066,0.29999999999999993,0.6339999999999998,0.22000000000000003,548.0,1e-11,1e-22,IdealGasReactor,off,0.63388307202031,0.0,0.0,0.2985021176786372,0.0023647203931472277,0.0007853719365133146,5.617257291061842e-13,0.06446471797083046,0.0,0.0032887729327947066,5.7970346156622675e-11,0.4867718756369947,6.133089046119352e-09,1.2232043146870959e-08,8.833546769908389e-08,6.751807589786317e-06,0.5087849799773136,5.780997885716279e-05,6.578238299857047e-05,0.0008917016891853248,5.840122360393173e-06,3.909305151295208e-13,1.707085247613922e-09,0.00012637700585910514,0.0,0.0,0.0,0.0,0.0,0.0,0.0,0.0,0.0,0.0,0.0,0.0,-3.572993416309484e-07,7.145986830626989e-07,2.3819956095034526e-07,1.7097519090895997e-16,-4.763991220347834e-07,0.0,2.2560155118505645e-08,2.2539785040995894e-21,7.34975553165992e-15,-2.434985605561917e-20,2.833865192069509e-17,4.8182675111172824e-18,2.2738781448776454e-19,2.256015510961596e-08,-2.9503504887913462e-21,-2.5908005581202763e-17,2.172371936166165e-20,7.328762651209891e-15,5.321520917591939e-21,-1.8039082167738453e-22,-2.2560162459468116e-08,4.6905369901323844e-07,3.572993416309484e-07,7.017445106265161e-07,-7.145954825638159e-07,-6.072603612556102e-07,2.9571155995722543e-10,1.3672114153418824e-07,1.1648330661308526e-07,1.0676736382453318e-07,1.1648330661308526e-07,2.3802206971125383e-07,2.3802206971125383e-07,-1.7097519090895997e-16,4.760441416827905e-07,-3.6097311599644887e-16,5.849778272078312e-19,-2.1551832611280114e-15,4.534839841419114e-07,1.617296725998818e-13,1.1933553434063757e-11,1.3602297572362745e-10,-5.677125498738803e-11,-2.2087414302127073e-19,4.757045131855984e-07,1.1933553434063757e-11,1.3602297572362745e-10,-2.307596164482709e-07,3.396334157811126e-10,-2.378599275396098e-07,-7.439944502074348e-09,-7.4399445023017356e-09,-2.5549891894811365e-16,7.3490887734559565e-09,2.1701999216048645e-20,-3.2004988830207957e-12,7.345423021544948e-09,3.956824738672894e-12,7.725756065122175e-13,2.136594968703976e-12,5.357569434068193e-21,2.5549873855729197e-16
0.32399999999999995,548,101325.0,2.771e-08,0.066,0.29999999999999993,0.6339999999999998,0.22000000000000003,548.0,1e-11,1e-22,IdealGasReactor,off,0.6338758174601613,0.0,0.0,0.29846436752711175,0.002433361137482975,0.0008082522174424096,5.781523601743194e-13,0.06441820165722323,0.0,0.0032881191191378055,5.7927548111386416e-11,0.4869286405540656,6.131926644955657e-09,1.2575005720519486e-08,8.845383161450816e-08,6.7622015579707504e-06,0.5086297597950812,5.778768805105928e-05,6.572183480116052e-05,0.0008909479470607302,5.8385931167110625e-06,3.906037818833154e-13,1.707453493698707e-09,0.00012631334059195172,0.0,0.0,0.0,0.0,0.0,0.0,0.0,0.0,0.0,0.0,0.0,0.0,-3.5711216970178425e-07,7.14224339332805e-07,2.380747796634715e-07,1.7092276106088736e-16,-4.761495596552078e-07,0.0,-1.7788433358347118e-13,3.9767911967474214e-21,9.475511051115177e-18,1.5017625987576117e-19,-1.0030098293264435e-16,-1.814371042798313e-18,1.874933071346383e-18,-1.7782899352793218e-13,7.842279102309549e-20,1.6677714593445272e-16,-6.428667582796702e-22,-1.5040087410653543e-19,-2.738129809778679e-20,-4.598824244393852e-22,1.7781953764088392e-13,4.68812352851216e-07,3.5711216970178425e-07,7.013238779415678e-07,-7.142211422193033e-07,-6.069480141286727e-07,2.953820223115165e-10,1.3671245507461166e-07,1.163935111488476e-07,1.0670598145495685e-07,1.163935111488476e-07,2.378974938043236e-07,2.378974938043236e-07,-1.7092276106088736e-16,4.757949898671629e-07,-3.6053070574282967e-16,5.843522798360084e-19,-2.15369527584298e-15,4.757951652667458e-07,1.6164502648822293e-13,1.19188701541493e-11,1.3588225622766633e-10,-5.667361688635564e-11,-2.2062014208879267e-19,4.754556139749486e-07,1.19188701541493e-11,1.3588225622766633e-10,-2.3063730106242337e-07,3.3937347225957225e-10,-2.3773540619127248e-07,-7.437478601048124e-09,-7.437478602923057e-09,-2.553690582093877e-16,7.3408688329582874e-09,2.1679042682197285e-20,-3.1971135017512434e-12,7.3372068039918235e-09,3.952398032160937e-12,7.721242793454166e-13,2.134364808415349e-12,5.35205233497667e-21,2.553685983269633e-16
0.33299999999999996,548,101324.99999999999,2.771e-08,0.066,0.29999999999999993,0.6339999999999998,0.22000000000000003,548.0,1e-11,1e-22,IdealGasReactor,off,0.6338685668687317,0.0,0.0,0.2984266380273868,0.0025019643308448803,0.0008311199813620294,5.945735775126275e-13,0.06437171079108012,0.0,0.003287464784764776,5.7884767263454314e-11,0.48708542452379094,6.130763681991088e-09,1.291763990416902e-08,8.857196772329809e-08,6.7725833083011475e-06,0.508474520684436,5.776539083459963e-05,6.566132105291388e-05,0.0008901945942368986,5.837063273723844e-06,3.902772240255202e-13,1.7078218244150315e-09,0.00012624966783399656,0.0,0.0,0.0,0.0,0.0,0.0,0.0,0.0,0.0,0.0,0.0,0.0,-3.569249735273386e-07,7.138499468837549e-07,2.3794998220621332e-07,1.7087032505110507e-16,-4.7589996458898864e-07,0.0,-2.288586441872798e-16,4.3328544415803353e-23,-5.828828334440403e-18,8.654873142169905e-23,2.117582368135751e-22,1.1170246991916086e-20,-1.1095800736786313e-20,-2.2310405123614433e-16,-6.63090072176563e-22,-1.7753341197920125e-19,-1.0935549437285153e-20,-1.0132962503774589e-22,1.175556908470444e-22,5.022315049867653e-24,2.28984425167827e-16,4.6857096864139514e-07,3.569249735273386e-07,7.009032249562032e-07,-7.138467531535234e-07,-6.066356241102862e-07,2.9505271792491967e-10,1.3670372483718072e-07,1.1630372448489486e-07,1.0664459307029436e-07,1.1630372448489486e-07,2.3777290156398856e-07,2.3777290156398856e-07,-1.7087032505110507e-16,4.75545805384666e-07,-3.600886764642587e-16,5.837271667683189e-19,-2.152207478320146e-15,4.7554580318021067e-07,1.615603692785745e-13,1.1904198534737989e-11,1.3574162720637965e-10,-5.657611316822556e-11,-2.2036634318224824e-19,4.752066893878803e-07,1.1904198534737989e-11,1.3574162720637965e-10,-2.3051496982043073e-07,3.391135633459434e-10,-2.3761086864286745e-07,-7.435012385782594e-09,-7.435012385771498e-09,-2.5523842984705335e-16,7.332654255622254e-09,2.1656100464687772e-20,-3.1937302315193417e-12,7.328995947593522e-09,3.947974215104993e-12,7.716728626622065e-13,2.1321359604029198e-12,5.346538328948849e-21,2.552384348693684e-16
0.34199999999999997,548,101325.00000000003,2.771e-08,0.066,0.29999999999999993,0.6339999999999998,0.22000000000000003,548.0,1e-11,1e-22,IdealGasReactor,off,0.6338613202462433,0.0,0.0,0.2983889291806233,0.002570529971121305,0.0008539752275688752,6.109893810129838e-13,0.06432524537383204,0.0,0.0032868099299182586,5.784200362685273e-11,0.48724222746467577,6.129600157539982e-09,1.3259945637190772e-08,8.868987604815485e-08,6.782952839663386e-06,0.5083192627282672,5.774308721803987e-05,6.560084176714485e-05,0.0008894416308848958,5.835532832198148e-06,3.899508416225532e-13,1.708190239731924e-09,0.00012618598575281936,0.0,0.0,0.0,0.0,0.0,0.0,0.0,0.0,0.0,0.0,0.0,0.0,-3.5673775323045406e-07,7.134755062717452e-07,2.3782516867840486e-07,1.70817882907215e-16,-4.75650337266782e-07,0.0,2.6658772804334275e-13,-6.018723374126505e-20,6.366452367131557e-19,1.814631390608685e-19,1.8438636712305237e-17,-7.052263969941296e-18,7.103785741574774e-18,2.6633809200852285e-13,1.656247425104359e-19,-2.6014151205974585e-16,6.6348972804380966e-21,-5.413824730855968e-20,-5.575306688320742e-20,1.362212233009319e-20,-2.6633897502465393e-13,4.683295468114936e-07,3.5673775323045406e-07,7.004825519729032e-07,-7.134723159226718e-07,-6.063231914036929e-07,2.947236468571398e-10,1.3669495080192474e-07,1.1621394669195317e-07,1.0658319871257532e-07,1.1621394669195317e-07,2.3764829307207222e-07,2.3764829307207222e-07,-1.70817882907215e-16,4.752965883990905e-07,-3.5964702815005903e-16,5.831024881019964e-19,-2.150719869595414e-15,4.7529631963527663e-07,1.6147570102653362e-13,1.1889538577511272e-11,1.356010886901007e-10,-5.6478743725066316e-11,-2.2011274631163377e-19,4.749577322900204e-07,1.1889538577511272e-11,1.356010886901007e-10,-2.3039262282084478e-07,3.3885368423123705e-10,-2.3748631499422513e-07,-7.4325458575600746e-09,-7.43254586466386e-09,-2.5509462615192223e-16,7.324445044438571e-09,2.1633172570780972e-20,-3.1903490733961965e-12,7.320790455288364e-09,3.9435532890861434e-12,7.71221356846131e-13,2.129908425526333e-12,5.3410274183967595e-21,2.551082482742523e-16
0.351,548,101325.00000000003,2.771e-08,0.066,0.29999999999999993,0.6339999999999998,0.22000000000000003,548.0,1e-11,1e-22,IdealGasReactor,off,0.6338540775929169,0.0,0.0,0.298351240987966,0.0026390580562318925,0.0008768179553689218,6.273997705687802e-13,0.0642788054068889,0.0,0.0032861545549650395,5.7799257217716575e-11,0.487399049313221,6.1284360721482e-09,1.3601922859742544e-08,8.880755661268192e-08,6.793310150736389e-06,0.5081639859894251,5.7720777213838206e-05,6.554039695956079e-05,0.0008886890572094884,5.834001792886547e-06,3.8962463474551235e-13,1.7085587395532403e-09,0.0001261222943991383,0.0,0.0,0.0,0.0,0.0,0.0,0.0,0.0,0.0,0.0,0.0,0.0,-3.56550508962148e-07,7.131010176998382e-07,2.3770033918002224e-07,1.70765434650405e-16,-4.754006784585151e-07,0.0,-1.5415642743026813e-14,9.826898643456506e-23,2.810772678343306e-17,5.705778057719824e-21,5.394244621294286e-17,7.030373462210693e-20,-4.9899670452261394e-20,-1.5434191717361027e-14,2.8073631514545705e-21,-4.4025747351593594e-17,5.358927887839863e-20,-2.965235700849466e-21,-3.35104449314361e-21,-7.414778013995126e-23,1.5405831936765945e-14,4.6808808812793395e-07,3.56550508962148e-07,7.000618593488609e-07,-7.130978307298095e-07,-6.060107162602151e-07,2.9439480919067323e-10,1.3668613295971119e-07,1.1612417784999167e-07,1.0652179843230236e-07,1.1612417784999167e-07,2.3752366842928735e-07,2.3752366842928735e-07,-1.70765434650405e-16,4.750473391116703e-07,-3.592057607872396e-16,5.8247824396515775e-19,-2.1492324507090723e-15,4.7504735212200444e-07,1.6139102180053175e-13,1.1874890285084629e-11,1.3546064071985206e-10,-5.638150845349296e-11,-2.1985935148724775e-19,4.7470874288100493e-07,1.1874890285084629e-11,1.3546064071985206e-10,-2.3027026016262884e-07,3.385938351675698e-10,-2.3736174534487508e-07,-7.430079017393405e-09,-7.4300790173435056e-09,-2.5497811279956046e-16,7.316241202737268e-09,2.1610259009407093e-20,-3.1869700286988957e-12,7.312590330581157e-09,3.9391352559892624e-12,7.707697623420453e-13,2.127682204812577e-12,5.335519606159847e-21,2.549780386517803e-16
0.36,548,101324.99999999999,2.771e-08,0.066,0.29999999999999993,0.6339999999999998,0.22000000000000003,548.0,1e-11,1e-22,IdealGasReactor,off,0.6338468389089692,0.0,0.0,0.2983135734505447,0.002707548584121453,0.0008996481640774025,6.438047460756256e-13,0.0642323908916434,0.0,0.003285498660379213,5.775652805415223e-11,0.48755589002154004,6.127271426561349e-09,1.3943571512981466e-08,8.892500944154965e-08,6.803655240030276e-06,0.5080086905150067,5.769846083632268e-05,6.547998664802993e-05,0.0008879368734436665,5.8324701565490385e-06,3.892986034699988e-13,1.7089273237244401e-09,0.00012605859382397734,0.0,0.0,0.0,0.0,0.0,0.0,0.0,0.0,0.0,0.0,0.0,0.0,-3.5636324089658294e-07,7.127264815597102e-07,2.3757549381128593e-07,1.7071298029656962e-16,-4.751509876669276e-07,0.0,-2.4345492367250492e-14,4.596215318838422e-21,4.447699207497489e-17,-5.793455478589599e-20,6.316102341526663e-17,3.222960364302613e-19,-2.949899772292733e-19,-2.4408819725106415e-14,1.0522940095321499e-20,-8.16725077406534e-17,7.790226258104592e-20,1.0065030295968672e-20,1.1846614780856219e-20,2.422826635507481e-22,2.436396976833464e-14,4.678465920894895e-07,3.5636324089658294e-07,6.9964114748744e-07,-7.127232979666112e-07,-6.056981989705766e-07,2.94066205027072e-10,1.3667727131027738e-07,1.1603441804643314e-07,1.064603922868747e-07,1.1603441804643314e-07,2.373990277516975e-07,2.373990277516975e-07,-1.7071298029656962e-16,4.7479805775467786e-07,-3.587648743614358e-16,5.81854434511208e-19,-2.1477452227035177e-15,4.747980797414897e-07,1.6130633167943109e-13,1.1860253660818708e-11,1.353202833452739e-10,-5.6284407253725345e-11,-2.196061587193871e-19,4.744597213611118e-07,1.1860253660818708e-11,1.353202833452739e-10,-2.301478819452288e-07,3.383340164080992e-10,-2.3723715979490515e-07,-7.42761186605713e-09,-7.42761186576214e-09,-2.548475638465649e-16,7.308042734663143e-09,2.1587359790915116e-20,-3.1835930989538475e-12,7.304395577438121e-09,3.934720117953194e-12,7.703180796447537e-13,2.1254572994235712e-12,5.3300148954214094e-21,2.5484780612922844e-16
0.369,548,101324.99999999999,2.771e-08,0.066,0.29999999999999993,0.6339999999999998,0.22000000000000003,548.0,1e-11,1e-22,IdealGasReactor,off,0.6338396041946146,0.0,0.0,0.29827592656947416,0.0027760015527634532,0.0009224658530188208,6.602043074309486e-13,0.0641860018294689,0.0,0.003284842246681976,5.771381615496683e-11,0.4877127495485191,6.126106221609671e-09,1.4284891538802285e-08,8.904223456016208e-08,6.8139881060017315e-06,0.5078533763452755,5.767613810063645e-05,6.541961085121133e-05,0.0008871850798321485,5.830937923943819e-06,3.8897274787316343e-13,1.7092959920705485e-09,0.0001259948840783544,0.0,0.0,0.0,0.0,0.0,0.0,0.0,0.0,0.0,0.0,0.0,0.0,-3.5617594921795854e-07,7.123518982582436e-07,2.3745063267240185e-07,1.7066051985930466e-16,-4.7490126550376483e-07,0.0,-3.25250223645105e-15,9.009233301399697e-22,5.233576764376837e-18,-6.093664230820148e-21,7.061925439495916e-18,-4.470745774726604e-20,5.018339340236708e-20,-3.2572401648723536e-15,-1.773589738051806e-21,-6.439918458895709e-18,9.58679752118763e-21,-2.0517698106495006e-21,2.440418477304018e-21,-1.9918004857138178e-23,3.251961591564577e-15,4.676050593037471e-07,3.5617594921795854e-07,6.992204168107158e-07,-7.123487180399578e-07,-6.053856398420732e-07,2.937378344752078e-10,1.3666836585724818e-07,1.1594466737189447e-07,1.0639898033662932e-07,1.1594466737189447e-07,2.3727437116197645e-07,2.3727437116197645e-07,-1.7066051985930466e-16,4.7454874457344826e-07,-3.5832436885669336e-16,5.812310599033772e-19,-2.1462581866216494e-15,4.7454874541053016e-07,1.612216307465852e-13,1.1845628708379664e-11,1.351800166195427e-10,-5.6187440027452875e-11,-2.193531680181317e-19,4.7421066793036293e-07,1.1845628708379664e-11,1.351800166195427e-10,-2.3002548826817012e-07,3.3807422820563755e-10,-2.3711255844420168e-07,-7.425144404231729e-09,-7.425144404281912e-09,-2.5471757075894096e-16,7.299849644329467e-09,2.156447492618771e-20,-3.180218285766171e-12,7.296206200017759e-09,3.930307877215702e-12,7.698663092707215e-13,2.1232337105773364e-12,5.324513289509759e-21,2.547175508409361e-16
0.37799999999999995,548,101324.99999999999,2.771e-08,0.066,0.29999999999999993,0.6339999999999998,0.22000000000000003,548.0,1e-11,1e-22,IdealGasReactor,off,0.633832373450064,0.0,0.0,0.2982383003458533,0.002844416960159439,0.0009452710215269504,6.765984545340637e-13,0.06413963822171967,0.0,0.003284185313914448,5.7671121530469796e-11,0.4878696277823312,6.124940457233426e-09,1.462588287739015e-08,8.915923199196254e-08,6.824308747933881e-06,0.5076980435918373,5.765380901353861e-05,6.535926957817662e-05,0.000886433676489116,5.829405095826279e-06,3.886470680115026e-13,1.7096647446581068e-09,0.00012593116521256444,0.0,0.0,0.0,0.0,0.0,0.0,0.0,0.0,0.0,0.0,0.0,0.0,-3.559886340062216e-07,7.119772678392272e-07,2.3732575586318788e-07,1.7060805337618446e-16,-4.7465151188950467e-07,0.0,-2.732500080983485e-16,-5.303896803185828e-22,2.38547764043297e-18,6.733341772450976e-21,2.628766751803721e-18,2.916969712106997e-20,-2.8982754302632984e-20,-2.7809401912448964e-16,2.371916475611386e-21,-5.0714856065437415e-18,3.6139977365807104e-21,-1.1460070399039353e-21,1.3597350154113196e-21,-4.6745327035960336e-23,2.7567963773512496e-16,4.673634896891748e-07,3.559886340062216e-07,6.98799667537552e-07,-7.119740909936374e-07,-6.050730390060408e-07,2.934096975579844e-10,1.3665941656463045e-07,1.1585492588321348e-07,1.0633756261095295e-07,1.1585492588321348e-07,2.3714969871368256e-07,2.3714969871368256e-07,-1.7060805337618446e-16,4.7429939967506524e-07,-3.578842442628533e-16,5.806081201889306e-19,-2.1447713434949967e-15,4.7429939753484973e-07,1.611369190383855e-13,1.183101542795211e-11,1.350398405562065e-10,-5.609060665956306e-11,-2.1910037939193442e-19,4.739615827883594e-07,1.183101542795211e-11,1.350398405562065e-10,-2.2990307922955134e-07,3.378144708106837e-10,-2.3698794139237737e-07,-7.422676633636536e-09,-7.422676633607553e-09,-2.545873195909659e-16,7.291661933736879e-09,2.154160441977804e-20,-3.1768455898074026e-12,7.288022200329868e-09,3.925898534859707e-12,7.694144515117973e-13,2.121011438867049e-12,5.319014790155281e-21,2.5458727284563887e-16
0.3869999999999999,548,101324.99999999999,2.771e-08,0.066,0.29999999999999993,0.6339999999999998,0.22000000000000003,548.0,1e-11,1e-22,IdealGasReactor,off,0.6338251466755263,0.0,0.0,0.2982006947807659,0.002912794804339007,0.0009680636689448377,6.929871872861785e-13,0.06409330006973106,0.0,0.0032835278624547886,5.76284441968839e-11,0.4880265246604846,6.123774133996937e-09,1.4966545470863188e-08,8.92760017625434e-08,6.834617164560052e-06,0.5075426923165223,5.763147358767591e-05,6.529896284463532e-05,0.0008856826636192412,5.827871672956032e-06,3.8832156395563527e-13,1.7100335813843798e-09,0.00012586743727746022,0.0,0.0,0.0,0.0,0.0,0.0,0.0,0.0,0.0,0.0,0.0,0.0,-3.5580129541431164e-07,7.116025905318424e-07,2.3720086348380167e-07,1.7055558086805355e-16,-4.7440172705066155e-07,0.0,-3.529031297354527e-14,-2.8649982869446843e-21,3.226067193459936e-17,2.0685040547593152e-20,1.2656832165994746e-16,1.776386909069878e-19,-1.6700611131323118e-19,-3.525141406408614e-14,-4.125366203477891e-21,-5.49613317784571e-17,4.575586959179222e-20,2.569822688533805e-20,-8.017544830557143e-21,5.45724257930734e-22,3.521879671120747e-14,4.6712188346879294e-07,3.5580129541431164e-07,6.983789000291973e-07,-7.1159941705683e-07,-6.047603967171283e-07,2.930817943578557e-10,1.366504234242702e-07,1.1576519366084696e-07,1.0627613916091788e-07,1.1576519366084696e-07,2.3702501050879845e-07,2.3702501050879845e-07,-1.7055558086805355e-16,4.740500232635107e-07,-3.5744450056486447e-16,5.799856154952245e-19,-2.1432846943628524e-15,4.7405005609846285e-07,1.6105219662412662e-13,1.181641382212454e-11,1.3489975519630148e-10,-5.599390704656756e-11,-2.188477928499249e-19,4.737124661351909e-07,1.181641382212454e-11,1.3489975519630148e-10,-2.2978065492853697e-07,3.375547444752597e-10,-2.3686330873933705e-07,-7.420208555264711e-09,-7.420208555097705e-09,-2.544564265308355e-16,7.283479606384736e-09,2.151874828062801e-20,-3.1734750123963684e-12,7.2798435818685975e-09,3.921492092766636e-12,7.689625068173058e-13,2.1187904853186415e-12,5.313519400195176e-21,2.5445697225509345e-16
0.3959999999999999,548,101325.0,2.771e-08,0.066,0.29999999999999993,0.6339999999999998,0.22000000000000003,548.0,1e-11,1e-22,IdealGasReactor,off,0.6338179238712063,0.0,0.0,0.2981631098752811,0.0029811350833580928,0.0009908437946248014,7.093705055905911e-13,0.06404698737482048,0.0,0.00328286989303633,5.7585784176657055e-11,0.48818344017245674,6.1226072531217624e-09,1.5306879263720354e-08,8.939254389992363e-08,6.8449133540416734e-06,0.5073873225287283,5.760913184188249e-05,6.523869067327595e-05,0.0008849320415221507,5.826337656097674e-06,3.8799623579096555e-13,1.7104025019673854e-09,0.0001258037003244901,0.0,0.0,0.0,0.0,0.0,0.0,0.0,0.0,0.0,0.0,0.0,0.0,-3.5561393367197275e-07,7.112278671823618e-07,2.3707595563479597e-07,1.705031023381341e-16,-4.7415191146575874e-07,0.0,2.69008330472806e-15,-2.2992015416071945e-22,-8.754434479412036e-18,-1.468164433486295e-20,-8.985113746236804e-18,-2.0606723419921025e-19,2.024474918386782e-19,2.7066203491650567e-15,-3.473016251644858e-21,1.6852053138246348e-17,-1.6301955150953594e-20,3.8633987497172e-21,4.537926631825293e-21,3.712244790995844e-23,-2.6977901352248806e-15,4.6688024111607267e-07,3.5561393367197275e-07,6.979581147964914e-07,-7.112246970758062e-07,-6.044477133596023e-07,2.9275412501977393e-10,1.366413864572969e-07,1.1567547081002866e-07,1.0621471006037893e-07,1.1567547081002866e-07,2.3690030670014214e-07,2.3690030670014214e-07,-1.705031023381341e-16,4.738006156443904e-07,-3.5700513774262797e-16,5.793635460335609e-19,-2.1417982402722802e-15,4.7380061052315625e-07,1.6096746360764416e-13,1.1801823896002842e-11,1.3475976060969045e-10,-5.589734109712437e-11,-2.185954084019249e-19,4.7346331817149333e-07,1.1801823896002842e-11,1.3475976060969045e-10,-2.2965821546544984e-07,3.3729504945305416e-10,-2.3673866058533928e-07,-7.41774016934613e-09,-7.417740169548577e-09,-2.543266121142239e-16,7.275302667322097e-09,2.1495906522286508e-20,-3.170106555531601e-12,7.271670349686067e-09,3.9170885536563085e-12,7.685104758020628e-13,2.1165708514120363e-12,5.308027123626946e-21,2.543266492366718e-16
0.4049999999999999,548,101324.99999999999,2.771e-08,0.066,0.29999999999999993,0.6339999999999998,0.22000000000000003,548.0,1e-11,1e-22,IdealGasReactor,off,0.6338107050373065,0.0,0.0,0.2981255456304518,0.003049437795302251,0.001013611397928439,7.257484093523133e-13,0.06400070013828532,0.0,0.0032822114056423744,5.7543141478959495e-11,0.48834037419740584,6.121439814438768e-09,1.5646884197105017e-08,8.95088584285839e-08,6.855197315813376e-06,0.5072319343491534,5.7586783781911945e-05,6.517845307183585e-05,0.0008841818102943397,5.824803046008972e-06,3.876710835708292e-13,1.7107715065043895e-09,0.0001257399544039097,0.0,0.0,0.0,0.0,0.0,0.0,0.0,0.0,0.0,0.0,0.0,0.0,-3.5542654884626715e-07,7.108530975514889e-07,2.369510324160143e-07,1.7045061782705525e-16,-4.739020650410974e-07,0.0,1.988458819389178e-15,-2.050051185081926e-21,-1.2030921770928985e-17,7.15667582778641e-21,-2.95242862886143e-17,1.163611511290595e-19,-9.753948347102792e-20,1.9977704577191365e-15,-1.2357668396307008e-21,2.646329460989984e-17,-2.592820288657018e-20,1.9846647834561362e-21,-3.483347507599884e-21,1.2818209131975726e-22,-1.9856245015121786e-15,4.6663856253560416e-07,3.5542654884626715e-07,6.975373120331501e-07,-7.108499308112692e-07,-6.041349890430705e-07,2.924266895547978e-10,1.366323056229982e-07,1.15585757383375e-07,1.0615327533491032e-07,1.15585757383375e-07,2.3677558733279195e-07,2.3677558733279195e-07,-1.7045061782705525e-16,4.735511769079035e-07,-3.565661557851154e-16,5.787419118348876e-19,-2.1403119822529724e-15,4.735511724973662e-07,1.6088272001956777e-13,1.178724564928487e-11,1.3461985680456797e-10,-5.580090869381175e-11,-2.183432260553805e-19,4.732141390969968e-07,1.178724564928487e-11,1.3461985680456797e-10,-2.2953576093828235e-07,3.370353859939459e-10,-2.3661399703003917e-07,-7.415271477731948e-09,-7.415271477634409e-09,-2.5419617565779163e-16,7.2671311182705026e-09,2.147307914843957e-20,-3.166740219756612e-12,7.26350250549324e-09,3.912687918450683e-12,7.680583587305302e-13,2.1143525376552022e-12,5.302537961964227e-21,2.5419630383988295e-16
0.4139999999999999,548,101325.0,2.771e-08,0.066,0.29999999999999993,0.6339999999999998,0.22000000000000003,548.0,1e-11,1e-22,IdealGasReactor,off,0.6338034901740266,0.0,0.0,0.298088002047316,0.0031177029382839097,0.0010363664782266253,7.421208984783902e-13,0.06395443836140476,0.0,0.003281552400720399,5.7500516121110004e-11,0.48849732668249196,6.120271818638559e-09,1.5986560214982737e-08,8.962494537598315e-08,6.865469048554761e-06,0.5070765278298874,5.756442942161283e-05,6.51182500572015e-05,0.0008834319701567893,5.823267843453567e-06,3.8734610736797265e-13,1.711140594858637e-09,0.0001256761995667405,0.0,0.0,0.0,0.0,0.0,0.0,0.0,0.0,0.0,0.0,0.0,0.0,-3.552391411047218e-07,7.10478282039052e-07,2.368260939278675e-07,1.703981273523872e-16,-4.736521880261122e-07,0.0,-7.32721136092841e-17,7.297336981549658e-23,1.0269022045649887e-19,-7.909133824195717e-22,-5.61159327555974e-21,-1.0587911840678754e-22,1.1001502146955268e-22,-7.329958427742698e-17,-3.114405688199257e-22,8.140556069110909e-20,5.368680864249746e-22,5.009612584774274e-23,-5.203380863632641e-23,-8.155117228784306e-24,7.319687636269357e-17,4.6639684797306763e-07,3.552391411047218e-07,6.971164921286979e-07,-7.104751186630455e-07,-6.038222240468197e-07,2.920994880559715e-10,1.3662318091895879e-07,1.154960534659573e-07,1.0609183503991075e-07,1.154960534659573e-07,2.3665085251837113e-07,2.3665085251837113e-07,-1.703981273523872e-16,4.733017072772645e-07,-3.561275546748263e-16,5.781207130403211e-19,-2.138825921344996e-15,4.7330170493964374e-07,1.6079796593574245e-13,1.1772679084973431e-11,1.344800438269375e-10,-5.570460973515997e-11,-2.18091245818734e-19,4.729649291120969e-07,1.1772679084973431e-11,1.344800438269375e-10,-2.2941329144659133e-07,3.36775754349988e-10,-2.3648931817351751e-07,-7.41280248127616e-09,-7.41280248127627e-09,-2.540659443421513e-16,7.2589649629781795e-09,2.1450266168814284e-20,-3.1633760065061086e-12,7.255340053044569e-09,3.908290189171342e-12,7.676061560837108e-13,2.1121355451514463e-12,5.297051918242125e-21,2.5406593618703406e-16
0.42299999999999993,548,101325.0,2.771e-08,0.066,0.29999999999999993,0.6339999999999998,0.22000000000000003,548.0,1e-11,1e-22,IdealGasReactor,off,0.633796279281563,0.0,0.0,0.2980504791268964,0.0031859305104437177,0.0010591090348995166,7.584879728777453e-13,0.06390820204543883,0.0,0.0032808928787131037,5.745790812030277e-11,0.4886542975740084,6.1191032664019e-09,1.6325907261807376e-08,8.97408047700143e-08,6.87572855097083e-06,0.5069211030238953,5.7542068774745914e-05,6.505808164609226e-05,0.000882682521328401,5.8217320491958385e-06,3.8702130725470047e-13,1.711509766895897e-09,0.00012561243586400783,0.0,0.0,0.0,0.0,0.0,0.0,0.0,0.0,0.0,0.0,0.0,0.0,-3.5505171061366706e-07,7.101034210373777e-07,2.3670114027064966e-07,1.7034563093199365e-16,-4.734022806943777e-07,0.0,-2.621040731026882e-15,-1.460981967227529e-21,6.852323198971466e-18,-3.634450725498894e-21,1.968144580416411e-17,-8.907080835971002e-20,7.634546181619424e-20,-2.618778976041062e-15,-1.330340584145487e-21,-1.0332338046343256e-17,1.5987658426029338e-20,-4.30537169076194e-21,3.239004242926453e-21,4.289431251025342e-22,2.6118554200302653e-15,4.66155097698321e-07,3.5505171061366706e-07,6.966956554702266e-07,-7.101002610234605e-07,-6.035094186480691e-07,2.9177252061485134e-10,1.3661401234237426e-07,1.1540635914241663e-07,1.0603038923041484e-07,1.1540635914241663e-07,2.3652610236771266e-07,2.3652610236771266e-07,-1.7034563093199365e-16,4.7305220697415097e-07,-3.5568933439377305e-16,5.774999497888821e-19,-2.13734005858792e-15,4.73052207183855e-07,1.607132014314762e-13,1.1758124206008064e-11,1.3434032172216018e-10,-5.560844411940252e-11,-2.1783946770012614e-19,4.727156884172265e-07,1.1758124206008064e-11,1.3434032172216018e-10,-2.29290807089808e-07,3.3651615477306716e-10,-2.3636462411586386e-07,-7.410333180841662e-09,-7.410333180918007e-09,-2.539351174564699e-16,7.250804205171517e-09,2.142746759303251e-20,-3.160013917199277e-12,7.247182996056691e-09,3.9038953678193846e-12,7.671538683400895e-13,2.1099198749937484e-12,5.2915689954697685e-21,2.53935546399595e-16
0.43199999999999994,548,101325.00000000003,2.771e-08,0.066,0.29999999999999993,0.6339999999999998,0.22000000000000003,548.0,1e-11,1e-22,IdealGasReactor,off,0.6337890723601093,0.0,0.0,0.2980129768702005,0.0032541205099497253,0.0010818390673365504,7.748496324612765e-13,0.063861991191629,0.0,0.003280232840031308,5.741531749312327e-11,0.4888112868133927,6.11793415834978e-09,1.666492528236437e-08,8.985643663890421e-08,6.885975821840828e-06,0.5067656599890384,5.7519701854514064e-05,6.499794785452882e-05,0.0008819334640186876,5.820195664000825e-06,3.8669668330170126e-13,1.7118790224984582e-09,0.0001255486633467041,0.0,0.0,0.0,0.0,0.0,0.0,0.0,0.0,0.0,0.0,0.0,0.0,-3.54864257532378e-07,7.097285148991786e-07,2.365761715446891e-07,1.7029312858538492e-16,-4.731523432691127e-07,0.0,7.861811507202082e-16,6.239634626433648e-22,-3.2574665024658513e-18,-6.794243969520472e-21,-4.742219834321607e-18,-2.7263872989747792e-21,2.297907741672311e-21,7.909038921054654e-16,-3.1886478744791797e-21,6.160768113133013e-18,-5.814909261805159e-21,-2.67644626949189e-22,1.3084729828758555e-21,1.6842522840012888e-23,-7.876144411023694e-16,4.6591331193102364e-07,3.54864257532378e-07,6.962748024310309e-07,-7.097253582452254e-07,-6.031965731121388e-07,2.914457873167501e-10,1.366047998878219e-07,1.1531667449508124e-07,1.0596893795936391e-07,1.1531667449508124e-07,2.3640133698697468e-07,2.3640133698697468e-07,-1.7029312858538492e-16,4.728026762108842e-07,-3.552514949238637e-16,5.768796222110345e-19,-2.1358543950203417e-15,4.7280267301275103e-07,1.6062842657890075e-13,1.1743581015072049e-11,1.3420069053275016e-10,-5.551241174354419e-11,-2.1758789170732194e-19,4.7246641721285067e-07,1.1743581015072049e-11,1.3420069053275016e-10,-2.291683079673254e-07,3.3625658751480486e-10,-2.3623991495717387e-07,-7.407863577363697e-09,-7.407863577365995e-09,-2.5380511775140106e-16,7.242648848404745e-09,2.1404683430256315e-20,-3.1566539531874756e-12,7.239031338089036e-09,3.899503456311417e-12,7.667014959630427e-13,2.1077055282299173e-12,5.286089196541111e-21,2.538051345939239e-16
0.44099999999999995,548,101324.99999999999,2.771e-08,0.066,0.29999999999999993,0.6339999999999998,0.22000000000000003,548.0,1e-11,1e-22,IdealGasReactor,off,0.6337818694098563,0.0,0.0,0.2979754952782203,0.0033222729349982774,0.0011045565749364505,7.912058771417556e-13,0.06381580580119757,0.0,0.0032795722849298177,5.737274425337183e-11,0.48896829431893946,6.116764494813254e-09,1.7003614221062828e-08,8.997184101049746e-08,6.896210860224962e-06,0.5066101988065278,5.749732867139995e-05,6.49378486953799e-05,0.0008811847983943574,5.81865868863376e-06,3.8637223557278997e-13,1.7122483616280837e-09,0.0001254848820656069,0.0,0.0,0.0,0.0,0.0,0.0,0.0,0.0,0.0,0.0,0.0,0.0,-3.5467678198622774e-07,7.093535637973996e-07,2.3645118785033097e-07,1.7024062033991722e-16,-4.7290237586657997e-07,0.0,3.3059112272695125e-16,2.9600862560380707e-22,2.7347967025980692e-18,-1.2365955203475095e-20,4.84132268915036e-18,2.2419903322637262e-20,-2.335130869237197e-20,3.31106972409274e-16,-4.713031378618326e-21,-1.5756144288910513e-18,5.4696566757051695e-21,2.4547101665393942e-21,8.806230220685542e-22,-1.7233908348693808e-22,-3.338559488217055e-16,4.656714907845831e-07,3.5467678198622774e-07,6.958539333182982e-07,-7.093504105012841e-07,-6.028836876470942e-07,2.911192882187937e-10,1.3659554353701169e-07,1.1522699959530057e-07,1.0590748126963828e-07,1.1522699959530057e-07,2.3627655645984367e-07,2.3627655645984367e-07,-1.7024062033991722e-16,4.7255311515483053e-07,-3.5481403624851453e-16,5.762597303991129e-19,-2.1343689316772893e-15,4.725531124183391e-07,1.6054364143487876e-13,1.172904951370691e-11,1.3406115028824996e-10,-5.5416512499099977e-11,-2.1733651784737424e-19,4.72217115699369e-07,1.172904951370691e-11,1.3406115028824996e-10,-2.2904579417821017e-07,3.3599705282603363e-10,-2.3611519079750401e-07,-7.4053936721208094e-09,-7.405393672097458e-09,-2.536748732008709e-16,7.234498895540887e-09,2.138191368757339e-20,-3.1532961155160686e-12,7.230885081996867e-09,3.895114456185081e-12,7.662490393430209e-13,2.1054925057031094e-12,5.280612523826773e-21,2.5367470086178743e-16
0.44999999999999996,548,101325.00000000004,2.771e-08,0.066,0.29999999999999993,0.6339999999999998,0.22000000000000003,548.0,1e-11,1e-22,IdealGasReactor,off,0.6337746704309913,0.0,0.0,0.29793803435193245,0.003390387783813282,0.0011272615571072263,8.075567068339124e-13,0.06376964587534815,0.0,0.00327891121387975,5.73301884186115e-11,0.4891253200406388,6.115594276523648e-09,1.7341974023970793e-08,9.008701791432045e-08,6.906433664841454e-06,0.5064547195255958,5.747494923965444e-05,6.487778418572666e-05,0.000880436524679608,5.817121123862042e-06,3.860479641406725e-13,1.7126177841370746e-09,0.00012542109207182574,0.0,0.0,0.0,0.0,0.0,0.0,0.0,0.0,0.0,0.0,0.0,0.0,-3.5448928414725667e-07,7.089785681367545e-07,2.36326189287997e-07,1.7018810621219971e-16,-4.7265237875978176e-07,0.0,-7.989073151799137e-15,3.1628239648699915e-22,-3.310443476179248e-18,-8.676135697946358e-23,-1.2466313280333572e-17,1.385163566556798e-19,-1.3926578229065285e-19,-7.987762507279603e-15,1.3619658032656312e-21,1.025783250158905e-17,-6.80013428183445e-21,9.010064822233854e-22,-5.318114084461641e-22,-4.583182127594136e-23,7.991111029421591e-15,4.6542963452820673e-07,3.5448928414725667e-07,6.954330485301275e-07,-7.089754181963489e-07,-6.025707625398293e-07,2.9079302341583267e-10,1.3658624328952487e-07,1.1513733452946547e-07,1.0584601921796902e-07,1.1513733452946547e-07,2.3615176090094579e-07,2.3615176090094579e-07,-1.7018810621219971e-16,4.7230352403524466e-07,-3.543769583477706e-16,5.75640274496115e-19,-2.1328836695980144e-15,4.7230352961946664e-07,1.604588460772957e-13,1.171452970497312e-11,1.339217010356367e-10,-5.532074628490971e-11,-2.1708534612761614e-19,4.7196778407739723e-07,1.171452970497312e-11,1.339217010356367e-10,-2.2892326582207449e-07,3.3573755095838435e-10,-2.3599045173703786e-07,-7.4029234659225135e-09,-7.402923465783248e-09,-2.5354429116065084e-16,7.226354350374227e-09,2.1359158374852538e-20,-3.149940405640665e-12,7.2227442315750365e-09,3.890728369483618e-12,7.657964989710837e-13,2.1032808085308336e-12,5.275138980399133e-21,2.5354424532882957e-16
0.45899999999999996,548,101325.0,2.771e-08,0.066,0.29999999999999993,0.6339999999999998,0.22000000000000003,548.0,1e-11,1e-22,IdealGasReactor,off,0.6337674754236996,0.0,0.0,0.29790059409229824,0.0034584650546472806,0.001149954013266177,8.23902121454315e-13,0.063723511415265,0.0,0.0032782496270725055,5.7287650001442316e-11,0.4892823638870865,6.114423503692937e-09,1.768000463606935e-08,9.02019673787669e-08,6.916644234893034e-06,0.506299222237235,5.745256356865071e-05,6.481775433705053e-05,0.0008796886430225561,5.815582970452691e-06,3.857238690659576e-13,1.7129872900204597e-09,0.00012535729341608774,0.0,0.0,0.0,0.0,0.0,0.0,0.0,0.0,0.0,0.0,0.0,0.0,-3.5430176412687467e-07,7.086035280345076e-07,2.3620117595805402e-07,1.7013558623287683e-16,-4.7240235213351916e-07,0.0,-9.458126907774115e-15,7.757746364897093e-22,3.0076988295144515e-17,-9.2824314194254e-21,4.937016236366415e-17,-1.7525641074283508e-19,1.6157070750814524e-19,-9.361908630264681e-15,7.83283494538031e-21,7.758132277831578e-17,4.798368347007347e-20,-2.7372440445145377e-21,3.054274510403675e-21,-1.660368601072768e-22,9.331574304665456e-15,4.65187743344149e-07,3.5430176412687467e-07,6.950121483463601e-07,-7.08600381447683e-07,-6.022577979748185e-07,2.9046699295267746e-10,1.3657689912185516e-07,1.1504767936435158e-07,1.0578455184308793e-07,1.1504767936435158e-07,2.360269503847098e-07,2.360269503847098e-07,-1.7013558623287683e-16,4.720539030009782e-07,-3.539402612047949e-16,5.750212545775094e-19,-2.1313986098157017e-15,4.720539099611898e-07,1.603740405567239e-13,1.1700021589908059e-11,1.3378234279884153e-10,-5.522511299008783e-11,-2.168343765543526e-19,4.7171842254745326e-07,1.1700021589908059e-11,1.3378234279884153e-10,-2.2880072299786438e-07,3.3547808216222307e-10,-2.3586569787587811e-07,-7.40045296018964e-09,-7.4004529603512105e-09,-2.534139341135574e-16,7.21821521545288e-09,2.1336417498277826e-20,-3.1465868244733436e-12,7.214608789370175e-09,3.886345197578082e-12,7.653438752077668e-13,2.1010704374672746e-12,5.269668568401777e-21,2.534137680766973e-16
0.4679999999999999,548,101324.99999999999,2.771e-08,0.066,0.29999999999999993,0.6339999999999998,0.22000000000000003,548.0,1e-11,1e-22,IdealGasReactor,off,0.6337602843881623,0.0,0.0,0.29786317450026395,0.003526504745778848,0.0011726339428398897,8.402421209216699e-13,0.06367740242211459,0.0,0.0032775875252405687,5.7245129023952264e-11,0.48943942584637046,6.1132521775355936e-09,1.8017706005895043e-08,9.031668943589448e-08,6.926842568706159e-06,0.5061437069522414,5.7430171677194315e-05,6.475775917148038e-05,0.0008789411537163217,5.814044229176787e-06,3.8539995043198455e-13,1.7133568789979378e-09,0.00012529348614992675,0.0,0.0,0.0,0.0,0.0,0.0,0.0,0.0,0.0,0.0,0.0,0.0,-3.5411422215331535e-07,7.082284441300823e-07,2.3607614796109187e-07,1.700830604056376e-16,-4.72152296087248e-07,0.0,-1.7129064566261842e-15,1.7538946712231864e-21,1.2419522161914036e-18,-6.544416822249537e-22,6.46455545344482e-18,2.5448046109071386e-19,-2.555748210411215e-19,-1.7111988894897175e-15,2.816176886089326e-21,-3.7851390013242766e-18,1.8074433567005674e-21,3.7274309365287964e-21,-2.9715839569746562e-21,-3.805865289107574e-22,1.7099622319849778e-15,4.6494581732695224e-07,3.5411422215331535e-07,6.945912332745552e-07,-7.082253008947083e-07,-6.01944794333903e-07,2.9014119696925114e-10,1.3656751105516912e-07,1.149580342044437e-07,1.0572307921841346e-07,1.149580342044437e-07,2.3590212506301625e-07,2.3590212506301625e-07,-1.700830604056376e-16,4.718042523558068e-07,-3.5350394479531974e-16,5.744026708467615e-19,-2.1299137533748618e-15,4.718042516671517e-07,1.6028922497636222e-13,1.1685525173382997e-11,1.336430756456912e-10,-5.512961252220864e-11,-2.165836091351008e-19,4.7146903131049936e-07,1.1685525173382997e-11,1.336430756456912e-10,-2.2867816580592265e-07,3.3521864669008283e-10,-2.357409293144007e-07,-7.397982155169231e-09,-7.397982154913656e-09,-2.5328364985835783e-16,7.210081495692997e-09,2.1313691071043096e-20,-3.143235373960171e-12,7.206478760295752e-09,3.881964943115174e-12,7.648911686654001e-13,2.098861393957747e-12,5.264201291745483e-21,2.532832692718289e-16
0.4769999999999999,548,101325.00000000003,2.771e-08,0.066,0.29999999999999993,0.6339999999999998,0.22000000000000003,548.0,1e-11,1e-22,IdealGasReactor,off,0.633753097324559,0.0,0.0,0.29782577557676043,0.0035945068555161505,0.001195301345264247,8.56576705156414e-13,0.06363131889704354,0.0,0.0032769249084348795,5.720262549617874e-11,0.4895965058061051,6.1120802980016e-09,1.835507807858888e-08,9.043118411421051e-08,6.937028665754637e-06,0.5059881737827737,5.7407773572203555e-05,6.46977986975773e-05,0.0008781940568695558,5.812504900802368e-06,3.850762082928136e-13,1.7137265511368303e-09,0.00012522967032388532,0.0,0.0,0.0,0.0,0.0,0.0,0.0,0.0,0.0,0.0,0.0,0.0,-3.5392665830735643e-07,7.078533164427173e-07,2.3595110539748366e-07,1.7003052876824054e-16,-4.7190221097750906e-07,0.0,-4.704177697034259e-15,1.1016272650016518e-21,1.901667928692493e-18,-9.791152330191178e-21,1.9572813828678745e-18,3.1422275365174373e-19,-3.1641809099745946e-19,-4.689388020356082e-15,2.560973289813069e-21,1.4393060282051758e-17,-2.094622855479219e-21,6.1961514746933075e-21,4.0496982284694535e-21,-2.767690861045095e-23,4.6874998112426995e-15,4.6470385683125906e-07,3.5392665830735643e-07,6.941703035347162e-07,-7.078501765566626e-07,-6.016317517497889e-07,2.8981563548437094e-10,1.3655807905439563e-07,1.148683991065495e-07,1.0566160137357522e-07,1.148683991065495e-07,2.3577728498998435e-07,2.3577728498998435e-07,-1.7003052876824054e-16,4.715545722079463e-07,-3.5306800910316474e-16,5.737845233439828e-19,-2.12842910130484e-15,4.7155457449932214e-07,1.6020439937298317e-13,1.1671040455378784e-11,1.3350389958819626e-10,-5.503424476532271e-11,-2.1633304387515402e-19,4.712196105670309e-07,1.1671040455378784e-11,1.3350389958819626e-10,-2.2855559434489128e-07,3.349592447914565e-10,-2.3561614615269e-07,-7.395511052592375e-09,-7.395511052275957e-09,-2.5315277665056214e-16,7.2019531929961945e-09,2.129097909742136e-20,-3.1398860547313568e-12,7.198354146249988e-09,3.877587607115845e-12,7.644383796386628e-13,2.0966536785680957e-12,5.258737152092483e-21,2.5315274897365353e-16
0.48599999999999993,548,101324.99999999999,2.771e-08,0.066,0.29999999999999993,0.6339999999999998,0.22000000000000003,548.0,1e-11,1e-22,IdealGasReactor,off,0.6337459142330651,0.0,0.0,0.2977883973227028,0.0036624713821950083,0.0012179562199844242,8.729058740809371e-13,0.06358526084117956,0.0,0.003276261777134289,5.71601394356577e-11,0.48975360371671117,6.110907865833853e-09,1.869212080219963e-08,9.054545144523297e-08,6.947202524823962e-06,0.5058326227776276,5.7385369268060533e-05,6.463787293231902e-05,0.0008774473527055119,5.810964986101115e-06,3.8475264272049215e-13,1.7140963062868381e-09,0.00012516584598915584,0.0,0.0,0.0,0.0,0.0,0.0,0.0,0.0,0.0,0.0,0.0,0.0,-3.537390727621198e-07,7.074781453503736e-07,2.3582604836778414e-07,1.6997799133714575e-16,-4.71652096899575e-07,0.0,-3.001616940530508e-16,1.6562244525194213e-22,2.6639745767959465e-18,3.0059021748176163e-21,3.9132922163148676e-18,7.676236084492097e-20,-7.554888688630568e-20,-3.0216940863786603e-16,1.3352105696122147e-21,-3.2863803366021768e-18,4.249367362765552e-21,-9.454674401481106e-22,8.445097438972995e-23,-4.6858694433864874e-23,2.9947726708154004e-16,4.644618619485761e-07,3.537390727621198e-07,6.937493595269163e-07,-7.074750088115054e-07,-6.013186705112514e-07,2.8949030859199584e-10,1.365486031197981e-07,1.14778774157296e-07,1.0560011836563477e-07,1.14778774157296e-07,2.3565243028097072e-07,2.3565243028097072e-07,-1.6997799133714575e-16,4.7130486278813393e-07,-3.5263245410624044e-16,5.73166812210415e-19,-2.126944654644132e-15,4.713048606941328e-07,1.6011956382496848e-13,1.1656567438904111e-11,1.3336481467304584e-10,-5.4939009618062364e-11,-2.160826807807382e-19,4.70970160517938e-07,1.1656567438904111e-11,1.3336481467304584e-10,-2.284330087145217e-07,3.346998767175566e-10,-2.354913484910678e-07,-7.39303965326244e-09,-7.393039653186891e-09,-2.530222541673462e-16,7.193830311129307e-09,2.126828158722211e-20,-3.136538868233751e-12,7.190234950998874e-09,3.873213191608535e-12,7.639855086213517e-13,2.0944472924100196e-12,5.2532761525011525e-21,2.5302220730865174e-16
0.49499999999999994,548,101324.99999999999,2.771e-08,0.066,0.29999999999999993,0.6339999999999998,0.22000000000000003,548.0,1e-11,1e-22,IdealGasReactor,off,0.633738735113854,0.0,0.0,0.29775103973899125,0.00373039832417849,0.0012405985664548926,8.892296276196338e-13,0.063539228255632,0.0,0.0032755981317724933,5.7117670859083506e-11,0.48991071952179166,6.109734881690352e-09,1.9028834125036765e-08,9.065949146070917e-08,6.957364144794648e-06,0.5056770539924753,5.736295877835031e-05,6.45779818917078e-05,0.0008767010414343669,5.809424485845237e-06,3.8442925378482626e-13,1.7144661443208329e-09,0.00012510201319687806,0.0,0.0,0.0,0.0,0.0,0.0,0.0,0.0,0.0,0.0,0.0,0.0,-3.5355146568081613e-07,7.071029312271769e-07,2.3570097697255123e-07,1.6992544813112604e-16,-4.714019541486473e-07,0.0,-9.843197826474813e-17,4.2322477681716007e-22,-1.2560911702630031e-17,-4.054665770450371e-21,-3.558110125707458e-17,-1.1580528575742387e-19,1.357411657005644e-19,-1.0041663601716906e-16,-1.5205927308778586e-21,2.092636057797629e-17,-1.9828123916380933e-20,-1.3400325923359048e-21,-1.3668426061176055e-21,-1.449616735612443e-23,1.1309404625511526e-16,4.6421983297055373e-07,3.5355146568081613e-07,6.933284016316948e-07,-7.070997980333611e-07,-6.010055508902339e-07,2.8916521637742646e-10,1.3653908324790755e-07,1.1468915944004362e-07,1.0553863024868876e-07,1.1468915944004362e-07,2.355275610447276e-07,2.355275610447276e-07,-1.6992544813112604e-16,4.710551243138606e-07,-3.521972797824482e-16,5.725495375754727e-19,-2.1254604144297225e-15,4.710551220199477e-07,1.6003471840621247e-13,1.1642106126614543e-11,1.3322582094297986e-10,-5.4843906977369703e-11,-2.158325198576406e-19,4.707206813641344e-07,1.1642106126614543e-11,1.3322582094297986e-10,-2.2831040901446792e-07,3.3444054271927046e-10,-2.3536653642985189e-07,-7.390567958083311e-09,-7.390567958219052e-09,-2.528916588922363e-16,7.185712853644102e-09,2.1245598549621953e-20,-3.133193815820869e-12,7.182121178093576e-09,3.868841698505083e-12,7.635325560858925e-13,2.0922422365328535e-12,5.247818295870176e-21,2.5289164439606895e-16
0.5039999999999999,548,101325.00000000003,2.771e-08,0.066,0.29999999999999993,0.6339999999999998,0.22000000000000003,548.0,1e-11,1e-22,IdealGasReactor,off,0.6337315599670953,0.0,0.0,0.2977137028265105,0.0037982876798581863,0.0012632283841394229,9.05547965698755e-13,0.06349322114149086,0.0,0.0032749339725031824,5.707521977820082e-11,0.49006785312338735,6.108561345709457e-09,1.9365217994144185e-08,9.077330419114016e-08,6.967513525029294e-06,0.5055214675249186,5.734054211178636e-05,6.451812558617748e-05,0.0008759551231905628,5.807883400807613e-06,3.841060415436581e-13,1.71483606525536e-09,0.00012503817199784517,0.0,0.0,0.0,0.0,0.0,0.0,0.0,0.0,0.0,0.0,0.0,0.0,-3.5336383716606836e-07,7.067276741302587e-07,2.3557589131240771e-07,1.6987289918304533e-16,-4.711517827165172e-07,0.0,-2.7904707545044956e-15,-9.694126917678021e-22,1.9547745290201963e-17,3.837333847777842e-21,3.219424001747826e-17,-2.9699092713103906e-20,2.8000063734919987e-20,-2.8366657278385933e-15,4.289095862078322e-21,-5.846636140210895e-17,3.364687479051467e-20,1.7413185870006924e-21,-5.150032056407823e-22,3.209489104207816e-22,2.8169249244842506e-15,4.639777698866752e-07,3.5336383716606836e-07,6.92907430111617e-07,-7.067245442793604e-07,-6.006923930563816e-07,2.8884035887620184e-10,1.3652951941213804e-07,1.1459955501860241e-07,1.0547713705886812e-07,1.1459955501860241e-07,2.3540267734987538e-07,2.3540267734987538e-07,-1.6987289918304533e-16,4.708053569223675e-07,-3.517624861129785e-16,5.719326995014554e-19,-2.123976381693357e-15,4.7080535736654383e-07,1.599498631633408e-13,1.1627656519155205e-11,1.330869184178031e-10,-5.474893673055292e-11,-2.1558256111072297e-19,4.7047117330657253e-07,1.1627656519155205e-11,1.330869184178031e-10,-2.2818779534383339e-07,3.34181243046372e-10,-2.3524171006935965e-07,-7.388095968574332e-09,-7.388095968602332e-09,-2.527607393623263e-16,7.177600822852795e-09,2.1222929990128685e-20,-3.1298508983050344e-12,7.1740128298420024e-09,3.864473129048725e-12,7.630795223744037e-13,2.0900385116242764e-12,5.2423635841739006e-21,2.5276106031123673e-16
0.5129999999999999,548,101324.99999999999,2.771e-08,0.066,0.29999999999999993,0.6339999999999998,0.22000000000000003,548.0,1e-11,1e-22,IdealGasReactor,off,0.6337243887929566,0.0,0.0,0.2976763865861299,0.0038661394476533573,0.001285845672511084,9.218608882465095e-13,0.06344723949982736,0.0,0.0032742693000912806,5.7032786215418105e-11,0.4902250045138361,6.107387259162091e-09,1.9701272360861747e-08,9.088688967129234e-08,6.977650663901715e-06,0.5053658633814642,5.731811928771782e-05,6.445830403810777e-05,0.0008752095982713863,5.806341731762587e-06,3.837830060800937e-13,1.7152060687944686e-09,0.00012497432244363245,0.0,0.0,0.0,0.0,0.0,0.0,0.0,0.0,0.0,0.0,0.0,0.0,-3.5317618745228206e-07,7.063523747548723e-07,2.354507914879334e-07,1.6982034449515077e-16,-4.7090158318679505e-07,0.0,1.8203242246091657e-14,-1.0965184386420068e-22,-1.0698313273467285e-17,1.3780571797279378e-20,-2.0223335132170048e-17,9.484122031287994e-20,-1.0175810459504836e-19,1.8224330501124647e-14,-6.959631707989258e-21,3.037216435030613e-17,-2.154300422772904e-20,-1.5471896369921537e-21,-6.941247923651677e-21,-1.98405374096946e-22,-1.8213543773373513e-14,4.6373567327557923e-07,3.5317618745228206e-07,6.924864454858692e-07,-7.063492482447547e-07,-6.003791974019718e-07,2.885157362306853e-10,1.3651991163644828e-07,1.1450996099923186e-07,1.0541563887140296e-07,1.1450996099923186e-07,2.3527777935237848e-07,2.3527777935237848e-07,-1.6982034449515077e-16,4.7055556092559286e-07,-3.513280730700915e-16,5.71316298194246e-19,-2.122492557477041e-15,4.705555403106132e-07,1.5986499820232723e-13,1.161321862147475e-11,1.3294810716665328e-10,-5.46540987855696e-11,-2.153328045458956e-19,4.702216365462064e-07,1.161321862147475e-11,1.3294810716665328e-10,-2.280651678030138e-07,3.339219779505893e-10,-2.351168695099759e-07,-7.385623684919604e-09,-7.385623684817846e-09,-2.5263065363047377e-16,7.16949422372596e-09,2.1200275922128747e-20,-3.126510117660743e-12,7.165909911215842e-09,3.860107485915486e-12,7.62626408112807e-13,2.087836119148721e-12,5.236912021372871e-21,2.526304552250997e-16
0.5219999999999999,548,101324.99999999999,2.771e-08,0.066,0.29999999999999993,0.6339999999999998,0.22000000000000003,548.0,1e-11,1e-22,IdealGasReactor,off,0.6337172215916012,0.0,0.0,0.2976390910187035,0.00393395362601071,0.0013084504310522456,9.381683951930894e-13,0.06340128333169408,0.0,0.0032736041146709987,5.699037018205949e-11,0.4903821735918971,6.106212622148895e-09,2.0036997173080984e-08,9.100024793248498e-08,6.987775560844478e-06,0.5052102416630224,5.729569031451422e-05,6.439851725742182e-05,0.000874464466804547,5.804799479485113e-06,3.834601474506699e-13,1.715576154965322e-09,0.00012491046458504873,0.0,0.0,0.0,0.0,0.0,0.0,0.0,0.0,0.0,0.0,0.0,0.0,-3.529885166375924e-07,7.059770331643156e-07,2.353256775997671e-07,1.697677841014182e-16,-4.7065135547840594e-07,0.0,-9.44443522898668e-15,2.5897441896872302e-21,-3.3824504627557174e-17,1.8706272750729e-20,-5.922824944116492e-17,-5.560506600928465e-19,5.527915684793875e-19,-9.394767586004962e-15,-1.406029861918657e-20,7.50406006914725e-17,-6.00166031004935e-20,8.653084689128938e-21,-1.2333126601090015e-20,-4.3857175324959814e-23,9.428915144693186e-15,4.6349354305399906e-07,3.529885166375924e-07,6.920654480081418e-07,-7.05973909992841e-07,-6.000659640890472e-07,2.8819134847187365e-10,1.3651025989264666e-07,1.1442037744422579e-07,1.0535413572108733e-07,1.1442037744422579e-07,2.3515286711786472e-07,2.3515286711786472e-07,-1.697677841014182e-16,4.703057364547841e-07,-3.508940406342619e-16,5.707003337097526e-19,-2.12100894281179e-15,4.703057434607416e-07,1.5978012356776403e-13,1.1598792434027028e-11,1.328093872072989e-10,-5.4559393028838355e-11,-2.1508325016743049e-19,4.6997207128414505e-07,1.1598792434027028e-11,1.328093872072989e-10,-2.2794252649108262e-07,3.33662747681414e-10,-2.3499201485208244e-07,-7.383151108684494e-09,-7.3831511092372856e-09,-2.524998730669067e-16,7.161393058457228e-09,2.1177636350798914e-20,-3.1231714746515057e-12,7.157812424406905e-09,3.855744770286347e-12,7.621732136337141e-13,2.0856350597612207e-12,5.231463609358209e-21,2.5249982920973136e-16
0.5309999999999999,548,101325.00000000004,2.771e-08,0.066,0.29999999999999993,0.6339999999999998,0.22000000000000003,548.0,1e-11,1e-22,IdealGasReactor,off,0.6337100583631909,0.0,0.0,0.29760181612507,0.004001730213405706,0.0013310426592545825,9.544704864705234e-13,0.06335535263812421,0.0,0.003272938416419137,5.6947971690156573e-11,0.4905393602624785,6.105037434849018e-09,2.0372392379362414e-08,9.111337900671728e-08,6.997888215238419e-06,0.5050546024642987,5.7273255201288126e-05,6.433876525481891e-05,0.0008737197289284659,5.803256644751756e-06,3.8313746571342474e-13,1.7159463237742088e-09,0.00012484659847298383,0.0,0.0,0.0,0.0,0.0,0.0,0.0,0.0,0.0,0.0,0.0,0.0,-3.528008248292419e-07,7.056016494761374e-07,2.352005497486282e-07,1.6971521803373732e-16,-4.7040109964337276e-07,0.0,-5.246460036747195e-17,-6.252156588826812e-22,7.68571093342905e-18,1.4453448562231989e-23,1.2702529593499115e-17,2.4881592825595072e-21,-3.800894914681162e-21,-6.342964535610955e-17,-6.853790151983333e-22,-1.585889663067452e-17,1.7112957677844605e-20,3.503626882044918e-21,4.0977040516446594e-22,1.1631026559957024e-22,5.567198031964803e-17,4.6325137927159116e-07,3.528008248292419e-07,6.916444379498831e-07,-7.055985296411672e-07,-5.997526932950926e-07,2.878671956377982e-10,1.3650056415608972e-07,1.1433080441879977e-07,1.0529262764542653e-07,1.1433080441879977e-07,2.3502794071802112e-07,2.3502794071802112e-07,-1.6971521803373732e-16,4.700558836532981e-07,-3.5046038878479997e-16,5.700848061131725e-19,-2.119525538729072e-15,4.700558813297562e-07,1.5969523930836065e-13,1.1584377957546371e-11,1.3267075856078594e-10,-5.446481934814406e-11,-2.1483389797938786e-19,4.6972247772159577e-07,1.1584377957546371e-11,1.3267075856078594e-10,-2.2781987150728212e-07,3.3340355248842445e-10,-2.3486714619613845e-07,-7.380678241346068e-09,-7.380678241342267e-09,-2.5236906603356e-16,7.15329732942226e-09,2.1155011281836275e-20,-3.1198349701175928e-12,7.149720371781606e-09,3.8513849834358065e-12,7.617199392894653e-13,2.0834353341680365e-12,5.226018350151952e-21,2.523691823438256e-16
0.5399999999999999,548,101325.0,2.771e-08,0.066,0.29999999999999993,0.6339999999999998,0.22000000000000003,548.0,1e-11,1e-22,IdealGasReactor,off,0.633702899107884,0.0,0.0,0.29756456190605296,0.00406946920834047,0.0013536223566190733,9.70767162012918e-13,0.06330944742013284,0.0,0.00327227220610452,5.690559076205245e-11,0.4906965645180106,6.103861698538157e-09,2.07074579325948e-08,9.12262829303125e-08,7.007988625513907e-06,0.5048989457917055,5.725081396744702e-05,6.427904805254576e-05,0.0008729753849390535,5.801713228339342e-06,3.828149609508465e-13,1.7163165749236788e-09,0.00012478272415904874,0.0,0.0,0.0,0.0,0.0,0.0,0.0,0.0,0.0,0.0,0.0,0.0,-3.526131122619801e-07,7.052262243543386e-07,2.3507540803519602e-07,1.6966264629432303e-16,-4.7015081623599937e-07,0.0,-3.1655285195413415e-16,-8.727158397252019e-23,3.8052539569149844e-18,2.7344629654358706e-23,-8.046812998915853e-21,-6.8027333576361e-21,6.672866001465274e-21,-3.2065603506058914e-16,7.123070157008805e-22,-2.2393931628548944e-19,6.675048659683163e-21,8.168408548961148e-24,1.0037655484649407e-24,4.335497394952925e-24,3.168173353035773e-16,4.6300918247772077e-07,3.526131122619801e-07,6.912234158307276e-07,-7.052231078537327e-07,-5.994393854129306e-07,2.8754327786964716e-10,1.364908244510895e-07,1.1424124202920694e-07,1.052311147197422e-07,1.1424124202920694e-07,2.3490300030903756e-07,2.3490300030903756e-07,-1.6966264629432303e-16,4.6980600283354596e-07,-3.500271174923326e-16,5.694697156084058e-19,-2.1180423462698566e-15,4.6980600076906853e-07,1.5961034553024397e-13,1.1569975196922468e-11,1.3253222129581818e-10,-5.4370377651189413e-11,-2.1458474798681708e-19,4.694728560596283e-07,1.1569975196922468e-11,1.3253222129581818e-10,-2.2769720295210817e-07,3.3314439262291824e-10,-2.3474226364257298e-07,-7.378205083087846e-09,-7.3782050830945186e-09,-2.5223851046311953e-16,7.145207041552801e-09,2.113240072854665e-20,-3.1165006060215952e-12,7.141633758278578e-09,3.847028128022201e-12,7.612665857069416e-13,2.0812369438259118e-12,5.220576247695798e-21,2.5223851479861693e-16
0.5489999999999999,548,101324.99999999999,2.771e-08,0.066,0.29999999999999993,0.6339999999999998,0.22000000000000003,548.0,1e-11,1e-22,IdealGasReactor,off,0.6336957438258354,0.0,0.0,0.29752732836246043,0.004137170609345837,0.0013761895226560032,9.870584217562213e-13,0.06326356767871553,0.0,0.003271605483919478,5.6863227409966854e-11,0.49085378626533427,6.102685413422614e-09,2.1042193782414405e-08,9.133895973633457e-08,7.01807679106549e-06,0.5047432717379974,5.72283666223689e-05,6.421936566147448e-05,0.0008722314349773198,5.800169231026266e-06,3.8249263322111367e-13,1.716686908412606e-09,0.00012471884169418305,0.0,0.0,0.0,0.0,0.0,0.0,0.0,0.0,0.0,0.0,0.0,0.0,-3.524253790460985e-07,7.048507579226619e-07,2.3495025256022273e-07,1.6961006891440918e-16,-4.6990050528199884e-07,0.0,4.251562185708324e-16,7.925387441227069e-23,8.221471382739992e-18,-4.8348743606521095e-22,-2.964615315390051e-21,-1.0852609636695723e-21,1.0273583207908604e-21,4.1702354918741723e-16,9.941277129306063e-22,2.2078266662880995e-19,1.4759125579739033e-20,-9.3368011641923e-23,-5.9710462103179154e-24,4.111238882829144e-24,-4.253165887807778e-16,4.6276695269569824e-07,3.524253790460985e-07,6.90802381927928e-07,-7.048476447542786e-07,-5.991260406251712e-07,2.87219595207016e-10,1.3648104075430037e-07,1.1415169034157555e-07,1.0516959698243914e-07,1.1415169034157555e-07,2.3477804596460794e-07,2.3477804596460794e-07,-1.6961006891440918e-16,4.695560941429019e-07,-3.495942267349448e-16,5.688550622624702e-19,-2.1165593664653564e-15,4.6955609134258225e-07,1.5952544228348703e-13,1.1555584152944781e-11,1.3239377543422563e-10,-5.4276067826048154e-11,-2.1433580019324837e-19,4.6922320649956457e-07,1.1555584152944781e-11,1.3239377543422563e-10,-2.2757452092486575e-07,3.328852683342655e-10,-2.3461736729188842e-07,-7.375731635356986e-09,-7.375731635358014e-09,-2.5210782254378106e-16,7.137122197257257e-09,2.1109804696746086e-20,-3.1131683832213283e-12,7.133552586300587e-09,3.842674205339725e-12,7.608131532452069e-13,2.07903988945289e-12,5.215137304042297e-21,2.5210782665501994e-16
0.5579999999999999,548,101325.0,2.771e-08,0.066,0.29999999999999993,0.6339999999999998,0.22000000000000003,548.0,1e-11,1e-22,IdealGasReactor,off,0.6336885925171971,0.0,0.0,0.29749011549508464,0.004204834414981252,0.0013987441568849646,1.003344265638235e-12,0.06321771341484854,0.0,0.0032709382505086444,5.682088165397873e-11,0.4910110254782449,6.10150858054684e-09,2.1376599881960845e-08,9.145140946132845e-08,7.0281527105688645e-06,0.5045875803283852,5.720591318329612e-05,6.415971810127413e-05,0.0008714878793042632,5.7986246535910225e-06,3.8217048260093846e-13,1.7170573240075463e-09,0.00012465495112985186,0.0,0.0,0.0,0.0,0.0,0.0,0.0,0.0,0.0,0.0,0.0,0.0,-3.52237625389214e-07,7.044752507119408e-07,2.3482508342441073e-07,1.6955748590252807e-16,-4.6965016715468627e-07,0.0,-1.2260843991838119e-14,3.978830904147435e-21,-5.348197542921515e-17,-3.752200949976851e-20,-1.0351134368185655e-16,-1.2800785415380614e-18,1.2852699270624442e-18,-1.2228894319349271e-14,1.436788237762111e-20,8.242821035088648e-17,-8.664437904594942e-20,-1.9859572531632503e-20,6.6365713352798786e-21,-2.2170063892164087e-22,1.2282848732901123e-14,4.625246902944776e-07,3.52237625389214e-07,6.9038133670825e-07,-7.044721408736373e-07,-5.988126592789025e-07,2.8689614776808553e-10,1.3647121307981362e-07,1.1406214945334454e-07,1.0510807450079778e-07,1.1406214945334454e-07,2.346530778229554e-07,2.346530778229554e-07,-1.6955748590252807e-16,4.69306157857806e-07,-3.4916171648387865e-16,5.682408462479433e-19,-2.115076600353442e-15,4.6930616770524125e-07,1.5944052966200876e-13,1.1541204829565702e-11,1.322554210341517e-10,-5.418188977594345e-11,-2.140870546028337e-19,4.689735292425195e-07,1.1541204829565702e-11,1.322554210341517e-10,-2.2745182552579802e-07,3.3262617987302215e-10,-2.3449245724454288e-07,-7.373257898612699e-09,-7.373257899897969e-09,-2.519773397652345e-16,7.129042800895067e-09,2.1087223198046962e-20,-3.1098383034295884e-12,7.1254768602086875e-09,3.838323217736269e-12,7.603596424729045e-13,2.0768441723385793e-12,5.2097015227056744e-21,2.5197711806459557e-16
0.567,548,101325.0,2.771e-08,0.066,0.29999999999999993,0.6339999999999998,0.22000000000000003,548.0,1e-11,1e-22,IdealGasReactor,off,0.6336814451821197,0.0,0.0,0.2974529233047024,0.004272460623834678,0.0014212862588348627,1.019624693598631e-12,0.06317188462948885,0.0,0.0032702705055712945,5.677855349762349e-11,0.49116828198991097,6.1003311992004966e-09,2.1710676178395903e-08,9.156363213592224e-08,7.038216384259568e-06,0.5044318717299404,5.7183453651028355e-05,6.41001053730352e-05,0.0008707447179279738,5.79707949681596e-06,3.818485091275968e-13,1.7174278219625472e-09,0.00012459105251651708,0.0,0.0,0.0,0.0,0.0,0.0,0.0,0.0,0.0,0.0,0.0,0.0,-3.520498512951894e-07,7.040997024065911e-07,2.3469990072874253e-07,1.6950489731489174e-16,-4.6939980161055943e-07,0.0,1.3042400175575835e-14,-4.728220629421806e-22,1.2905092662057513e-17,-5.043873826698496e-21,1.439680724624453e-17,-1.1207304683358461e-19,1.1184888088758274e-19,1.3040134195351446e-14,1.994558437115703e-21,-3.4418731148397385e-18,2.3525385378771418e-20,2.6381891661613126e-22,6.112409955949193e-21,-9.737874624346433e-23,-1.3053154347514312e-14,4.622823950303301e-07,3.520498512951894e-07,6.899602802414395e-07,-7.040965958962246e-07,-5.984992413767426e-07,2.865729355052074e-10,1.3646134136347403e-07,1.1397261939630978e-07,1.0504654728163035e-07,1.1397261939630978e-07,2.3452809588719347e-07,2.3452809588719347e-07,-1.6950489731489174e-16,4.690561939844991e-07,-3.4872958672312423e-16,5.676270675142999e-19,-2.113594048957752e-15,4.690561785647418e-07,1.5935560766792475e-13,1.1526837224054662e-11,1.3211715807722316e-10,-5.4087843372160816e-11,-2.1383851121761926e-19,4.687238244904091e-07,1.1526837224054662e-11,1.3211715807722316e-10,-2.2732911685335296e-07,3.3236712748706676e-10,-2.3436753360125524e-07,-7.370783875389585e-09,-7.370783875501434e-09,-2.518464864097735e-16,7.120968852705174e-09,2.106465623183725e-20,-3.1065103665560305e-12,7.117406580229306e-09,3.833975165334506e-12,7.599060535201625e-13,2.0746497925675053e-12,5.2042689041192476e-21,2.5184638903102726e-16
0.576,548,101325.0,2.771e-08,0.066,0.29999999999999993,0.6339999999999998,0.22000000000000003,548.0,1e-11,1e-22,IdealGasReactor,off,0.6336743018207485,0.0,0.0,0.29741575179207613,0.004340049234519466,0.0014438158280439095,1.0358997055793107e-12,0.06312608132357608,0.0,0.0032696022502087378,5.6736242968865935e-11,0.4913255558416463,6.099153271273862e-09,2.2044422628964968e-08,9.167562780071978e-08,7.0482678101094644e-06,0.5042761458997616,5.716098805074564e-05,6.404052750523513e-05,0.0008700019512296778,5.7955337614800566e-06,3.815267128962115e-13,1.7177984018094875e-09,0.00012452714590615972,0.0,0.0,0.0,0.0,0.0,0.0,0.0,0.0,0.0,0.0,0.0,0.0,-3.5186205706969427e-07,7.037241139673068e-07,2.3457470457384611e-07,1.694523031371385e-16,-4.691494093266251e-07,0.0,-6.426492338857137e-15,-8.051301294229336e-22,3.78450422553286e-18,2.5047831229250816e-20,2.649730817248265e-18,2.8767356471124175e-19,-2.9203197935878366e-19,-6.414080746883047e-15,2.1708255567461206e-21,1.3312701428183484e-17,3.73163994490937e-21,-4.8819165777114e-22,-8.248054982869532e-21,-1.0719207633044596e-21,6.410261163166593e-15,4.6204006757394334e-07,3.5186205706969427e-07,6.895392131851823e-07,-7.037210107827316e-07,-5.981857874315483e-07,2.8624995861522893e-10,1.3645142565720129e-07,1.1388310029941463e-07,1.0498501542131384e-07,1.1388310029941463e-07,2.344031003605642e-07,2.344031003605642e-07,-1.694523031371385e-16,4.688062029294719e-07,-3.4829783741645954e-16,5.670137263396041e-19,-2.1121117133222017e-15,4.6880620696576614e-07,1.592706764393325e-13,1.1512481343524711e-11,1.3197898665796253e-10,-5.399392853305998e-11,-2.135901700420541e-19,4.6847409244407707e-07,1.1512481343524711e-11,1.3197898665796253e-10,-2.272063950086955e-07,3.3210811142790726e-10,-2.3424259646241385e-07,-7.3683095651506166e-09,-7.3683095648585846e-09,-2.517167116978313e-16,7.112900358997895e-09,2.1042103815532756e-20,-3.103184575169491e-12,7.109341752681758e-09,3.829630051536189e-12,7.594523871668516e-13,2.072456752001449e-12,5.1988394532606864e-21,2.51715639777068e-16
0.585,548,101325.0,2.771e-08,0.066,0.29999999999999993,0.6339999999999998,0.22000000000000003,548.0,1e-11,1e-22,IdealGasReactor,off,0.6336671624332274,0.0,0.0,0.2973786009579525,0.004407600245678112,0.0014663328640596338,1.0521693015239762e-12,0.06308030349803022,0.0,0.003268933484552272,5.6693950078699436e-11,0.491482846930466,6.0979747968568895e-09,2.237783918473802e-08,9.178739649023532e-08,7.058306987690018e-06,0.5041204029405121,5.713851639075787e-05,6.398098450729353e-05,0.0008692595793311362,5.793987448366469e-06,3.812050939614227e-13,1.7181690635803212e-09,0.0001244632313497412,0.0,0.0,0.0,0.0,0.0,0.0,0.0,0.0,0.0,0.0,0.0,0.0,-3.5167424280934703e-07,7.033484854492405e-07,2.3444949506066125e-07,1.6939970340383219e-16,-4.688989903202484e-07,0.0,-5.654960847952819e-15,6.318865795652748e-22,-8.708116286703767e-18,-1.3309880753498015e-20,-2.6787416956917248e-20,4.393983413881683e-20,-6.54862347345981e-20,-5.625312906434434e-15,-5.031075457899646e-21,2.078488156975138e-17,-1.2459451597432594e-20,-5.6827308082393e-22,-1.5567187216412086e-21,-1.409356921519497e-22,5.634116910639914e-15,4.617977079406045e-07,3.5167424280934703e-07,6.891181357898458e-07,-7.033453855883104e-07,-5.978722976027957e-07,2.859272171249012e-10,1.3644146593262998e-07,1.1379359222425933e-07,1.0492347895419072e-07,1.1379359222425933e-07,2.3427809130768738e-07,2.3427809130768738e-07,-1.6939970340383219e-16,4.6855618482192926e-07,-3.4786646854077833e-16,5.664008227730359e-19,-2.1106295944762033e-15,4.685561880712896e-07,1.5918573602013952e-13,1.1498137188233627e-11,1.3184090679240116e-10,-5.390014514424106e-11,-2.1334203107843974e-19,4.6822433330522836e-07,1.1498137188233627e-11,1.3184090679240116e-10,-2.2708366009117283e-07,3.318491319443512e-10,-2.3411764592869536e-07,-7.365834969488416e-09,-7.3658349694229294e-09,-2.5158501130942304e-16,7.1048373218548124e-09,2.1019565954010225e-20,-3.099860929989233e-12,7.101282379643921e-09,3.825287877460488e-12,7.589986437429402e-13,2.0702650512659484e-12,5.1934131719464166e-21,2.515848703737309e-16
0.5939999999999999,548,101325.0,2.771e-08,0.066,0.29999999999999993,0.6339999999999998,0.22000000000000003,548.0,1e-11,1e-22,IdealGasReactor,off,0.6336600270196969,0.0,0.0,0.29734147080306245,0.004475113655981277,0.0014888373664388767,1.0684334813782377e-12,0.0630345511537521,0.0,0.0032682642088879806,5.6651674840777164e-11,0.4916401551762093,6.096795776325777e-09,2.271092579831724e-08,9.189893824044349e-08,7.068333916337117e-06,0.5039646429318291,5.7116038682064964e-05,6.392147639159809e-05,0.000868517602394681,5.792440558258845e-06,3.8088365238405875e-13,1.7185398072281148e-09,0.00012439930889839964,0.0,0.0,0.0,0.0,0.0,0.0,0.0,0.0,0.0,0.0,0.0,0.0,-3.514864086439828e-07,7.029728171148377e-07,2.3432427229004145e-07,1.693470981417964e-16,-4.686485447377161e-07,0.0,-6.616634225373611e-15,-5.317671189287189e-22,3.633957569356946e-18,5.1579430257289974e-21,3.813765845012487e-18,-1.05402662373957e-19,1.1026152129209348e-19,-6.624678958840467e-15,3.3443641199213078e-21,-8.056713295061921e-18,4.2184438133324964e-21,-2.3488827469208912e-21,4.587032632121268e-22,1.4795533147401361e-22,6.621006272991624e-15,4.615553162738619e-07,3.514864086439828e-07,6.886970483704886e-07,-7.029697205754057e-07,-5.975587721060711e-07,2.856047110875073e-10,1.3643146217422e-07,1.137040952431092e-07,1.0486193792445623e-07,1.137040952431092e-07,2.3415306881522075e-07,2.3415306881522075e-07,-1.693470981417964e-16,4.6830613983521224e-07,-3.474354800702604e-16,5.657883568993325e-19,-2.109147693451109e-15,4.6830614408577276e-07,1.5910078646922739e-13,1.1483804759504819e-11,1.3170291850885167e-10,-5.380649309642092e-11,-2.1309409432908856e-19,4.67974547275481e-07,1.1483804759504819e-11,1.3170291850885167e-10,-2.2696091220038466e-07,3.315901892854782e-10,-2.3399268210076085e-07,-7.363360089656801e-09,-7.363360089767063e-09,-2.5145393296083544e-16,7.096779744020367e-09,2.0997042654103177e-20,-3.096539432023191e-12,7.0932284638541745e-09,3.8209486445819155e-12,7.585448236499765e-13,2.0680746911796685e-12,5.187990062487435e-21,2.514540809161669e-16
0.6029999999999999,548,101324.99999999999,2.771e-08,0.066,0.29999999999999993,0.6339999999999998,0.22000000000000003,548.0,1e-11,1e-22,IdealGasReactor,off,0.6336528955802944,0.0,0.0,0.2973043613281219,0.004542589464127471,0.001511329334747796,1.0846922450896586e-12,0.06298882429162375,0.0,0.003267594423735506,5.660941727278366e-11,0.4917974805332535,6.0956162104892496e-09,2.304368242441764e-08,9.201025308949314e-08,7.078348595032472e-06,0.5038088659185095,5.709355493972373e-05,6.386200317503198e-05,0.0008677760206440212,5.790893091940968e-06,3.805623882343363e-13,1.7189106325853689e-09,0.0001243353786035397,0.0,0.0,0.0,0.0,0.0,0.0,0.0,0.0,0.0,0.0,0.0,0.0,-3.512985547535438e-07,7.025971093348093e-07,2.3419903636293074e-07,1.6929448736614556e-16,-4.683980728927391e-07,0.0,-2.2896773276646328e-15,1.8557332411065308e-22,3.259180097186113e-18,2.131102124835374e-21,3.00453174302941e-18,2.617861202607822e-20,-2.5525139342161328e-20,-2.2890853045740612e-15,-2.1451049047035705e-22,8.603884172086804e-19,5.520085208605711e-21,-2.0196648631247862e-21,1.293095020439684e-21,-3.0437786706015997e-22,2.285802501156259e-15,4.6131289288368904e-07,3.512985547535438e-07,6.882759513396242e-07,-7.025940161147265e-07,-5.972452112416701e-07,2.8528244059646245e-10,1.3642141438577252e-07,1.1361460944431555e-07,1.0480039239117002e-07,1.1361460944431555e-07,2.3402803300302147e-07,2.3402803300302147e-07,-1.6929448736614556e-16,4.6805606820903174e-07,-3.470048719752819e-16,5.651763288570511e-19,-2.1076660112813224e-15,4.680560681258328e-07,1.5901582786803582e-13,1.1469484060273769e-11,1.315650218541901e-10,-5.371297228802669e-11,-2.128463597964664e-19,4.677247345563294e-07,1.1469484060273769e-11,1.315650218541901e-10,-2.2683815143652635e-07,3.3133128370086365e-10,-2.3386770507923054e-07,-7.360884926404401e-09,-7.360884926378876e-09,-2.51323575913742e-16,7.088727629229814e-09,2.0974533925608348e-20,-3.0932200827163278e-12,7.085180009050074e-09,3.816612354912656e-12,7.580909273974221e-13,2.0658856728532637e-12,5.182570127941222e-21,2.513232715358749e-16
0.6119999999999999,548,101325.0,2.771e-08,0.066,0.29999999999999993,0.6339999999999998,0.22000000000000003,548.0,1e-11,1e-22,IdealGasReactor,off,0.6336457681151545,0.0,0.0,0.2972672725338313,0.004610027668842988,0.0015338087685618658,1.1009455926077603e-12,0.0629431229125083,0.0,0.0032669241294565454,5.656717738960793e-11,0.49195482293234577,6.094436099862525e-09,2.3376109017141692e-08,9.212134107486028e-08,7.088351023029798e-06,0.5036530719691855,5.7071065176045336e-05,6.380256487132959e-05,0.0008670348342600849,5.789345050198152e-06,3.8024130157568627e-13,1.7192815395664758e-09,0.00012427144051640747,0.0,0.0,0.0,0.0,0.0,0.0,0.0,0.0,0.0,0.0,0.0,0.0,-3.51110681283836e-07,7.022213624078606e-07,2.3407378738023214e-07,1.6924187110000387e-16,-4.681475749363467e-07,0.0,-1.3030235358048249e-15,-3.180193961167072e-22,-2.5478670291043737e-18,6.227951530857926e-22,-9.452993570476399e-18,6.88214269644119e-22,-1.0298398626285195e-21,-1.3058125671459495e-15,-4.325063072594999e-22,4.076670307806886e-18,-4.037633359758985e-21,-6.5305909361061535e-22,-3.23195865141181e-22,5.727103183000826e-23,1.3083825118953225e-15,4.6107043791807946e-07,3.51110681283836e-07,6.87854845043323e-07,-7.022182725049774e-07,-5.969316152522269e-07,2.849604057171034e-10,1.3641132255803522e-07,1.1352513490521863e-07,1.0473884240327013e-07,1.1352513490521863e-07,2.3390298396834148e-07,2.3390298396834148e-07,-1.6924187110000387e-16,4.678059701378929e-07,-3.465746442279259e-16,5.645647387468351e-19,-2.1061845489986348e-15,4.678059690732539e-07,1.5893086028264498e-13,1.1455175092341209e-11,1.314272168623585e-10,-5.3619582612083845e-11,-2.1259882748245596e-19,4.6747489534943186e-07,1.1455175092341209e-11,1.314272168623585e-10,-2.2671537789940742e-07,3.3107241543951893e-10,-2.3374271496479228e-07,-7.358409480824715e-09,-7.3584094808236856e-09,-2.5119238506859107e-16,7.0806809805237114e-09,2.0952039776251983e-20,-3.0899028832082433e-12,7.077137018267232e-09,3.812279010087358e-12,7.576369554213734e-13,2.063697997193327e-12,5.177153370843624e-21,2.511924423396229e-16
0.6209999999999999,548,101325.00000000004,2.771e-08,0.066,0.29999999999999993,0.6339999999999998,0.22000000000000003,548.0,1e-11,1e-22,IdealGasReactor,off,0.633638644624409,0.0,0.0,0.2972302044208758,0.0046774282688821466,0.001556275667465881,1.1171935238839967e-12,0.06289744701724993,0.0,0.0032662533263116073,5.652495520433574e-11,0.492112182288999,6.093255444772505e-09,2.3708205530293092e-08,9.223220223377784e-08,7.098341199767266e-06,0.503497261167857,5.70485694015817e-05,6.374316149218692e-05,0.0008662940433961792,5.787796433817652e-06,3.7992039246710395e-13,1.719652528138885e-09,0.00012420749468817433,0.0,0.0,0.0,0.0,0.0,0.0,0.0,0.0,0.0,0.0,0.0,0.0,-3.5092278835878894e-07,7.018455765347124e-07,2.3394852544303642e-07,1.6918924937166172e-16,-4.67897050989408e-07,0.0,8.847053121100016e-14,-5.486925356672848e-21,2.242878509424218e-17,1.3084150742385592e-21,1.3957832421329988e-17,-1.2665260143819926e-18,1.220359410034183e-18,8.841711372669117e-14,2.4870801309385845e-20,-4.3060277745577826e-17,7.281935080800694e-21,-2.0883001744513737e-20,1.1916127048656301e-20,1.0543219130704255e-21,-8.843983928648503e-14,4.608279514953196e-07,3.5092278835878894e-07,6.874337297850295e-07,-7.018424899468779e-07,-5.966179843434288e-07,2.8463860649664746e-10,1.364011866733938e-07,1.134356716960945e-07,1.0467728800320744e-07,1.134356716960945e-07,2.3377792179394277e-07,2.3377792179394277e-07,-1.6918924937166172e-16,4.6755584578730336e-07,-3.461447968011863e-16,5.639535866448193e-19,-2.1047033076332345e-15,4.6755575500156965e-07,1.5884588376928942e-13,1.1440877856774927e-11,1.3128950355896616e-10,-5.352632395814281e-11,-2.1235149738848024e-19,4.672250298566588e-07,1.1440877856774927e-11,1.3128950355896616e-10,-2.2659259168879716e-07,3.3081358475014613e-10,-2.3361771185824012e-07,-7.355933754239272e-09,-7.355933755459631e-09,-2.51060539096395e-16,7.072639800489851e-09,2.092956021242532e-20,-3.086587834441617e-12,7.069099494088387e-09,3.807948611496776e-12,7.571829081109381e-13,2.061511664974874e-12,5.17173979339403e-21,2.510615934183081e-16
0.6299999999999999,548,101325.0,2.771e-08,0.066,0.29999999999999993,0.6339999999999998,0.22000000000000003,548.0,1e-11,1e-22,IdealGasReactor,off,0.6336315251081865,0.0,0.0,0.29719315698992477,0.004744791263027534,0.001578730031053954,1.1334360388717264e-12,0.06285179660667364,0.0,0.0032655820149666338,5.6482750737066916e-11,0.4922695585788065,6.09207424629603e-09,2.4039971921184266e-08,9.23428366068523e-08,7.108319124046609e-06,0.5033414335379167,5.7026067633918905e-05,6.368379305713108e-05,0.0008655536483123451,5.786247243584795e-06,3.7959966098404206e-13,1.720023598060114e-09,0.00012414354117042025,0.0,0.0,0.0,0.0,0.0,0.0,0.0,0.0,0.0,0.0,0.0,0.0,-3.50734876189307e-07,7.01469752209471e-07,2.338232506520367e-07,1.691366221890377e-16,-4.676465014725793e-07,0.0,4.1303493721324573e-17,-4.0637113407864453e-23,2.2181567981725417e-19,4.411955934042742e-22,8.152692117322641e-21,-5.479244377551255e-21,5.494960809189763e-21,4.067374788609815e-17,2.135416430610008e-22,-4.071509919745048e-19,4.181830166013871e-22,-2.063815628319804e-22,-1.04570841406247e-22,2.4606435317731943e-25,-4.0897751963193904e-17,4.6058543403174317e-07,3.50734876189307e-07,6.870126060371792e-07,-7.014666689345329e-07,-5.963043188677049e-07,2.8431704305208383e-10,1.3639100674776817e-07,1.1334621991512143e-07,1.0461572925919604e-07,1.1334621991512143e-07,2.3365284662012503e-07,2.3365284662012503e-07,-1.691366221890377e-16,4.6730569543790065e-07,-3.45715329661825e-16,5.633428727208113e-19,-2.103222288220472e-15,4.673056930304398e-07,1.5876089842329903e-13,1.142659235744732e-11,1.3115188200186343e-10,-5.343319622913196e-11,-2.121043695163877e-19,4.6697513827945534e-07,1.142659235744732e-11,1.3115188200186343e-10,-2.2646979290496066e-07,3.305547918821938e-10,-2.3349269586015454e-07,-7.353457747076046e-09,-7.353457747081541e-09,-2.509307246797834e-16,7.064604093438041e-09,2.090709524567054e-20,-3.083274938118873e-12,7.0610674408361444e-09,3.8036211614678734e-12,7.567287860423705e-13,2.059326677480759e-12,5.166329399091225e-21,2.5093072492584775e-16
0.6389999999999999,548,101325.00000000004,2.771e-08,0.066,0.29999999999999993,0.6339999999999998,0.22000000000000003,548.0,1e-11,1e-22,IdealGasReactor,off,0.6336244095666129,0.0,0.0,0.2971561302416327,0.004812116650089462,0.0016011718589295217,1.1496731375262782e-12,0.0628061716815857,0.0,0.0032649101955404443,5.644056399833964e-11,0.49242695169591416,6.090892504496573e-09,2.4371408143523434e-08,9.245324423124531e-08,7.1182847955744e-06,0.5031855891849168,5.700355988114838e-05,6.36244595749702e-05,0.0008648136491228453,5.784697480289861e-06,3.7927910717913897e-13,1.7203947493717575e-09,0.00012407958001420442,0.0,0.0,0.0,0.0,0.0,0.0,0.0,0.0,0.0,0.0,0.0,0.0,-3.505469448685874e-07,7.010938895594837e-07,2.336979631085423e-07,1.6908398958766475e-16,-4.673959263670913e-07,0.0,-2.732789016825811e-15,-7.800200923864998e-22,7.349121372801949e-18,4.154629249375156e-21,8.670758643687052e-18,-3.552244422547722e-20,4.047312019160709e-20,-2.743302328555766e-15,1.7787143804405134e-21,-1.1685898271253084e-17,1.4053137832138178e-20,1.7536228986124187e-22,1.838004965410432e-21,4.5015944842944923e-23,2.7358832532043443e-15,4.6034288550664184e-07,3.505469448685874e-07,6.865914740434587e-07,-7.010908095952888e-07,-5.959906189789688e-07,2.8399571540496565e-10,1.3638078275186722e-07,1.1325677962264718e-07,1.045541662045925e-07,1.1325677962264718e-07,2.335277585093509e-07,2.335277585093509e-07,-1.6908398958766475e-16,4.670555192145718e-07,-3.4528624278377405e-16,5.627325970161396e-19,-2.1017414917878987e-15,4.6705551959291824e-07,1.586759042871155e-13,1.1412318594385508e-11,1.310143522048779e-10,-5.334019930967937e-11,-2.1185744386677595e-19,4.667252208199512e-07,1.1412318594385508e-11,1.310143522048779e-10,-2.2634698164756722e-07,3.3029603708378253e-10,-2.3336766707146347e-07,-7.3509814609750835e-09,-7.350981461015557e-09,-2.507997919149836e-16,7.056573861325326e-09,2.0884644880487837e-20,-3.0799641949037872e-12,7.0530408604494535e-09,3.7992966610451095e-12,7.562745895388689e-13,2.057143035299536e-12,5.160922189657745e-21,2.5079983693092845e-16
0.6479999999999999,548,101325.00000000004,2.771e-08,0.066,0.29999999999999993,0.6339999999999998,0.22000000000000003,548.0,1e-11,1e-22,IdealGasReactor,off,0.6336172979998108,0.0,0.0,0.2971191241766384,0.004879404428905997,0.0016236011507053407,1.1659048198049486e-12,0.06276057224277348,0.0,0.003264237868598699,5.639839500642199e-11,0.4925843616007379,6.089710220264267e-09,2.4702514154871795e-08,9.256342514783663e-08,7.128238213356121e-06,0.5030297281475594,5.6981046159112254e-05,6.356516106314266e-05,0.0008640740460596049,5.783147144720807e-06,3.789587311231776e-13,1.7207659818838866e-09,0.00012401561127103119,0.0,0.0,0.0,0.0,0.0,0.0,0.0,0.0,0.0,0.0,0.0,0.0,-3.503589945856781e-07,7.007179890341062e-07,2.3357266291346096e-07,1.6903135158060686e-16,-4.671453260194086e-07,0.0,2.103969451831882e-14,-1.2100521340195599e-21,-5.5200666791131925e-18,-1.281462064631427e-20,-3.182281607010725e-17,-3.177167645591677e-19,3.1337902942693964e-19,2.1031051298172086e-14,-6.985958306181213e-22,1.7895211879396252e-17,-1.3702481914868885e-20,8.868668636275571e-21,2.2863650755110945e-21,1.696831774061191e-22,-2.10254796241159e-14,4.601003062626235e-07,3.503589945856781e-07,6.861703342337714e-07,-7.007149123784999e-07,-5.956768849928618e-07,2.8367462365373924e-10,1.3637051469336405e-07,1.1316735090976262e-07,1.0449259890114381e-07,1.1316735090976262e-07,2.3340265758749984e-07,2.3340265758749984e-07,-1.6903135158060686e-16,4.6680531736909126e-07,-3.448575361341188e-16,5.621227596753911e-19,-2.1002609193686085e-15,4.6680529397491455e-07,1.5859090144627057e-13,1.1398056570707866e-11,1.3087691421737467e-10,-5.32473330991534e-11,-2.1161072044072978e-19,4.664752776797903e-07,1.1398056570707866e-11,1.3087691421737467e-10,-2.2622415801686842e-07,3.3003732060385817e-10,-2.3324262559285277e-07,-7.3485048965925464e-09,-7.3485048969059255e-09,-2.506687598885103e-16,7.048549108004196e-09,2.086220912705439e-20,-3.0766556062974696e-12,7.045019756785047e-09,3.794975112304737e-12,7.558203191298456e-13,2.054960739579528e-12,5.1555181682483636e-21,2.506689295716877e-16
0.6569999999999999,548,101325.0,2.771e-08,0.066,0.29999999999999993,0.6339999999999998,0.22000000000000003,548.0,1e-11,1e-22,IdealGasReactor,off,0.6336101904079,0.0,0.0,0.29708213879556555,0.004946654598343509,0.0016460179060034947,1.1821310856669392e-12,0.06271499829100524,0.0,0.003263565034372259,5.635624377372413e-11,0.492741788203599,6.088527393867888e-09,2.503328991064816e-08,9.267337939551794e-08,7.138179376956586e-06,0.5028738505150778,5.695852647784347e-05,6.350589753252165e-05,0.0008633348392650976,5.781596237669462e-06,3.786385328729697e-13,1.7211372955810743e-09,0.00012395163499211945,0.0,0.0,0.0,0.0,0.0,0.0,0.0,0.0,0.0,0.0,0.0,0.0,-3.50171025457589e-07,7.00342050728993e-07,2.3344735016808518e-07,1.6897870819791246e-16,-4.6689470034659913e-07,0.0,7.27730708208752e-14,-1.023849236908108e-21,7.204019731448442e-18,4.2430791773858087e-20,1.7331988166717494e-17,-1.5706902517850915e-18,1.4441647052889804e-18,7.263029454362187e-14,4.032297115845416e-20,-1.509894192419045e-16,5.942940099301532e-21,1.8244398988046148e-20,-1.2258163584233957e-20,-2.2785381600655343e-22,-7.263765404366782e-14,4.598576962143615e-07,3.50171025457589e-07,6.857491868979455e-07,-7.003389773798199e-07,-5.953631171033591e-07,2.8335376783834064e-10,1.3636020255222522e-07,1.130779338444022e-07,1.0443102738924867e-07,1.130779338444022e-07,2.3327754393273324e-07,2.3327754393273324e-07,-1.6897870819791246e-16,4.665550900577952e-07,-3.444292096843329e-16,5.615133607643354e-19,-2.098780571991626e-15,4.6655501506620567e-07,1.585058899538728e-13,1.1383806287173382e-11,1.3073956806170663e-10,-5.3154597485707624e-11,-2.113641992385298e-19,4.662253090611691e-07,1.1383806287173382e-11,1.3073956806170663e-10,-2.2610132211275737e-07,3.297786426906034e-10,-2.3311757152526804e-07,-7.346028055327809e-09,-7.346028056771974e-09,-2.5053823078784944e-16,7.04052983587059e-09,2.083978799122844e-20,-3.073349173163943e-12,7.037004132237647e-09,3.790656516537058e-12,7.553659751898831e-13,2.0527797910432443e-12,5.150117336929162e-21,2.5053800293403343e-16
0.6659999999999999,548,101324.99999999997,2.771e-08,0.066,0.29999999999999993,0.6339999999999998,0.22000000000000003,548.0,1e-11,1e-22,IdealGasReactor,off,0.6336030867909969,0.0,0.0,0.29704517409902437,0.005013867157291184,0.0016684221244553988,1.1983519350740056e-12,0.06266944982703362,0.0,0.003262891693293861,5.631411031611112e-11,0.4928992314448146,6.087344025949227e-09,2.536373536838421e-08,9.278310701499215e-08,7.148108285624527e-06,0.5027179563464467,5.6936000850865885e-05,6.34466689977991e-05,0.0008625960289342323,5.780044759926582e-06,3.783185124931832e-13,1.721508690343153e-09,0.00012388765122885683,0.0,0.0,0.0,0.0,0.0,0.0,0.0,0.0,0.0,0.0,0.0,0.0,-3.4998303764453105e-07,6.999660751211607e-07,2.3332202497310095e-07,1.6892605945945755e-16,-4.666440500799568e-07,0.0,2.0348937214230305e-16,-5.1012203258797383e-23,3.457629867558304e-17,2.4434297421091806e-22,-7.232602578367657e-19,3.5998900258307764e-21,-3.9870105525055934e-21,1.6729768255298877e-16,3.884020709739381e-21,-3.5793817627531434e-19,6.132341154731769e-20,1.1430602089717151e-22,-2.5388008972429556e-23,-1.58947878629745e-23,-2.0217551232003014e-16,4.596150560898975e-07,3.4998303764453105e-07,6.853280324094326e-07,-6.999630050762639e-07,-5.950493155772916e-07,2.8303314803290595e-10,1.3634984632513897e-07,1.1298852850829747e-07,1.0436945172208224e-07,1.1298852850829747e-07,2.3315241765178484e-07,2.3315241765178484e-07,-1.6892605945945755e-16,4.6630483749410943e-07,-3.4400126340217115e-16,5.609044003945398e-19,-2.097300450687275e-15,4.66304834967346e-07,1.5842086988244504e-13,1.1369567745915889e-11,1.3060231377609702e-10,-5.3061992364049795e-11,-2.1111788026038667e-19,4.6597531516592914e-07,1.1369567745915889e-11,1.3060231377609702e-10,-2.2597847403497691e-07,3.2952000359235303e-10,-2.329925049695082e-07,-7.3435509381240234e-09,-7.3435509381200364e-09,-2.5040707302992303e-16,7.032516048178333e-09,2.0817381481402557e-20,-3.070044896741165e-12,7.0289939900592984e-09,3.786340875490895e-12,7.549115581864191e-13,2.0506001906630153e-12,5.144719698404501e-21,2.5040705713513516e-16
0.6749999999999999,548,101325.0,2.771e-08,0.066,0.29999999999999993,0.6339999999999998,0.22000000000000003,548.0,1e-11,1e-22,IdealGasReactor,off,0.6335959871492166,0.0,0.0,0.29700823008760313,0.005081042104681663,0.0016908138057017724,1.2145673679880173e-12,0.0626239268515822,0.0,0.0032622178457358906,5.6271994648391964e-11,0.49305669125527374,6.086160117037783e-09,2.5693850485399096e-08,9.28926080472799e-08,7.158024938746143e-06,0.5025620457101488,5.691346929067169e-05,6.338747547249006e-05,0.0008618576152459958,5.778492712286536e-06,3.779986700461552e-13,1.7218801660816454e-09,0.00012382366003267143,0.0,0.0,0.0,0.0,0.0,0.0,0.0,0.0,0.0,0.0,0.0,0.0,-3.497950312936183e-07,6.995900619927058e-07,2.331966874301417e-07,1.6887340538831643e-16,-4.6639337484287745e-07,0.0,-1.6664645429627823e-13,-6.665090381544205e-21,8.26421972184369e-17,-4.399507934181465e-20,4.262221086189172e-16,-4.707650302161791e-19,5.029026513750893e-19,-1.664076335602863e-13,-2.0040010228864547e-19,-1.0297214372804835e-16,1.0422262662614867e-19,-1.089197309409559e-19,4.041495170763231e-20,3.684256614487576e-21,1.6632442306455708e-13,4.593723855096524e-07,3.497950312936183e-07,6.849068711164832e-07,-6.995869952499276e-07,-5.94735480659503e-07,2.8271276430086644e-10,1.363394460037841e-07,1.128991349790133e-07,1.0430787194897701e-07,1.128991349790133e-07,2.3302727884282117e-07,2.3302727884282117e-07,-1.6887340538831643e-16,4.660545598743655e-07,-3.4357369725626846e-16,5.602958786632949e-19,-2.095820556486647e-15,4.6605472392435843e-07,1.5833584129868868e-13,1.1355340948637398e-11,1.3046515139385392e-10,-5.2969517626886606e-11,-2.10871763506449e-19,4.657252961963778e-07,1.1355340948637398e-11,1.3046515139385392e-10,-2.2585561388405663e-07,3.292614035575388e-10,-2.328674260266163e-07,-7.341073546085062e-09,-7.341073546587965e-09,-2.502724080261994e-16,7.024507747912659e-09,2.0794989605175024e-20,-3.066742778149588e-12,7.020989333225044e-09,3.782028190770464e-12,7.544570685590494e-13,2.0484219393333075e-12,5.139325255180063e-21,2.502760922828139e-16
0.6839999999999999,548,101325.00000000003,2.771e-08,0.066,0.29999999999999993,0.6339999999999998,0.22000000000000003,548.0,1e-11,1e-22,IdealGasReactor,off,0.6335888914826695,0.0,0.0,0.2969713067618818,0.005148179439458831,0.0017131929493926878,1.2307773843747701e-12,0.06257842936536659,0.0,0.0032615434926118528,5.62298967946384e-11,0.4932141676474317,6.084975668668896e-09,2.6023635224599033e-08,9.30018825378393e-08,7.167929334846302e-06,0.5024061185923985,5.6890931819121103e-05,6.33283169804875e-05,0.000861119598520099,5.776940095532584e-06,3.7767900561529407e-13,1.7222517224263552e-09,0.0001237596614552626,0.0,0.0,0.0,0.0,0.0,0.0,0.0,0.0,0.0,0.0,0.0,0.0,-3.4960700666782964e-07,6.992140131668385e-07,2.3307133763951397e-07,1.6882074597990994e-16,-4.661426754449108e-07,0.0,2.5020607475851754e-16,-1.6169266178325176e-23,3.2471608571729287e-18,3.5838845494334267e-22,2.763444990417155e-20,-4.605741650695258e-21,4.626421166009084e-21,2.472634492125316e-16,6.068037232511147e-22,3.3089985702091643e-19,5.662181347689753e-21,-1.0598251598335667e-22,8.162811186408153e-24,3.3031114798085e-25,-2.505385199908711e-16,4.5912968527788735e-07,3.4960700666782964e-07,6.84485703593333e-07,-6.99210949724019e-07,-5.944216127910514e-07,2.823926167983733e-10,1.363290016248962e-07,1.1280975337119267e-07,1.0424628815363429e-07,1.1280975337119267e-07,2.3290212768077598e-07,2.3290212768077598e-07,-1.6882074597990994e-16,4.6580425754854006e-07,-3.4314651120596455e-16,5.596877957915412e-19,-2.0943408904217245e-15,4.6580425494546773e-07,1.5825080432146661e-13,1.1341125900744968e-11,1.3032808099103155e-10,-5.2877173184460015e-11,-2.1062584897661895e-19,4.654752523531718e-07,1.1341125900744968e-11,1.3032808099103155e-10,-2.2573274176041587e-07,3.290028428344443e-10,-2.3274233479667954e-07,-7.338595879098097e-09,-7.338595879102723e-09,-2.5014510823864993e-16,7.016504940344257e-09,2.077261237697145e-20,-3.0634428195175593e-12,7.0129901670234505e-09,3.777718465221571e-12,7.540025069964071e-13,2.0462450386203956e-12,5.133934011481363e-21,2.501451085689611e-16
0.693,548,101324.99999999999,2.771e-08,0.066,0.29999999999999993,0.6339999999999998,0.22000000000000003,548.0,1e-11,1e-22,IdealGasReactor,off,0.6335817997914631,0.0,0.0,0.29693440412242184,0.0052152791606020574,0.0017355595551875331,1.2469819842011182e-12,0.06253295736907834,0.0,0.0032608686336284,5.618781675804912e-11,0.49337166045197123,6.083790680133032e-09,2.6353089538581274e-08,9.311093052335424e-08,7.177821474404282e-06,0.502250175162751,5.6868388437146026e-05,6.326919352223016e-05,0.0008603819787581367,5.775386910470476e-06,3.773595192353592e-13,1.7226233596367514e-09,0.00012369565554758955,0.0,0.0,0.0,0.0,0.0,0.0,0.0,0.0,0.0,0.0,0.0,0.0,-3.4941896377120784e-07,6.988379273942935e-07,2.329459757032154e-07,1.6876808129128166e-16,-4.658919516002314e-07,0.0,-9.45841241247126e-15,8.725701499847104e-23,-7.135767032356773e-18,7.323484712400642e-21,-2.0717261219537712e-17,-4.804264997707985e-20,4.7449561477879327e-20,-9.45407044713738e-15,1.2483823537140932e-21,1.785003784089251e-17,-1.521896408720714e-20,-1.72973805842495e-21,-2.7130830971923925e-21,2.9785260913537317e-23,9.461272691928772e-15,4.588869551086982e-07,3.4941896377120784e-07,6.840645299089243e-07,-6.988348672492728e-07,-5.941077119745043e-07,2.820727054724979e-10,1.3631851312487963e-07,1.1272038371638425e-07,1.0418470034290436e-07,1.1272038371638425e-07,2.3277696416886856e-07,2.3277696416886856e-07,-1.6876808129128166e-16,4.6555393052295306e-07,-3.427197052286981e-16,5.590801517202242e-19,-2.0928614535174176e-15,4.655539376230422e-07,1.5816575895296625e-13,1.1326922599264427e-11,1.3019110254732677e-10,-5.278495890731194e-11,-2.1038013666971558e-19,4.6522518384009907e-07,1.1326922599264427e-11,1.3019110254732677e-10,-2.2560985776348197e-07,3.287443216704403e-10,-2.3261723138154437e-07,-7.336117939733443e-09,-7.336117939780892e-09,-2.5001407621217663e-16,7.008507625571993e-09,2.075024979582485e-20,-3.060145020701893e-12,7.0049964915332045e-09,3.773411698887446e-12,7.535478736304253e-13,2.0440694885748177e-12,5.12854596765491e-21,2.5001410599743755e-16
0.702,548,101325.0,2.771e-08,0.066,0.29999999999999993,0.6339999999999998,0.22000000000000003,548.0,1e-11,1e-22,IdealGasReactor,off,0.6335747120757033,0.0,0.0,0.29689752216977006,0.005282341267117384,0.0017579136227550325,1.2631811674360211e-12,0.06248751086339116,0.0,0.0032601932693384576,5.614575455640587e-11,0.49352916962665283,6.0826051522937136e-09,2.6682213387843015e-08,9.321975204751243e-08,7.187701356567238e-06,0.5020942154625859,5.6845839160354766e-05,6.32101051145141e-05,0.000859644756183785,5.773833157892931e-06,3.770402109749082e-13,1.722995077531661e-09,0.00012363164236118925,0.0,0.0,0.0,0.0,0.0,0.0,0.0,0.0,0.0,0.0,0.0,0.0,-3.4923090278915095e-07,6.984618053168928e-07,2.328206017223645e-07,1.6871541133639444e-16,-4.656412035075946e-07,0.0,5.69915998832442e-14,-1.4956662737723232e-20,6.623770364286015e-18,5.199781758415649e-20,9.278060091044704e-17,-4.088786855074118e-19,3.099056980348295e-19,5.697812509121338e-14,7.026879159285894e-20,-9.890070674721564e-17,-3.367092886345441e-20,-2.6145783295517522e-20,-4.064465477472554e-21,-1.0447428312553625e-21,-5.698488137150368e-14,4.58644195197133e-07,3.4923090278915095e-07,6.836433504861177e-07,-6.984587484675097e-07,-5.937937785196037e-07,2.817530304161228e-10,1.3630798051050296e-07,1.1263102610429649e-07,1.0412310857747177e-07,1.1263102610429649e-07,2.32651788430623e-07,2.32651788430623e-07,-1.6871541133639444e-16,4.6530357904468906e-07,-3.422932792884976e-16,5.584729465853781e-19,-2.0913822468035822e-15,4.6530351971441064e-07,1.5808070527711895e-13,1.1312731047060949e-11,1.3005421610968894e-10,-5.26928746936946e-11,-2.1013462658493819e-19,4.6497509085897855e-07,1.1312731047060949e-11,1.3005421610968894e-10,-2.2548696199367246e-07,3.284858403134632e-10,-2.3249211588195205e-07,-7.3336397286920365e-09,-7.333639729001942e-09,-2.49884129446667e-16,7.0005158073139695e-09,2.0727901871505706e-20,-3.0568493831438293e-12,6.997008310461625e-09,3.769107893764447e-12,7.530931689831283e-13,2.041895290304401e-12,5.12316112675291e-21,2.4988308470383575e-16
0.711,548,101325.0,2.771e-08,0.066,0.29999999999999993,0.6339999999999998,0.22000000000000003,548.0,1e-11,1e-22,IdealGasReactor,off,0.6335676283354915,0.0,0.0,0.29686066090445756,0.00534936575803868,0.0017802551517732384,1.2793749340504035e-12,0.062442089848959714,0.0,0.003259517400328464,5.6103710208010916e-11,0.4936866951339845,6.0814190860744355e-09,2.701100673375424e-08,9.33283471546517e-08,7.197568980439792e-06,0.5019382395284917,5.6823284004933674e-05,6.315105177468121e-05,0.0008589079310286143,5.772278838593032e-06,3.7672108090357596e-13,1.7233668759118629e-09,0.00012356762194762187,0.0,0.0,0.0,0.0,0.0,0.0,0.0,0.0,0.0,0.0,0.0,0.0,-3.4904282391403895e-07,6.980856476939047e-07,2.326952157976259e-07,1.6866273612759954e-16,-4.6539043178937085e-07,0.0,1.728847343723908e-14,-9.988177006901695e-22,-8.893460062327506e-18,-1.0287512991069322e-21,-3.457122622571064e-17,-1.3393708478458624e-19,1.3559723627398017e-19,1.7279310631862377e-14,-6.970766536464438e-21,1.64930383104712e-17,-9.916615191707192e-21,7.137534710566938e-22,-7.486203321555189e-21,2.245754494170123e-22,-1.7270327227071286e-14,4.58401406161729e-07,3.4904282391403895e-07,6.832221657607557e-07,-6.980825941379964e-07,-5.934798127475995e-07,2.8143359172704015e-10,1.3629740379129413e-07,1.1254168062683574e-07,1.0406151292006509e-07,1.1254168062683574e-07,2.325266005941022e-07,2.325266005941022e-07,-1.6866273612759954e-16,4.6505320336987724e-07,-3.4186723334828646e-16,5.578661805296037e-19,-2.089903271310421e-15,4.650531837402383e-07,1.5799564338093994e-13,1.1298551247199835e-11,1.2991742172742003e-10,-5.2600920442813065e-11,-2.0988931872126378e-19,4.647249736115542e-07,1.1298551247199835e-11,1.2991742172742003e-10,-2.253640545510363e-07,3.282273990113002e-10,-2.3236698839861626e-07,-7.3311612465896184e-09,-7.331161246725216e-09,-2.497518202533279e-16,6.992529489361401e-09,2.07055686141535e-20,-3.053555908339087e-12,6.989025627641824e-09,3.76480705191494e-12,7.526383935916276e-13,2.0397224449541715e-12,5.1177794919231555e-21,2.4975204482877734e-16
0.72,548,101324.99999999997,2.771e-08,0.066,0.29999999999999993,0.6339999999999998,0.22000000000000003,548.0,1e-11,1e-22,IdealGasReactor,off,0.6335605485709268,0.0,0.0,0.29682382032700017,0.005416352632428414,0.0018025841419295374,1.2955632840170685e-12,0.06239669432641935,0.0,0.0032588410267776462,5.6061683724111614e-11,0.4938442368752785,6.080232481643222e-09,2.7339469534432012e-08,9.343671588654382e-08,7.207424345809344e-06,0.5017822474587832,5.6800722980004414e-05,6.309203351216694e-05,0.0008581715034164465,5.770723953371634e-06,3.764021290743577e-13,1.7237387547923448e-09,0.0001235035943582049,0.0,0.0,0.0,0.0,0.0,0.0,0.0,0.0,0.0,0.0,0.0,0.0,-3.4885472725087443e-07,6.977094543264398e-07,2.3256981803081045e-07,1.686100556979967e-16,-4.651396362070456e-07,0.0,1.0606476198918e-14,8.606690252324961e-22,8.086045648880418e-18,-3.2784393624062852e-21,6.7704402265220294e-18,-6.225692162319107e-20,8.850336245949864e-20,1.058990850909367e-14,3.0159454468855003e-21,-1.5098737176955562e-17,1.5786336478203926e-20,-3.790348361871111e-21,-6.359933839901134e-21,6.316753112851705e-24,-1.0598056216930814e-14,4.581585877619018e-07,3.4885472725087443e-07,6.828009759990384e-07,-6.977064040618428e-07,-5.931658148322528e-07,2.811143894325843e-10,1.3628678294300783e-07,1.1245234734784327e-07,1.0399991340751522e-07,1.1245234734784327e-07,2.3240140072955735e-07,2.3240140072955735e-07,-1.686100556979967e-16,4.6480280363901344e-07,-3.41441567376788e-16,5.572598536007713e-19,-2.0884245280643977e-15,4.648027907006025e-07,1.5791057331216314e-13,1.1284383199907138e-11,1.297807194172776e-10,-5.250909604045386e-11,-2.096442130769993e-19,4.644748323006474e-07,1.1284383199907138e-11,1.297807194172776e-10,-2.2524113553584422e-07,3.2796899801131227e-10,-2.322418490328254e-07,-7.328682494966239e-09,-7.3286824950547424e-09,-2.4962098013275673e-16,6.984548673826734e-09,2.068325002871111e-20,-3.0502645970165467e-12,6.981048445143779e-09,3.760509174454895e-12,7.521835478051858e-13,2.037550953156174e-12,5.112401065000573e-21,2.4962098644950985e-16
0.729,548,101325.0,2.771e-08,0.066,0.29999999999999993,0.6339999999999998,0.22000000000000003,548.0,1e-11,1e-22,IdealGasReactor,off,0.633553472782106,0.0,0.0,0.29678700043789774,0.005483301889377574,0.0018249005929206472,1.311746217310707e-12,0.06235132429638614,0.0,0.0032581641493159316,5.6019675123688734e-11,0.49400179481924233,6.079045340003029e-09,2.766760175254468e-08,9.354485828896216e-08,7.2172674517605485e-06,0.5016262392837941,5.67781561025019e-05,6.30330503450289e-05,0.0008574354735888859,5.76916850302361e-06,3.760833555581719e-13,1.7241107139516976e-09,0.00012343955964456082,0.0,0.0,0.0,0.0,0.0,0.0,0.0,0.0,0.0,0.0,0.0,0.0,-3.486666130010265e-07,6.973332258334367e-07,2.3244440852288515e-07,1.6855737005783379e-16,-4.6488881722246465e-07,0.0,3.1044866931507664e-16,-2.692574565758642e-23,-7.895518840569326e-18,-9.24281104141293e-23,-1.1434944787933055e-20,-3.705769144237564e-21,3.8430811259213666e-21,3.1864074515572415e-16,-1.2635107116358638e-21,1.8662480384216813e-19,-1.4244011777968707e-20,-1.3074623557166294e-22,-4.953862458329908e-23,-1.8540742216955096e-23,-3.1067492285814944e-16,4.5791574045551e-07,3.486666130010265e-07,6.823797816542868e-07,-6.97330178857986e-07,-5.928517851100805e-07,2.807954236369079e-10,1.3627611797880803e-07,1.1236302636203158e-07,1.039383101052169e-07,1.1236302636203158e-07,2.3227618897105284e-07,2.3227618897105284e-07,-1.6855737005783379e-16,4.6455238012022576e-07,-3.410162813352932e-16,5.566539659497517e-19,-2.086946018095249e-15,4.6455237745490763e-07,1.5782549516188166e-13,1.1270226908495617e-11,1.2964410923157176e-10,-5.241740138703921e-11,-2.0939930965063467e-19,4.6422466712802146e-07,1.1270226908495617e-11,1.2964410923157176e-10,-2.2511820504852916e-07,3.2771063756109194e-10,-2.3211669788532418e-07,-7.326203474355986e-09,-7.326203474359829e-09,-2.4948992825394873e-16,6.976573364690098e-09,2.0660946125792862e-20,-3.0469754507418774e-12,6.973076766954644e-09,3.756214263530343e-12,7.51728632180383e-13,2.0353808161020366e-12,5.107025849251869e-21,2.494899097132065e-16
0.7379999999999999,548,101325.0,2.771e-08,0.066,0.29999999999999993,0.6339999999999998,0.22000000000000003,548.0,1e-11,1e-22,IdealGasReactor,off,0.6335464009691217,0.0,0.0,0.29675020123763635,0.005550213528002144,0.0018472045044526273,1.3279237339083176e-12,0.062305979759459076,0.0,0.0032574867681222234,5.59776844178851e-11,0.49415936886679396,6.077857661319538e-09,2.7995403347271143e-08,9.365277440444005e-08,7.227098298108487e-06,0.5014702151022357,5.675558338154055e-05,6.29741022825503e-05,0.0008566998416679151,5.767612488351226e-06,3.7576476040741135e-13,1.7244827534058168e-09,0.0001233755178580262,0.0,0.0,0.0,0.0,0.0,0.0,0.0,0.0,0.0,0.0,0.0,0.0,-3.4847848126915944e-07,6.969569623568861e-07,2.3231898737530805e-07,1.685046792403425e-16,-4.64637974906406e-07,0.0,1.704124179146674e-15,7.034300742274982e-22,5.824556354249479e-18,1.1796793119049039e-21,1.2983638652869136e-17,1.3780167260643399e-19,-1.3715481736741752e-19,1.7044766176446257e-15,-2.974053575426252e-22,-6.8435194396737616e-18,9.197226956624264e-21,-1.3322777740932202e-22,-1.4184141814106949e-21,4.4200848790598976e-23,-1.710356646125005e-15,4.576728643112919e-07,3.4847848126915944e-07,6.819585829917546e-07,-6.969539186684159e-07,-5.925377237541858e-07,2.804766943661281e-10,1.3626540887445485e-07,1.1227371773307526e-07,1.0387670304989776e-07,1.1227371773307526e-07,2.3215096538855027e-07,2.3215096538855027e-07,-1.685046792403425e-16,4.6430193295345026e-07,-3.405913751913881e-16,5.560485176224578e-19,-2.085467742428822e-15,4.643019289041206e-07,1.577404089776326e-13,1.1256082373135714e-11,1.2950759118655713e-10,-5.2325836368118684e-11,-2.0915460843984295e-19,4.6397447829656956e-07,1.1256082373135714e-11,1.2950759118655713e-10,-2.2499526318901592e-07,3.274523179076685e-10,-2.3199153505740103e-07,-7.323724186292125e-09,-7.32372418615497e-09,-2.493587704960223e-16,6.96860356398813e-09,2.063865691025317e-20,-3.043688470231097e-12,6.965110595114066e-09,3.751922320239615e-12,7.512736470659298e-13,2.033212034415313e-12,5.1016538464914e-21,2.493588146968711e-16
0.7469999999999999,548,101325.00000000003,2.771e-08,0.066,0.29999999999999993,0.6339999999999998,0.22000000000000003,548.0,1e-11,1e-22,IdealGasReactor,off,0.6335393331320645,0.0,0.0,0.2967134227266849,0.005617087547449857,0.001869495876240865,1.3440958337884036e-12,0.06226066071621576,0.0,0.0032568088836583925,5.5935711622698355e-11,0.4943169589610795,6.0766694462824684e-09,2.8322874280715938e-08,9.37604642783357e-08,7.236916884244015e-06,0.5013141749702235,5.673300483113701e-05,6.291518933941787e-05,0.0008559646078493886,5.7660559101540136e-06,3.7544634368569563e-13,1.7248548730224002e-09,0.00012331146905014592,0.0,0.0,0.0,0.0,0.0,0.0,0.0,0.0,0.0,0.0,0.0,0.0,-3.4829033222036943e-07,6.965806642205388e-07,2.3219355468935082e-07,1.6845198326443675e-16,-4.643871094702729e-07,0.0,-3.286105231226155e-16,-2.305161941285537e-22,3.1902302888953505e-17,3.2041445043447555e-21,5.20212696094517e-17,1.4325444720438354e-19,-1.2942564172372203e-19,-3.5361213489200835e-16,-1.5019012965064837e-22,-4.4786676388628194e-17,5.809131074031114e-20,-8.672988722618495e-22,-1.4659657583114176e-21,-1.8253197895842974e-22,3.214352978757388e-16,4.5742995953741445e-07,3.4829033222036943e-07,6.815373803941558e-07,-6.96577623816882e-07,-5.922236310397952e-07,2.8015820169443387e-10,1.3625465562918933e-07,1.1218442154398515e-07,1.0381509229619612e-07,1.1218442154398515e-07,2.3202573009207864e-07,2.3202573009207864e-07,-1.6845198326443675e-16,4.6405146235873596e-07,-3.4016684890792437e-16,5.5544350872923e-19,-2.083989702092922e-15,4.640514603693191e-07,1.5765531483417765e-13,1.1241949595927419e-11,1.2937116532075082e-10,-5.2234400878412694e-11,-2.0891010944237755e-19,4.6372426600858557e-07,1.1241949595927419e-11,1.2937116532075082e-10,-2.2487231005766313e-07,3.2719403929823593e-10,-2.318663606500664e-07,-7.321244631687675e-09,-7.321244631558249e-09,-2.4922788405333683e-16,6.960639274962478e-09,2.061638239049792e-20,-3.0404036567240453e-12,6.957149932858454e-09,3.747633346325275e-12,7.508185929405484e-13,2.0310446090697907e-12,5.0962850594288476e-21,2.4922770152135788e-16
0.7559999999999999,548,101324.99999999999,2.771e-08,0.066,0.29999999999999993,0.6339999999999998,0.22000000000000003,548.0,1e-11,1e-22,IdealGasReactor,off,0.6335322692710212,0.0,0.0,0.296676664905498,0.005683923946893663,0.0018917747080100902,1.3602625169317536e-12,0.06221536716721668,0.0,0.0032561304967046486,5.58937567595693e-11,0.49447456509297166,6.075480696171679e-09,2.865001451838408e-08,9.386792795921879e-08,7.246723209080213e-06,0.5011581188957341,5.671042047081894e-05,6.28563115363804e-05,0.0008552297724120607,5.764498769227194e-06,3.7512810546920224e-13,1.7252270725014678e-09,0.00012324741327264906,0.0,0.0,0.0,0.0,0.0,0.0,0.0,0.0,0.0,0.0,0.0,0.0,-3.481021660876573e-07,6.962043320505163e-07,2.320681105659145e-07,1.6839928213285109e-16,-4.6413622139981345e-07,0.0,6.8330789714072525e-15,1.901054179464877e-21,-3.7197293458570166e-17,-1.660871468884594e-20,-4.39315755675811e-17,-5.0795507055656323e-20,4.6990476237912396e-20,6.889009400638679e-15,-1.2039878368102493e-20,6.212081080307634e-17,-6.156042908507289e-20,9.00334397975686e-22,9.073045765078535e-21,-2.7505256880304787e-22,-6.851473588720984e-15,4.571870266150465e-07,3.481021660876573e-07,6.811161743762085e-07,-6.962012949295043e-07,-5.919095073569731e-07,2.7983994574993e-10,1.3624385826870916e-07,1.1209513789947864e-07,1.0375347791887886e-07,1.1209513789947864e-07,2.3190048323671141e-07,2.3190048323671141e-07,-1.6839928213285109e-16,4.638009686462205e-07,-3.397427024423409e-16,5.548389394526597e-19,-2.0825118981167425e-15,4.638009594160053e-07,1.5757021283688513e-13,1.122782858113342e-11,1.2923483169764605e-10,-5.214309482289154e-11,-2.0866581265601865e-19,4.634740304654989e-07,1.122782858113342e-11,1.2923483169764605e-10,-2.2474934575516143e-07,3.2693580198000514e-10,-2.3174117476393068e-07,-7.318764810753069e-09,-7.318764810800059e-09,-2.4909684540941863e-16,6.952680502190191e-09,2.059412257891471e-20,-3.037121012047891e-12,6.94919478476696e-09,3.74334734425224e-12,7.503634704289959e-13,2.028878541432049e-12,5.090919491778537e-21,2.4909657035684983e-16
0.7649999999999998,548,101325.00000000004,2.771e-08,0.066,0.29999999999999993,0.6339999999999998,0.22000000000000003,548.0,1e-11,1e-22,IdealGasReactor,off,0.6335252093860765,0.0,0.0,0.29663992777451414,0.005750722725536295,0.0019140409994943667,1.3764237833208952e-12,0.06217009911300207,0.0,0.003255451606935417,5.5851819830818724e-11,0.49463218708703416,6.074291410214569e-09,2.897682401627635e-08,9.39751654866927e-08,7.256517273280349e-06,0.5010020470544906,5.6687830300959004e-05,6.279746887281104e-05,0.0008544953353430208,5.7629410663841074e-06,3.748100457892191e-13,1.7255993521262908e-09,0.00012318335057662864,0.0,0.0,0.0,0.0,0.0,0.0,0.0,0.0,0.0,0.0,0.0,0.0,-3.4791398286740884e-07,6.95827965566539e-07,2.3194265510720099e-07,1.683465759047001e-16,-4.6388531037806573e-07,0.0,-3.2532162488296384e-16,-4.125467030016815e-23,5.034610907626639e-18,-2.611296168744198e-22,-2.4246318115154347e-20,-5.6910026143648304e-21,5.6281368878108e-21,-3.3007801928426215e-16,6.259054157803025e-22,3.859257620230057e-19,8.85278660695584e-21,-1.1094559965867484e-22,-2.8870675202939093e-23,1.8100413075865663e-23,3.2499995083465543e-16,4.569440652273842e-07,3.4791398286740884e-07,6.806949649924686e-07,-6.95824931726003e-07,-5.915953526957675e-07,2.7952192647074303e-10,1.3623301672693247e-07,1.1200586682846157e-07,1.0369185992257994e-07,1.1200586682846157e-07,2.3177522482061022e-07,2.3177522482061022e-07,-1.683465759047001e-16,4.635504518122574e-07,-3.3931893576838667e-16,5.542348097200681e-19,-2.0810343315221338e-15,4.635504498029519e-07,1.5748510298450596e-13,1.1213719325377201e-11,1.290985902928894e-10,-5.205191807038923e-11,-2.084217180770725e-19,4.6322377187175266e-07,1.1213719325377201e-11,1.290985902928894e-10,-2.246263703810528e-07,3.2667760619929193e-10,-2.3161597750100164e-07,-7.316284726148209e-09,-7.316284726153837e-09,-2.489654031013615e-16,6.944727245520629e-09,2.0571877473866315e-20,-3.033840535961131e-12,6.941245150681544e-09,3.7390643139363035e-12,7.499082796474714e-13,2.0267138314853494e-12,5.085557143718013e-21,2.489654212017746e-16
0.7739999999999998,548,101325.00000000003,2.771e-08,0.066,0.29999999999999993,0.6339999999999998,0.22000000000000003,548.0,1e-11,1e-22,IdealGasReactor,off,0.6335181534773118,0.0,0.0,0.2966032113341565,0.00581748388260872,0.0019362947504370964,1.3925796329402861e-12,0.062124856554093166,0.0,0.0032547722153065586,5.580990086083408e-11,0.4947898249601759,6.073101590015234e-09,2.930330274244903e-08,9.408217691176752e-08,7.266299075521725e-06,0.500845959428206,5.666523434412177e-05,6.273866137270954e-05,0.0008537612969656546,5.761382802419354e-06,3.74492164728485e-13,1.7259717115050247e-09,0.0001231192810139458,0.0,0.0,0.0,0.0,0.0,0.0,0.0,0.0,0.0,0.0,0.0,0.0,-3.4772578282987423e-07,6.95451565492273e-07,2.3181718841392738e-07,1.6829386457388933e-16,-4.6363437699525447e-07,0.0,-5.55437545551016e-16,7.361994229158448e-23,1.8230078246552607e-18,-7.9771143545646105e-22,-8.030931131154835e-19,5.055727903924105e-21,-4.938268256941575e-21,-5.571451259223725e-16,-1.1157285136340865e-22,9.403316445536244e-19,3.229899569536623e-21,-3.0342018844210746e-22,8.113058547559053e-23,2.292460556147564e-24,5.553075783127863e-16,4.567010759593546e-07,3.4772578282987423e-07,6.802737528299247e-07,-6.954485349300424e-07,-5.912811675091845e-07,2.792041440139102e-10,1.362221310441573e-07,1.11916608447505e-07,1.0363023839309997e-07,1.11916608447505e-07,2.316499550235351e-07,2.316499550235351e-07,-1.6829386457388933e-16,4.632999122163379e-07,-3.388955488398069e-16,5.536311197525969e-19,-2.079557003338686e-15,4.6329991043592145e-07,1.5739998539918223e-13,1.1199621834076746e-11,1.2896244118342148e-10,-5.1960870531384075e-11,-2.0817782570294103e-19,4.629734904284107e-07,1.1199621834076746e-11,1.2896244118342148e-10,-2.245033840362283e-07,3.264194522031561e-10,-2.3149076896172433e-07,-7.313804377699059e-09,-7.313804377694121e-09,-2.4883425196088e-16,6.93677951024833e-09,2.0549647089880502e-20,-3.0305622306065882e-12,6.9333010358998875e-09,3.734784258229093e-12,7.494530213009383e-13,2.0245504808073594e-12,5.080198019501437e-21,2.4883425425334056e-16
0.7829999999999998,548,101325.0,2.771e-08,0.066,0.29999999999999993,0.6339999999999998,0.22000000000000003,548.0,1e-11,1e-22,IdealGasReactor,off,0.6335111015448055,0.0,0.0,0.296566515584833,0.0058842074173688945,0.001958535960591023,1.4087300657764574e-12,0.062079639490992794,0.0,0.0032540923221011046,5.5767999862350846e-11,0.4949474786280798,6.071911235928747e-09,2.9629450659365685e-08,9.418896228018238e-08,7.276068615554433e-06,0.5006898561006948,5.66426326112159e-05,6.267988904704272e-05,0.0008530276574255735,5.759823978138755e-06,3.741744623423156e-13,1.726344150600836e-09,0.00012305520463607372,0.0,0.0,0.0,0.0,0.0,0.0,0.0,0.0,0.0,0.0,0.0,0.0,-3.4753756610128477e-07,6.950751320396267e-07,2.3169171058763185e-07,1.6824114816864246e-16,-4.6338342139744626e-07,0.0,1.5653870651908605e-14,-1.9332384433568528e-21,-1.2556833525834849e-17,2.803680761914645e-20,-5.4238695986245054e-18,-2.9204107834552174e-19,2.898391235549056e-19,1.5702226333499255e-14,2.013510485886614e-21,4.131026346277735e-17,-2.3684635014249565e-20,2.5309658792591264e-21,-4.042702937684356e-21,-1.7018249781221998e-22,-1.5689567500393698e-14,4.564580589546145e-07,3.4753756610128477e-07,6.798525381954932e-07,-6.950721047535298e-07,-5.909669520067731e-07,2.7888659842066675e-10,1.3621120120485464e-07,1.1182736282702234e-07,1.0356861337355327e-07,1.1182736282702234e-07,2.3152467392975192e-07,2.3152467392975192e-07,-1.6824114816864246e-16,4.630493500270071e-07,-3.384725416200434e-16,5.53027869615731e-19,-2.0780799145912774e-15,4.630493319890405e-07,1.5731486013817036e-13,1.1185536107991953e-11,1.288263843926485e-10,-5.1869952094328765e-11,-2.079341355300052e-19,4.6272318633837e-07,1.1185536107991953e-11,1.288263843926485e-10,-2.2438038682090836e-07,3.261613402380362e-10,-2.313655492473916e-07,-7.311323766723494e-09,-7.311323767013333e-09,-2.487032397867414e-16,6.928837298788794e-09,2.0527431432936362e-20,-3.0272860968661736e-12,6.925362442831765e-09,3.730507178428047e-12,7.489976957848437e-13,2.022388490132576e-12,5.074842121227415e-21,2.487030696042436e-16
0.7919999999999998,548,101325.0,2.771e-08,0.066,0.29999999999999993,0.6339999999999998,0.22000000000000003,548.0,1e-11,1e-22,IdealGasReactor,off,0.6335040535886328,0.0,0.0,0.2965298405269366,0.005950893329102692,0.001980764629718231,1.4248750818179076e-12,0.0620344479241849,0.0,0.0032534119276281088,5.5726116848518937e-11,0.4951051480100931,6.070720348357963e-09,2.9955267730192324e-08,9.429552163834236e-08,7.285825893107149e-06,0.5005337371520752,5.66200251136019e-05,6.262115190722437e-05,0.0008522944168746174,5.758264594349213e-06,3.7385693868687396e-13,1.726716669363755e-09,0.0001229911214945302,0.0,0.0,0.0,0.0,0.0,0.0,0.0,0.0,0.0,0.0,0.0,0.0,-3.4734933281331035e-07,6.946986654954672e-07,2.315662217298745e-07,1.6818842671593953e-16,-4.631324436558864e-07,0.0,1.9100894805407438e-14,1.71697664692866e-21,-1.0847856218986141e-17,-1.3995732678822377e-20,-3.713572435264144e-17,2.871971086784112e-20,-2.8442605362635857e-20,1.9091834275950394e-14,-1.373915150189202e-20,1.7015486593486064e-17,-1.642995246501694e-20,-8.070180851220476e-23,5.970546775674895e-21,-5.455499335250498e-22,-1.9080876448732986e-14,4.562150142819023e-07,3.4734933281331035e-07,6.794313214066161e-07,-6.946956414833315e-07,-5.906527064073207e-07,2.785692897362405e-10,1.36200227195657e-07,1.1173813003914761e-07,1.035069849086743e-07,1.1173813003914761e-07,2.3139938162713485e-07,2.3139938162713485e-07,-1.6818842671593953e-16,4.6279876541999505e-07,-3.380499140717131e-16,5.524250593801999e-19,-2.076603066304987e-15,4.627987439942416e-07,1.5722972726117855e-13,1.1171462148039767e-11,1.2869041994585434e-10,-5.177916264845053e-11,-2.0769064755444602e-19,4.624728598045677e-07,1.1171462148039767e-11,1.2869041994585434e-10,-2.2425737883538899e-07,3.2590327055031496e-10,-2.3124031845932446e-07,-7.308842894485506e-09,-7.308842894457063e-09,-2.4857241290106e-16,6.920900613642754e-09,2.0505230509308428e-20,-3.0240121356654032e-12,6.917429373984091e-09,3.72623307588325e-12,7.485423035064355e-13,2.0202278602246347e-12,5.06948945106899e-21,2.485718673511265e-16
0.8009999999999998,548,101325.0,2.771e-08,0.066,0.29999999999999993,0.6339999999999998,0.22000000000000003,548.0,1e-11,1e-22,IdealGasReactor,off,0.6334970096088661,0.0,0.0,0.2964931861608438,0.006017541617124843,0.0020029807575901427,1.4410146810549898e-12,0.06198928185413387,0.0,0.0032527310323017117,5.568425183424435e-11,0.4952628330413354,6.069528927899587e-09,3.028075391948222e-08,9.44018550340094e-08,7.29557090776205e-06,0.500377602646555,5.659741186445183e-05,6.25624499666058e-05,0.000851561575491199,5.7567046518560195e-06,3.7353959382216874e-13,1.7270892676886335e-09,0.0001229270316408719,0.0,0.0,0.0,0.0,0.0,0.0,0.0,0.0,0.0,0.0,0.0,0.0,-3.47161083119931e-07,6.943221660879118e-07,2.314407219420434e-07,1.681357002374134e-16,-4.6288144418757134e-07,0.0,1.7025276835067552e-14,8.102390017872852e-22,4.390421132700211e-18,-1.8813587055267605e-20,-1.6156200556810118e-17,6.093343264310623e-20,-5.975552745083072e-20,1.714450236045665e-14,-2.6005099381536893e-21,1.3974016568513373e-16,7.695674021093526e-21,1.7305135402492185e-21,-1.2714070238162058e-21,-2.171070372825523e-22,-1.7148901246363227e-14,4.5597194235527487e-07,3.47161083119931e-07,6.790101028240398e-07,-6.943191453475636e-07,-5.903384309672678e-07,2.7825221802316914e-10,1.3618920901196134e-07,1.1164891016309814e-07,1.0344535304979122e-07,1.1164891016309814e-07,2.3127407821834463e-07,2.3127407821834463e-07,-1.681357002374134e-16,4.625481586006546e-07,-3.376276661551108e-16,5.5182268913975e-19,-2.0751264595043367e-15,4.625481391240527e-07,1.5714458683796198e-13,1.1157399955828389e-11,1.285545478763616e-10,-5.168850208625658e-11,-2.0744736177214406e-19,4.6222251102956777e-07,1.1157399955828389e-11,1.285545478763616e-10,-2.2413436018002708e-07,3.256452433861566e-10,-2.311150766986584e-07,-7.306361762016302e-09,-7.306361761956546e-09,-2.484408647138845e-16,6.9129694577618276e-09,2.0483044326552753e-20,-3.020740348118745e-12,6.909501832296457e-09,3.72196195217648e-12,7.480868449209099e-13,2.018068591973518e-12,5.064140011522773e-21,2.484406476068472e-16
0.8099999999999998,548,101325.0,2.771e-08,0.066,0.29999999999999993,0.6339999999999998,0.22000000000000003,548.0,1e-11,1e-22,IdealGasReactor,off,0.6334899696055754,0.0,0.0,0.29645655248691677,0.0060841522807773725,0.002025184343987528,1.4571488634801023e-12,0.061944141281285614,0.0,0.0032520496366465635,5.5642404836322994e-11,0.495420533673116,6.068336975354881e-09,3.060590919338316e-08,9.450796251646285e-08,7.3053036589540535e-06,0.500221452632012,5.657479287885879e-05,6.250378324063761e-05,0.0008508291334825049,5.755144151465257e-06,3.7322242781267695e-13,1.727461945412116e-09,0.0001228629351267889,0.0,0.0,0.0,0.0,0.0,0.0,0.0,0.0,0.0,0.0,0.0,0.0,-3.469728171985565e-07,6.939456342296227e-07,2.313152113255276e-07,1.6808296874920776e-16,-4.6263042281309753e-07,0.0,-3.327540064685141e-16,-4.72880571856271e-22,-2.213341827409777e-19,4.762914211662971e-21,-5.933465795516374e-19,-6.71008912903016e-20,6.691643001370228e-20,-3.3945020061761457e-16,-2.0736498081780044e-21,-6.253482452566008e-18,-1.0923784327879363e-21,-6.830443908156626e-22,-4.7507045493081844e-21,1.1382690040853635e-22,3.3967193723755495e-16,4.5572884299193567e-07,3.469728171985565e-07,6.785888828540622e-07,-6.939426167588871e-07,-5.900241259827095e-07,2.779353833624583e-10,1.3617814665830524e-07,1.1155970328559149e-07,1.0338371785519812e-07,1.1155970328559149e-07,2.3114876382159918e-07,2.3114876382159918e-07,-1.6808296874920776e-16,4.622975298054005e-07,-3.372057978287647e-16,5.512207590129516e-19,-2.073650095215576e-15,4.6229752781457023e-07,1.5705943894884654e-13,1.1143349533705406e-11,1.2841876822606825e-10,-5.1597970303791114e-11,-2.072042781790591e-19,4.619721402159064e-07,1.1143349533705406e-11,1.2841876822606825e-10,-2.2401133095541866e-07,3.2538725899189053e-10,-2.3098982406653553e-07,-7.30388037010894e-09,-7.303880370175856e-09,-2.4830929667437425e-16,6.905043834536874e-09,2.0460872893587632e-20,-3.01747073554165e-12,6.90157982116186e-09,3.717693809136302e-12,7.476313205340286e-13,2.015910686403775e-12,5.0587938054291126e-21,2.4830941050127465e-16
0.8189999999999998,548,101324.99999999999,2.771e-08,0.066,0.29999999999999993,0.6339999999999998,0.22000000000000003,548.0,1e-11,1e-22,IdealGasReactor,off,0.633482933578827,0.0,0.0,0.2964199395055019,0.006150725319430625,0.0020473753887004964,1.473277629087564e-12,0.06189902620606687,0.0,0.0032513677409868745,5.560057586801602e-11,0.4955782498267708,6.067144491152392e-09,3.093073351662852e-08,9.461384413359844e-08,7.315024146443904e-06,0.500065287186557,5.6552168168430546e-05,6.244515174079318e-05,0.0008500970910016133,5.753583093985296e-06,3.729054407141582e-13,1.7278347024774139e-09,0.00012279883200379707,0.0,0.0,0.0,0.0,0.0,0.0,0.0,0.0,0.0,0.0,0.0,0.0,-3.4678453518365434e-07,6.935690702068031e-07,2.3118968998183676e-07,1.680302322776274e-16,-4.6237938013379586e-07,0.0,-3.1990798999005845e-15,-4.4493363073177565e-22,-1.140525573422212e-18,5.166711343616249e-21,-7.534781582300629e-18,-7.231543787183589e-20,7.235596972185099e-20,-3.2045854072625843e-15,1.605916936128522e-21,9.492570857295785e-19,-4.060239462729978e-21,1.62179098848678e-22,-2.312964798401163e-22,1.4294809333098177e-22,3.2057307647589123e-15,4.5548571679068957e-07,3.4678453518365434e-07,6.781676618193057e-07,-6.935660560035043e-07,-5.897097916771213e-07,2.7761878580009715e-10,1.3616704012266272e-07,1.114705094795163e-07,1.0332207937043559e-07,1.114705094795163e-07,2.3102343852660866e-07,2.3102343852660866e-07,-1.680302322776274e-16,4.6204687921364897e-07,-3.367843090531753e-16,5.506192690709738e-19,-2.0721739744615464e-15,4.6204688008977257e-07,1.5697428365478798e-13,1.1129310882606312e-11,1.282830810207115e-10,-5.150756719041864e-11,-2.0696139677034007e-19,4.6172174756642853e-07,1.1129310882606312e-11,1.282830810207115e-10,-2.2388829126183869e-07,3.251293176132801e-10,-2.3086456066422353e-07,-7.30139871999809e-09,-7.301398720070446e-09,-2.4817801318499473e-16,6.897123746493824e-09,2.0438716216751008e-20,-3.0142032988689853e-12,6.893663343106312e-09,3.713428648120876e-12,7.471757307591486e-13,2.013754144285225e-12,5.053450834977408e-21,2.4817815613308806e-16
0.8279999999999998,548,101324.99999999999,2.771e-08,0.066,0.29999999999999993,0.6339999999999998,0.22000000000000003,548.0,1e-11,1e-22,IdealGasReactor,off,0.6334759015286842,0.0,0.0,0.2963833472169297,0.006217260732482833,0.002069553891528501,1.4894009778736663e-12,0.06185393662888535,0.0,0.0032506853457539868,5.5558764944415374e-11,0.4957359814393596,6.065951475918764e-09,3.1255226855417776e-08,9.471949993477724e-08,7.324732369848861e-06,0.499909106372439,5.652953774663634e-05,6.23865554805789e-05,0.0008493654482294316,5.752021480225065e-06,3.7258863258670004e-13,1.7282075387712678e-09,0.00012273472232353139,0.0,0.0,0.0,0.0,0.0,0.0,0.0,0.0,0.0,0.0,0.0,0.0,-3.465962372324098e-07,6.931924743058463e-07,2.310641580124669e-07,1.6797749084364535e-16,-4.621283161987106e-07,0.0,-6.781188452582866e-15,-1.4609033864360897e-21,-4.9357447680099255e-18,1.6982174044987638e-20,-9.044406052544605e-18,-1.4399560103323106e-20,2.0846605797561403e-20,-6.784405086669844e-15,-1.518633730503818e-22,8.435366882573795e-19,-6.538232259352682e-21,-9.000862437919202e-21,-1.142923761436433e-20,3.6668012861060675e-22,6.7893745581957435e-15,4.5524256379761516e-07,3.465962372324098e-07,6.777464400866066e-07,-6.931894633678071e-07,-5.893954283124097e-07,2.773024253999667e-10,1.3615588940187752e-07,1.1138132882503028e-07,1.0326043764779375e-07,1.1138132882503028e-07,2.3089810243817169e-07,2.3089810243817169e-07,-1.6797749084364535e-16,4.6179620703502087e-07,-3.363631997870756e-16,5.500182194090412e-19,-2.0706980982665612e-15,4.6179621149278205e-07,1.5688912102699414e-13,1.1115284004182535e-11,1.2814748629433072e-10,-5.1417292638929274e-11,-2.0671871754117361e-19,4.614713332839113e-07,1.1115284004182535e-11,1.2814748629433072e-10,-2.2376524119978018e-07,3.248714194962016e-10,-2.3073928659297716e-07,-7.29891681268673e-09,-7.298916812707577e-09,-2.480465179373784e-16,6.889209196602508e-09,2.0416574303701272e-20,-3.010938039230342e-12,6.885752401095457e-09,3.70916647072755e-12,7.467200760586471e-13,2.0115989665180196e-12,5.0481111026906445e-21,2.48046884617507e-16
0.8369999999999999,548,101324.99999999999,2.771e-08,0.066,0.29999999999999993,0.6339999999999998,0.22000000000000003,548.0,1e-11,1e-22,IdealGasReactor,off,0.633468873455208,0.0,0.0,0.2963467756215158,0.006283758519360777,0.0020917198522803393,1.5055189098365978e-12,0.06180887255012959,0.0,0.0032500024512658082,5.5516972078612986e-11,0.49589372843068774,6.0647579300692815e-09,3.157938917534923e-08,9.482492996878353e-08,7.334428328979716e-06,0.4997529102693097,5.6506901624969005e-05,6.23279944712484e-05,0.0008486342053162466,5.750459310996092e-06,3.7227200348546746e-13,1.7285804542411128e-09,0.00012267060613758692,0.0,0.0,0.0,0.0,0.0,0.0,0.0,0.0,0.0,0.0,0.0,0.0,-3.4640792347767526e-07,6.928158468067619e-07,2.3093861551911214e-07,1.6792474447408506e-16,-4.618772311828083e-07,0.0,-3.9054945929644084e-14,1.0133480526252957e-20,1.4579486649723636e-17,-1.500043433657973e-19,-1.9249564880182823e-17,-3.7579410798325085e-18,3.738048213281221e-18,-3.910140329294029e-14,1.247865012421562e-19,-8.90696601700119e-18,-3.7678084171932513e-20,3.630805901224946e-20,5.001248176308257e-20,1.354220743528167e-21,3.9086834655362e-14,4.54999384185209e-07,3.4640792347767526e-07,6.773252179753473e-07,-6.928128391318043e-07,-5.890810361093077e-07,2.769863022060472e-10,1.361446944833629e-07,1.1129216139442967e-07,1.0319879273232741e-07,1.1129216139442967e-07,2.3077275564491816e-07,2.3077275564491816e-07,-1.6792474447408506e-16,4.6154551344668767e-07,-3.3594246999038156e-16,5.494176100954068e-19,-2.069222467653661e-15,4.615455502232635e-07,1.568039511256866e-13,1.1101268899280763e-11,1.2801198407178854e-10,-5.132714653834389e-11,-2.064762404863281e-19,4.612208975715425e-07,1.1101268899280763e-11,1.2801198407178854e-10,-2.2364218086968073e-07,3.246135648863441e-10,-2.306140019542059e-07,-7.2964346494313986e-09,-7.296434653169447e-09,-2.479142418312638e-16,6.88130018732083e-09,2.0394447160629083e-20,-3.007674957538865e-12,6.8778469975992725e-09,3.70490727828607e-12,7.462643568425261e-13,2.0094451538575504e-12,5.0427746107207366e-21,2.4791559605200735e-16
0.8459999999999999,548,101324.99999999997,2.771e-08,0.066,0.29999999999999993,0.6339999999999998,0.22000000000000003,548.0,1e-11,1e-22,IdealGasReactor,off,0.633461849358456,0.0,0.0,0.29631022471956037,0.0063502186795183066,0.002113873270774156,1.5216314249766211e-12,0.061763833970169664,0.0,0.0032493190581268845,5.547519728858062e-11,0.49605149076382477,6.063563854550782e-09,3.190322044527833e-08,9.4930134287481e-08,7.344112023226414e-06,0.4995966989131852,5.648425981991151e-05,6.226946872948335e-05,0.0008479033624866661,5.748896587105494e-06,3.7195555347692377e-13,1.7289534486824384e-09,0.00012260648349764764,0.0,0.0,0.0,0.0,0.0,0.0,0.0,0.0,0.0,0.0,0.0,0.0,-3.4621959411325545e-07,6.924391880586236e-07,2.3081306260293227e-07,1.678719931811015e-16,-4.6162612537197464e-07,0.0,2.4748630159572074e-17,-5.264304991849922e-23,1.2931045059497274e-18,5.799235701046823e-23,2.6575658720103673e-20,-3.0969642133985356e-21,3.078766239922369e-21,2.2998797402526373e-17,1.612097465683424e-22,-4.597457259145955e-19,2.319323560822408e-21,7.723798969713896e-23,7.679060227240387e-23,-4.487208856269927e-24,-2.4303468437265942e-17,4.5475617823568897e-07,3.4621959411325545e-07,6.769039959235676e-07,-6.924361836445684e-07,-5.887666153916947e-07,2.7667041631048754e-10,1.3613345537849742e-07,1.1120300727959143e-07,1.031371446872201e-07,1.1120300727959143e-07,2.3064739827600778e-07,2.3064739827600778e-07,-1.678719931811015e-16,4.6129479870715277e-07,-3.3552211961787335e-16,5.488174412629791e-19,-2.0677470836469042e-15,4.612947963611447e-07,1.56718774038626e-13,1.1087265570684724e-11,1.2787657440028433e-10,-5.123712878680936e-11,-2.0623396560045535e-19,4.60970440631419e-07,1.1087265570684724e-11,1.2787657440028433e-10,-2.2351911037207736e-07,3.243557540291428e-10,-2.304887068489031e-07,-7.293952230854901e-09,-7.29395223085798e-09,-2.477842950657542e-16,6.873396722353289e-09,2.0372334797283624e-20,-3.004414055232501e-12,6.869947136285679e-09,3.700651072771189e-12,7.458085736522792e-13,2.0072927074103423e-12,5.037441362120061e-21,2.4778429057854533e-16
0.8549999999999999,548,101324.99999999997,2.771e-08,0.066,0.29999999999999993,0.6339999999999998,0.22000000000000003,548.0,1e-11,1e-22,IdealGasReactor,off,0.6334548292384825,0.0,0.0,0.29627369451134794,0.006416641212438032,0.0021360141468374405,1.5377385232958706e-12,0.061718820889356214,0.0,0.003248635166638279,5.543344058704016e-11,0.4962092683556165,6.062369249745864e-09,3.222672063167801e-08,9.50351129404465e-08,7.3537834524641625e-06,0.49944047238669986,5.646161234264479e-05,6.221097826608075e-05,0.000847172919884952,5.747333309367193e-06,3.716392826150322e-13,1.7293265220521241e-09,0.0001225423544553363,0.0,0.0,0.0,0.0,0.0,0.0,0.0,0.0,0.0,0.0,0.0,0.0,-3.460312492681023e-07,6.920624984866023e-07,2.3068749936570853e-07,1.678192369925197e-16,-4.613749989435675e-07,0.0,-2.838796503572063e-14,2.441070198108728e-21,-1.2790601723589042e-17,-7.059370461391859e-20,-1.1829768020471965e-16,4.999611971168508e-19,-4.843473358742998e-19,-2.846134803785411e-14,-3.6174860618331134e-20,3.1417778682117564e-17,-1.9995770565987487e-21,-2.1176030476510647e-20,-1.6551609262518738e-20,3.40527141940596e-22,2.84743059951856e-14,4.5451294612404523e-07,3.460312492681023e-07,6.764827742428118e-07,-6.920594973312691e-07,-5.884521663737036e-07,2.7635476775327084e-10,1.3612217207326284e-07,1.111138665514285e-07,1.0307549355634004e-07,1.111138665514285e-07,2.3052203041742396e-07,2.3052203041742396e-07,-1.678192369925197e-16,4.6104406298823834e-07,-3.351021486287752e-16,5.48217712974347e-19,-2.0662719472682607e-15,4.610440891283929e-07,1.5663358982423571e-13,1.1073274019069245e-11,1.2774125730288793e-10,-5.1147239272593585e-11,-2.059918928777636e-19,4.607199626669169e-07,1.1073274019069245e-11,1.2774125730288793e-10,-2.2339602980745364e-07,3.2409798717002564e-10,-2.3036340137855412e-07,-7.2914695582548974e-09,-7.29146955777055e-09,-2.4765262776457045e-16,6.865498804034599e-09,2.0350237219564844e-20,-3.0011553331816025e-12,6.862052819522321e-09,3.6963978554575025e-12,7.453527268894527e-13,2.0051416279028557e-12,5.032111358966444e-21,2.476529682917124e-16
0.8639999999999999,548,101324.99999999999,2.771e-08,0.066,0.29999999999999993,0.6339999999999998,0.22000000000000003,548.0,1e-11,1e-22,IdealGasReactor,off,0.6334478130953399,0.0,0.0,0.29623718499714774,0.00648302611763097,0.0021581424803070264,1.553840204798397e-12,0.06167383330802064,0.0,0.003247950777122223,5.539170198702981e-11,0.4963670611261058,6.061174116075297e-09,3.2549889701433315e-08,9.513986597787143e-08,7.3634426165560594e-06,0.4992842307692648,5.6438959204746865e-05,6.215252309218892e-05,0.0008464428776603459,5.745769478595594e-06,3.713231909543774e-13,1.7296996742967003e-09,0.0001224782190622777,0.0,0.0,0.0,0.0,0.0,0.0,0.0,0.0,0.0,0.0,0.0,0.0,-3.4584288907555203e-07,6.916857779998021e-07,2.305619259091766e-07,1.6776647593508025e-16,-4.6112385198156214e-07,0.0,1.0425705716185103e-14,-4.235355616380811e-21,-2.7570480396907165e-18,2.2231580551960424e-20,-1.648601401064726e-17,2.8322664173815668e-21,-3.1317057991257628e-21,1.0404679880201136e-14,3.784803969750179e-21,-7.32262177434126e-18,-3.941217946885757e-21,1.0353612932173109e-20,1.2398952838656957e-21,7.019132904917197e-22,-1.0401926214967101e-14,4.542696879318098e-07,3.4584288907555203e-07,6.760615532534378e-07,-6.916827801010098e-07,-5.88137689276863e-07,2.7603935657748805e-10,1.3611084455554234e-07,1.1102473928235123e-07,1.0301383938490688e-07,1.1102473928235123e-07,2.3039665215819066e-07,2.3039665215819066e-07,-1.6776647593508025e-16,4.6079330646799117e-07,-3.346825569813529e-16,5.476184252961206e-19,-2.0647970595398544e-15,4.6079329374393296e-07,1.5654839854300522e-13,1.1059294245238186e-11,1.2760603280414577e-10,-5.1057477884581306e-11,-2.0575002231216237e-19,4.6046946388130496e-07,1.1059294245238186e-11,1.2760603280414577e-10,-2.2327293927628953e-07,3.2384026455421524e-10,-2.3023808564462208e-07,-7.288986632887074e-09,-7.288986632883942e-09,-2.475209273761622e-16,6.857606434831346e-09,2.0328154433599964e-20,-2.997898792289762e-12,6.854164049752362e-09,3.6921476276606874e-12,7.448968169655144e-13,2.00299191608457e-12,5.026784603397588e-21,2.475216292894527e-16
0.8729999999999999,548,101324.99999999997,2.771e-08,0.066,0.29999999999999993,0.6339999999999998,0.22000000000000003,548.0,1e-11,1e-22,IdealGasReactor,off,0.6334408009290763,0.0,0.0,0.2962006961772135,0.006549373394634944,0.0021802582710290976,1.5699364694903574e-12,0.06162887122647608,0.0,0.0032472658900921498,5.5349981504831265e-11,0.49652486902397475,6.059978454314901e-09,3.28727276241251e-08,9.52443934522092e-08,7.373089515090872e-06,0.4991279741114039,5.6416300421091924e-05,6.209410322253602e-05,0.0008457132360111526,5.744205095602747e-06,3.7100727855696306e-13,1.73007290526102e-09,0.00012241407737017076,0.0,0.0,0.0,0.0,0.0,0.0,0.0,0.0,0.0,0.0,0.0,0.0,-3.456545137095217e-07,6.913090272513883e-07,2.3043634233475153e-07,1.677137100258144e-16,-4.6087268483375355e-07,0.0,2.829714333581269e-16,3.7593537254710194e-23,2.9580777790728117e-18,1.9754958820715192e-22,-3.31401640613245e-20,1.5617169965001163e-21,-1.6063847495779797e-21,2.7945137618757486e-16,5.196503704422974e-22,-4.852085399440991e-19,5.3187648763674324e-21,-2.7296960214249913e-23,-1.2268018813464907e-22,-5.462328054949318e-24,-2.824347766712784e-16,4.5402640400354216e-07,3.456545137095217e-07,6.756403333543519e-07,-6.913060326069545e-07,-5.878231843914441e-07,2.757241828580835e-10,1.3609947282908977e-07,1.1093562555766723e-07,1.0295218223016496e-07,1.1093562555766723e-07,2.302712636141737e-07,2.302712636141737e-07,-1.677137100258144e-16,4.605425293781965e-07,-3.3426334463035696e-16,5.47019578337675e-19,-2.063322421483937e-15,4.6054252678118246e-07,1.564632002736622e-13,1.1045326251267478e-11,1.274709009433886e-10,-5.096784451766982e-11,-2.0550835389741478e-19,4.6021894447719047e-07,1.1045326251267478e-11,1.274709009433886e-10,-2.231498388791684e-07,3.235825864267645e-10,-2.3011275974832472e-07,-7.2865034555831224e-09,-7.286503455581516e-09,-2.4739027916149313e-16,6.849719617960985e-09,2.0306086447874452e-20,-2.994644433808734e-12,6.846280830211403e-09,3.687900391122295e-12,7.444408443790865e-13,2.000843572937011e-12,5.021461098145867e-21,2.473902736991651e-16
0.8819999999999999,548,101324.99999999996,2.771e-08,0.066,0.29999999999999993,0.6339999999999998,0.22000000000000003,548.0,1e-11,1e-22,IdealGasReactor,off,0.6334337927397382,0.0,0.0,0.29616422805178366,0.006615683043017223,0.0022023615188591843,1.5860273173797048e-12,0.06158393464501585,0.0,0.0032465805060093553,5.5308279155786915e-11,0.49668269198992543,6.058782265142338e-09,3.319523436916298e-08,9.534869541590717e-08,7.382724147757248e-06,0.4989717024716904,5.639363600564944e-05,6.203571867079224e-05,0.0008449839951213051,5.742640161201842e-06,3.7069154548238367e-13,1.7304462148178293e-09,0.00012234992943070656,0.0,0.0,0.0,0.0,0.0,0.0,0.0,0.0,0.0,0.0,0.0,0.0,-3.4546612333265176e-07,6.909322465183621e-07,2.3031074874394604e-07,1.6766093928445856e-16,-4.6062149768029926e-07,0.0,-6.707311985928799e-16,1.431919568199362e-22,-9.405124894959896e-18,-2.8331072847224265e-21,-2.0805246766933752e-17,1.3753697481041702e-19,-1.383914523831843e-19,-6.665664103831245e-16,6.807476317564425e-22,1.5267253781459626e-17,-1.6863340579928957e-20,2.9039726367322573e-21,8.020430127331224e-22,-1.535890619938542e-22,6.760598249614139e-16,4.537830945164009e-07,3.4546612333265176e-07,6.752191149226389e-07,-6.909292551261033e-07,-5.875086519885556e-07,2.7540924666057214e-10,1.3608805689335476e-07,1.1084652545904007e-07,1.0289052214600381e-07,1.1084652545904007e-07,2.3014586489379733e-07,2.3014586489379733e-07,-1.6766093928445856e-16,4.6029173193568133e-07,-3.3384451153085854e-16,5.464211721954334e-19,-2.0618480341219624e-15,4.602917302864995e-07,1.5637799508987802e-13,1.1031370038851084e-11,1.2733586175560693e-10,-5.087833906498332e-11,-2.0526688762695398e-19,4.5996840465740714e-07,1.1031370038851084e-11,1.2733586175560693e-10,-2.230267287166535e-07,3.233249530325343e-10,-2.2998742379091265e-07,-7.284020027292541e-09,-7.28402002715415e-09,-2.472590552291177e-16,6.841838356439376e-09,2.0284033270177082e-20,-2.991392258887331e-12,6.838403163898338e-09,3.683656147457031e-12,7.439848096046198e-13,1.9986965993732495e-12,5.016140845767433e-21,2.4725890164005573e-16
0.8909999999999999,548,101325.00000000004,2.771e-08,0.066,0.29999999999999993,0.6339999999999998,0.22000000000000003,548.0,1e-11,1e-22,IdealGasReactor,off,0.6334267885273677,0.0,0.0,0.2961277806210808,0.0066819550623722634,0.002224452223662163,1.6021127484764511e-12,0.061539023563914726,0.0,0.0032458946251324346,5.52665949517228e-11,0.49684052993380695,6.0575855488585724e-09,3.3517409904312375e-08,9.545277191993276e-08,7.392346514573769e-06,0.4988154159398137,5.637096596888542e-05,6.197736944669217e-05,0.0008442551551211169,5.741074676212174e-06,3.703759917819436e-13,1.7308196029488039e-09,0.000122285775295532,0.0,0.0,0.0,0.0,0.0,0.0,0.0,0.0,0.0,0.0,0.0,0.0,-3.4527771806429347e-07,6.90555435931547e-07,2.3018514523869964e-07,1.676081637412077e-16,-4.6037029062860505e-07,0.0,3.8523563683043727e-16,-4.741802922310919e-22,4.255662731320036e-18,8.164015145871892e-21,2.9469758542634804e-17,2.984202952295307e-19,-3.1434186765995136e-19,3.9857241873914e-16,3.2852468584404962e-21,-1.2082130325661111e-17,7.782538082831181e-21,2.658455091168862e-21,6.185477674379117e-21,1.9144643264185438e-22,-4.0288087850192375e-16,4.535397595756621e-07,3.4527771806429347e-07,6.747978982511907e-07,-6.905524477892786e-07,-5.871940922661528e-07,2.750945480156438e-10,1.360765967309463e-07,1.1075743905428466e-07,1.0282885917349459e-07,1.1075743905428466e-07,2.3002045607677152e-07,2.3002045607677152e-07,-1.676081637412077e-16,4.600409142998635e-07,-3.33426057640632e-16,5.458232069189874e-19,-2.060373898474869e-15,4.6004091158735605e-07,1.5629278304581355e-13,1.101742560828209e-11,1.2720091525969987e-10,-5.0788961413083724e-11,-2.0502562349382497e-19,4.5971784462562055e-07,1.101742560828209e-11,1.2720091525969987e-10,-2.2290360888927912e-07,3.2306736461637736e-10,-2.2986207787406734e-07,-7.281536349420516e-09,-7.281536349106174e-09,-2.4712732175348497e-16,6.833962652394267e-09,2.026199490572462e-20,-2.9881422682950027e-12,6.8305310529429385e-09,3.679414897811613e-12,7.435287130236677e-13,1.996550996052658e-12,5.0108238481702575e-21,2.471275131999176e-16
0.8999999999999999,548,101324.99999999999,2.771e-08,0.066,0.29999999999999993,0.6339999999999998,0.22000000000000003,548.0,1e-11,1e-22,IdealGasReactor,off,0.6334197882920054,0.0,0.0,0.29609135388531294,0.006748189452322609,0.0022465303853122635,1.6181927627925723e-12,0.06149413798342856,0.0,0.0032452082480524088,5.522492891011725e-11,0.4969983828156113,6.056388306380783e-09,3.383925420137134e-08,9.555662301890054e-08,7.401956615068958e-06,0.49865911455488987,5.6348290327003313e-05,6.19190555662428e-05,0.0008435267162267412,5.739508641446175e-06,3.70060617519882e-13,1.7311930694580967e-09,0.0001222216150163927,0.0,0.0,0.0,0.0,0.0,0.0,0.0,0.0,0.0,0.0,0.0,0.0,-3.450892980943885e-07,6.901785960169447e-07,2.3005953192027917e-07,1.6755538340925767e-16,-4.601190640227335e-07,0.0,2.0585137600860334e-14,-1.9159485739874607e-22,-5.959560805638283e-18,-1.387776338118315e-20,4.245964406348994e-18,-7.365216174172158e-19,7.417262378313995e-19,2.060329173872712e-14,6.4903617057560724e-21,8.610026278940695e-18,-9.165873661013593e-21,-1.701252026080155e-21,-1.0180807570458642e-21,8.047900737129957e-22,-2.059728802208484e-14,4.5329639952187365e-07,3.450892980943885e-07,6.743766837699122e-07,-6.901756111224813e-07,-5.868795055415413e-07,2.747800870096088e-10,1.3606509235212447e-07,1.1066836643369304e-07,1.0276719337461016e-07,1.1066836643369304e-07,2.2989503728960452e-07,2.2989503728960452e-07,-1.6755538340925767e-16,4.597900767237765e-07,-3.330079829116394e-16,5.452256826324347e-19,-2.0589000155633824e-15,4.5979005380836213e-07,1.5620756422742765e-13,1.1003492962080775e-11,1.270660615003567e-10,-5.0699711459028815e-11,-2.0478456149095834e-19,4.5946726458422737e-07,1.1003492962080775e-11,1.270660615003567e-10,-2.227804794976487e-07,3.228098214227846e-10,-2.297367220988616e-07,-7.279052422630486e-09,-7.279052423372212e-09,-2.469953037277215e-16,6.8260925093407906e-09,2.0239971363846478e-20,-2.984894463407889e-12,6.822664500859847e-09,3.675176644077957e-12,7.430725551694149e-13,1.994406764040181e-12,5.005510108299779e-21,2.469961085177952e-16
0.9089999999999999,548,101324.99999999999,2.771e-08,0.066,0.29999999999999993,0.6339999999999998,0.22000000000000003,548.0,1e-11,1e-22,IdealGasReactor,off,0.6334127920336877,0.0,0.0,0.29605494784467185,0.006814386212519097,0.0022685960036930605,1.6342673603419716e-12,0.06144927790379394,0.0,0.003244521375047263,5.5183281043047446e-11,0.49715625054775,6.055190538044147e-09,3.4160767229256765e-08,9.566024876489212e-08,7.411554449272342e-06,0.4985027984040225,5.632560909080003e-05,6.186077703942097e-05,0.0008427986785720693,5.73794205772464e-06,3.697454227477675e-13,1.7315666143179498e-09,0.00012215744864496888,0.0,0.0,0.0,0.0,0.0,0.0,0.0,0.0,0.0,0.0,0.0,0.0,-3.449008635461251e-07,6.898017269306814e-07,2.2993390889067662e-07,1.6750259831793394e-16,-4.5986781795225283e-07,0.0,-2.8153574229103293e-16,-5.708958016907362e-23,-9.63927541039308e-19,2.684548861349652e-21,-5.944053707357053e-18,1.3393708478458624e-20,-1.3234889800848443e-20,-2.8405914939385455e-16,8.713534910969407e-22,2.4273002242779033e-18,-2.097303114534347e-21,-4.482801932154564e-22,-3.730762366931811e-22,-1.4150909561964745e-23,2.850305727793476e-16,4.530530144424222e-07,3.449008635461251e-07,6.739554717790097e-07,-6.897987452818364e-07,-5.865648920191062e-07,2.7446586367534466e-10,1.3605354374113429e-07,1.1057930766623332e-07,1.0270552479155083e-07,1.1057930766623332e-07,2.297696086145467e-07,2.297696086145467e-07,-1.6750259831793394e-16,4.595392193719007e-07,-3.3259028730036627e-16,5.446285993880027e-19,-2.0574263864078393e-15,4.595392173456503e-07,1.5612233869060737e-13,1.0989572100621367e-11,1.269313004975542e-10,-5.061058908981784e-11,-2.0454370161087244e-19,4.592166647369234e-07,1.0989572100621367e-11,1.269313004975542e-10,-2.2265734064238486e-07,3.2255232369631037e-10,-2.2961135656698048e-07,-7.276568248291761e-09,-7.276568248278526e-09,-2.4686470183516674e-16,6.818227929462969e-09,2.0217962649924017e-20,-2.9816488450197257e-12,6.814803509830587e-09,3.670941387430732e-12,7.426163364317895e-13,1.9922639040115437e-12,5.000199628105757e-21,2.468646876842572e-16
0.9179999999999999,548,101325.00000000003,2.771e-08,0.066,0.29999999999999993,0.6339999999999998,0.22000000000000003,548.0,1e-11,1e-22,IdealGasReactor,off,0.6334057997524488,0.0,0.0,0.2960185624993342,0.0068805453426405315,0.002290649078697481,1.6503365411405283e-12,0.06140444332522852,0.0,0.00324383400663821,5.514165136670776e-11,0.4973141330793787,6.0539922446350836e-09,3.448194895996157e-08,9.576364921279403e-08,7.421140016858698e-06,0.4983464675372561,5.630292227526999e-05,6.180253388076867e-05,0.0008420710423534778,5.73637492586333e-06,3.69430407526514e-13,1.7319402373703632e-09,0.0001220932762329975,0.0,0.0,0.0,0.0,0.0,0.0,0.0,0.0,0.0,0.0,0.0,0.0,-3.447124145942719e-07,6.894248290251239e-07,2.2980827625132678e-07,1.6744980848410536e-16,-4.596165526969321e-07,0.0,-8.984925580845422e-15,2.387010801762385e-22,-1.0495016548415217e-17,1.6561784573624205e-21,-4.11689776101112e-18,2.4272787894756044e-19,-2.4196356406156144e-19,-8.961885555106805e-15,-3.1527952696748137e-21,1.6267649773752518e-17,-1.710237235094334e-20,-7.599204889948096e-22,8.686151461919053e-22,-4.178696262240004e-23,8.972465313996872e-15,4.528096046138878e-07,3.447124145942719e-07,6.735342626788563e-07,-6.894218506197096e-07,-5.862502519905617e-07,2.7415187808623543e-10,1.3604195090248377e-07,1.1049026283728658e-07,1.026438534818004e-07,1.1049026283728658e-07,2.296441701680625e-07,2.296441701680625e-07,-1.6744980848410536e-16,4.5928834247717215e-07,-3.321729707588337e-16,5.440319572921173e-19,-2.055953012027926e-15,4.5928834913055994e-07,1.560371065144871e-13,1.097566302589758e-11,1.2679663229005712e-10,-5.0521594200079325e-11,-2.0430304384587124e-19,4.589660452864135e-07,1.097566302589758e-11,1.2679663229005712e-10,-2.2253419242409858e-07,3.222948716811387e-10,-2.2948598137964642e-07,-7.274083827228208e-09,-7.2740838269862444e-09,-2.467332926143341e-16,6.810368915951602e-09,2.0195968772333757e-20,-2.9784054143660397e-12,6.806948083044321e-09,3.666709129586747e-12,7.421600573115413e-13,1.990122416937638e-12,4.994892410293257e-21,2.467332508273715e-16
0.9269999999999998,548,101324.99999999999,2.771e-08,0.066,0.29999999999999993,0.6339999999999998,0.22000000000000003,548.0,1e-11,1e-22,IdealGasReactor,off,0.6333988114483197,0.0,0.0,0.29598219784946145,0.006946666842393548,0.002312689610227802,1.666400305206113e-12,0.061359634247931144,0.0,0.003243146143140283,5.510003989373173e-11,0.49747203032813647,6.05279342655611e-09,3.480279936375767e-08,9.586682441594412e-08,7.430713317838244e-06,0.4981901220364203,5.628022989184723e-05,6.174432610084542e-05,0.0008413438077130574,5.734807246684513e-06,3.691155719086874e-13,1.7323139385685592e-09,0.0001220290978322099,0.0,0.0,0.0,0.0,0.0,0.0,0.0,0.0,0.0,0.0,0.0,0.0,-3.445239513696088e-07,6.890479025424434e-07,2.2968263410416158e-07,1.6739701393532415e-16,-4.593652682910631e-07,0.0,2.5662627096416576e-14,-1.1049950756593265e-21,-5.437282181597784e-18,4.70536152835428e-20,2.932057486479964e-17,1.2387327458002109e-18,-1.234618349433372e-18,2.5608568428018847e-14,-2.6571783936311423e-20,-9.011687243785999e-17,6.787130824890532e-21,2.4270616545648092e-20,1.2819327777464273e-20,-2.44168939971924e-22,-2.5603133887945417e-14,4.5256617006825435e-07,3.445239513696088e-07,6.731130567842944e-07,-6.890449273782711e-07,-5.85935585673138e-07,2.73838130280363e-10,1.3603031382352316e-07,1.1040123201817712e-07,1.025821794898089e-07,1.1040123201817712e-07,2.2951872203743452e-07,2.2951872203743452e-07,-1.6739701393532415e-16,4.59037446214146e-07,-3.317560332419813e-16,5.4343575640372545e-19,-2.0544798934434503e-15,4.59037418298891e-07,1.5595186775837306e-13,1.0961765738485042e-11,1.2666205690031214e-10,-5.043272667781644e-11,-2.0406258818796336e-19,4.587154064364033e-07,1.0961765738485042e-11,1.2666205690031214e-10,-2.2241103494343158e-07,3.220374656215681e-10,-2.293605966385441e-07,-7.271599160729984e-09,-7.271599159495366e-09,-2.466020422121791e-16,6.80251547111766e-09,2.0173989736844273e-20,-2.9751641722977136e-12,6.799098222808703e-09,3.662479871788865e-12,7.417037182150529e-13,1.9879823035323345e-12,4.9895884569099305e-21,2.4660179804323913e-16
0.9359999999999998,548,101325.00000000003,2.771e-08,0.066,0.29999999999999993,0.6339999999999998,0.22000000000000003,548.0,1e-11,1e-22,IdealGasReactor,off,0.6333918271213281,0.0,0.0,0.29594585389519923,0.007012750711513113,0.00233471759819565,1.682458652558525e-12,0.06131485067208138,0.0,0.0032424577850167654,5.5058446639228656e-11,0.4976299422341536,6.051594084484701e-09,3.512331841302735e-08,9.59697744295907e-08,7.440274352013234e-06,0.4980337619606627,5.625753195451191e-05,6.168615371293857e-05,0.0008406169748303604,5.7332390210069495e-06,3.6880091595230465e-13,1.7326877177864497e-09,0.00012196491349431888,0.0,0.0,0.0,0.0,0.0,0.0,0.0,0.0,0.0,0.0,0.0,0.0,-3.443354740342795e-07,6.886709478957488e-07,2.2955698255077874e-07,1.6734421469151804e-16,-4.59113965263724e-07,0.0,-2.2720864617446882e-15,-3.410498803816365e-22,1.4035401763380587e-18,3.3896380798090874e-21,5.477338553419933e-18,6.273337765602162e-21,-5.825005873598421e-21,-2.271789904260198e-15,4.0973036569105673e-22,-3.761492962686656e-18,2.715857709829634e-21,-2.1176340669240354e-21,-2.5836304616669132e-21,-1.1163467547723457e-22,2.270374417286361e-15,4.523227113316852e-07,3.443354740342795e-07,6.72691854470948e-07,-6.886679759706289e-07,-5.856208933371969e-07,2.7352462032014067e-10,1.3601863250397516e-07,1.1031221529014838e-07,1.0252050286930201e-07,1.1031221529014838e-07,2.2939326433073582e-07,2.2939326433073582e-07,-1.6734421469151804e-16,4.587865307990064e-07,-3.313394747015783e-16,5.428399968142315e-19,-2.0530070316726028e-15,4.5878653076592e-07,1.5586662249569801e-13,1.0947880239928938e-11,1.2652757436207568e-10,-5.03439864156e-11,-2.0382233462878122e-19,4.584647483897842e-07,1.0947880239928938e-11,1.2652757436207568e-10,-2.2228786830102324e-07,3.217801057614134e-10,-2.2923520244501776e-07,-7.269114249755502e-09,-7.2691142497496766e-09,-2.4647044108544436e-16,6.794667597874274e-09,2.015202555102665e-20,-2.9719251199315347e-12,6.791253932038794e-09,3.6582536156051615e-12,7.412473196159681e-13,1.985843564686973e-12,4.984287770458069e-21,2.464703294507689e-16
0.9449999999999998,548,101325.00000000003,2.771e-08,0.066,0.29999999999999993,0.6339999999999998,0.22000000000000003,548.0,1e-11,1e-22,IdealGasReactor,off,0.6333848467714993,0.0,0.0,0.2959095306366779,0.0070787969497622125,0.0023567330425220035,1.698511583219533e-12,0.061270092597839866,0.0,0.003241768932695647,5.501687161768259e-11,0.49778786873182945,6.05039421903147e-09,3.544350608017886e-08,9.607249930911287e-08,7.449823119261904e-06,0.4978773873749063,5.6234828476650134e-05,6.162801672963669e-05,0.0008398905438754496,5.731670249651992e-06,3.684864397139123e-13,1.7330615749172765e-09,0.00012190072327111041,0.0,0.0,0.0,0.0,0.0,0.0,0.0,0.0,0.0,0.0,0.0,0.0,-3.44146982742768e-07,6.882939653012177e-07,2.294313216929055e-07,1.6729141077455617e-16,-4.588626435372183e-07,0.0,3.7471707498513435e-15,-8.799290066444122e-22,7.502493999953603e-18,1.1391657272097745e-20,1.7084760425237645e-17,3.713710078118073e-20,-3.790803311208015e-20,3.748351436024838e-15,-2.46798080120558e-21,-8.322338362161149e-18,1.24142616058137e-20,1.7244647820199244e-21,-1.2407486604288474e-21,1.3093603402634492e-22,-3.755922231241552e-15,4.520792283237325e-07,3.44146982742768e-07,6.722706560996372e-07,-6.882909966129594e-07,-5.853061752400502e-07,2.7321134826161764e-10,1.3600690694062708e-07,1.1022321273203338e-07,1.0245882367175767e-07,1.1022321273203338e-07,2.292677971509874e-07,2.292677971509874e-07,-1.6729141077455617e-16,4.5853559643775127e-07,-3.309232950898197e-16,5.422446786063829e-19,-2.051534427734706e-15,4.5853559038633307e-07,1.5578137079646198e-13,1.0934006531519164e-11,1.2639318470617804e-10,-5.02553733048409e-11,-2.0358228315986389e-19,4.582140713499107e-07,1.0934006531519164e-11,1.2639318470617804e-10,-2.2216469259755787e-07,3.2152279234459176e-10,-2.2910979890056014e-07,-7.266629095347629e-09,-7.266629095309721e-09,-2.463387142272565e-16,6.7868252989777425e-09,2.0130076221978472e-20,-2.968688258314355e-12,6.783415213485747e-09,3.654030362517927e-12,7.407908619717818e-13,1.983706201246681e-12,4.978990353320816e-21,2.4633884516329055e-16
0.9539999999999998,548,101325.0,2.771e-08,0.066,0.29999999999999993,0.6339999999999998,0.22000000000000003,548.0,1e-11,1e-22,IdealGasReactor,off,0.6333778703988556,0.0,0.0,0.2958732280740125,0.007144805556931995,0.0023787359431371898,1.7145590972128616e-12,0.061225360025348154,0.0,0.0032410795866471814,5.4975314844242095e-11,0.49794580976196906,6.0491938308852365e-09,3.576336233864672e-08,9.617499911077942e-08,7.45935961941676e-06,0.49772099833761735,5.621211947236146e-05,6.156991516423784e-05,0.0008391645150282463,5.730100933440334e-06,3.6817214325133243e-13,1.7334355098318425e-09,0.00012183652721433613,0.0,0.0,0.0,0.0,0.0,0.0,0.0,0.0,0.0,0.0,0.0,0.0,-3.4395847765837356e-07,6.879169551483102e-07,2.293056516321648e-07,1.6723860220413692e-16,-4.586113034361412e-07,0.0,-4.525128223122782e-15,1.4771363272935824e-21,-1.402259497738149e-18,-6.143006571909762e-21,1.1827756317222236e-18,3.298663933963466e-19,-3.278042321292519e-19,-4.5190288232420264e-15,5.9642343455198036e-21,3.1448553584609604e-18,-5.424564427107876e-21,-3.253404746747627e-22,9.140145014950453e-22,1.1970346992513564e-22,4.5204514369455275e-15,4.518357213660791e-07,3.4395847765837356e-07,6.718494620481399e-07,-6.879139896947216e-07,-5.849914316539961e-07,2.7289831416728157e-10,1.359951371338093e-07,1.1013422442538244e-07,1.0239714195124641e-07,1.1013422442538244e-07,2.2914232060703243e-07,2.2914232060703243e-07,-1.6723860220413692e-16,4.582846433480829e-07,-3.3050749435746345e-16,5.416498018713974e-19,-2.050062082647496e-15,4.58284645565854e-07,1.5569611273462098e-13,1.0920144614796819e-11,1.2625888796646916e-10,-5.016688723814504e-11,-2.0334243377234054e-19,4.5796337551978793e-07,1.0920144614796819e-11,1.2625888796646916e-10,-2.2204150793370994e-07,3.212655256146551e-10,-2.2898438610655222e-07,-7.264143698454868e-09,-7.264143698127064e-09,-2.462072255970851e-16,6.778988577338206e-09,2.0108141757277675e-20,-2.965453588563959e-12,6.775582070062079e-09,3.6498101140947184e-12,7.403343457587986e-13,1.9815702141035867e-12,4.973696208002466e-21,2.46207345300555e-16
0.9629999999999999,548,101324.99999999997,2.771e-08,0.066,0.29999999999999993,0.6339999999999998,0.22000000000000003,548.0,1e-11,1e-22,IdealGasReactor,off,0.6333708980034157,0.0,0.0,0.29583694620730255,0.007210776532841132,0.0024007262999808927,1.7306011945642612e-12,0.06118065295472908,0.0,0.003240389747176008,5.493377633119311e-11,0.4981037652400291,6.047992920426587e-09,3.60828871604257e-08,9.627727388963002e-08,7.468883852579562e-06,0.49756459493282357,5.6189404952893165e-05,6.151184902683945e-05,0.0008384388884250714,5.728531073198319e-06,3.678580266156505e-13,1.7338095224906288e-09,0.0001217723253757556,0.0,0.0,0.0,0.0,0.0,0.0,0.0,0.0,0.0,0.0,0.0,0.0,-3.437699589090882e-07,6.875399175864572e-07,2.2917997247057873e-07,1.6718578900855047e-16,-4.583599450879227e-07,0.0,8.13652461251558e-15,-8.724708940276538e-22,7.517452630090398e-18,7.281255199060678e-21,6.462819035902949e-17,-6.0046695026449385e-19,6.042173871618093e-19,8.180028861615632e-15,-3.33222358845528e-21,-1.2806335901496215e-17,1.2852532832837908e-20,-1.1877900005955201e-20,3.4580193406296485e-21,2.6815337458823395e-23,-8.187651810673365e-15,4.515921905839503e-07,3.437699589090882e-07,6.714282726256844e-07,-6.875369553653457e-07,-5.846766627916193e-07,2.725855180712958e-10,1.359833230700967e-07,1.1004525044049116e-07,1.0233545775139479e-07,1.1004525044049116e-07,2.2901683478432673e-07,2.2901683478432673e-07,-1.6718578900855047e-16,4.580336717009133e-07,-3.300920724575062e-16,5.410553666623663e-19,-2.0485899974289682e-15,4.580336612214353e-07,1.5561084836823992e-13,1.0906294490165925e-11,1.261246841637101e-10,-5.007852810282046e-11,-2.0310278645705876e-19,4.5771266110327185e-07,1.0906294490165925e-11,1.261246841637101e-10,-2.2191831441017927e-07,3.2100830581525604e-10,-2.2885896416476723e-07,-7.261658060399472e-09,-7.261658061003689e-09,-2.4607580314136266e-16,6.771157435169333e-09,2.008622216240938e-20,-2.9622211114893805e-12,6.767754503972394e-09,3.64559287152248e-12,7.398777713776866e-13,1.9794356039434985e-12,4.9684053364794516e-21,2.460758299567001e-16
0.9719999999999999,548,101325.0,2.771e-08,0.066,0.29999999999999993,0.6339999999999998,0.22000000000000003,548.0,1e-11,1e-22,IdealGasReactor,off,0.6333639295851962,0.0,0.0,0.2958006850366312,0.007276709877338675,0.002422704113002134,1.7466378753011696e-12,0.061135971386084995,0.0,0.003239699414870627,5.4892256095620115e-11,0.49826173512437466,6.046791488561879e-09,3.640208052131652e-08,9.637932370408454e-08,7.478395818445684e-06,0.497408177201278,5.6166684934376994e-05,6.145381833285307e-05,0.0008377136642749874,5.726960669745333e-06,3.6754408986884924e-13,1.7341836127012595e-09,0.00012170811780716843,0.0,0.0,0.0,0.0,0.0,0.0,0.0,0.0,0.0,0.0,0.0,0.0,-3.435814266829902e-07,6.87162853199774e-07,2.2905428430955135e-07,1.671329712015407e-16,-4.581085687991898e-07,0.0,3.3961051980085593e-16,6.677712136550478e-23,-1.282852373754736e-17,1.7265623977229232e-22,-1.0358154153736025e-18,-8.07328277851755e-21,8.223002469389648e-21,3.516299785337598e-16,-1.5117797030624743e-21,3.9014934865408216e-20,-2.15311914585028e-20,-1.1022181662269094e-22,-1.1947300283116874e-22,-2.0068558319950123e-24,-3.3869208808694486e-16,4.513486362805975e-07,3.435814266829902e-07,6.710070882579379e-07,-6.871598942089456e-07,-5.84361868967019e-07,2.7227296005485503e-10,1.3597146475966688e-07,1.0995629086671417e-07,1.0227377113359435e-07,1.0995629086671417e-07,2.2889133980811273e-07,2.2889133980811273e-07,-1.671329712015407e-16,4.577826817467339e-07,-3.296770293378479e-16,5.404613730953192e-19,-2.047118173095993e-15,4.577826790974626e-07,1.5552557778241772e-13,1.0892456159910013e-11,1.259905733404815e-10,-4.9990295795007774e-11,-2.028633412046542e-19,4.574619283029652e-07,1.0892456159910013e-11,1.259905733404815e-10,-2.2179511212767996e-07,3.2075113318952383e-10,-2.28733533176362e-07,-7.259172181871391e-09,-7.259172181879614e-09,-2.4594430127630143e-16,6.7633318758407516e-09,2.006431744633753e-20,-2.9589908284128957e-12,6.7599325185922605e-09,3.641378636618338e-12,7.394211393580303e-13,1.9773023717953765e-12,4.963117741606151e-21,2.459442992694456e-16
0.9809999999999999,548,101324.99999999999,2.771e-08,0.066,0.29999999999999993,0.6339999999999998,0.22000000000000003,548.0,1e-11,1e-22,IdealGasReactor,off,0.6333569651442099,0.0,0.0,0.29576444456206924,0.007342605590295655,0.0024446693821593216,1.762669139453734e-12,0.061091315319503264,0.0,0.0032390085899199447,5.485075414775125e-11,0.4984197193125611,6.045589535455729e-09,3.672094239288391e-08,9.648114860887817e-08,7.4878955173283935e-06,0.4972517452450618,5.614395942606203e-05,6.1395823090055e-05,0.0008369888426828316,5.725389723913032e-06,3.6723033305694235e-13,1.7345577804876615e-09,0.00012164390456034323,0.0,0.0,0.0,0.0,0.0,0.0,0.0,0.0,0.0,0.0,0.0,0.0,-3.433928810832325e-07,6.867857619994285e-07,2.2892858725139573e-07,1.6708014881746557e-16,-4.578571746663937e-07,0.0,5.590018982433703e-16,2.3319686274272314e-23,3.568664559085939e-18,1.3193884046014176e-22,-1.3234889800848443e-20,2.064642808932357e-21,-2.031555584430236e-21,5.554826120051492e-16,6.628345064868203e-22,1.1434063444761838e-19,6.003204730569995e-21,3.143286327701505e-23,-7.668851908601426e-23,-1.3009088227490243e-23,-5.59081465418576e-16,4.5110505855077993e-07,3.433928810832325e-07,6.705859092058561e-07,-6.867828062366886e-07,-5.840470503508439e-07,2.7196064013167326e-10,1.3595956217950892e-07,1.0986734576637383e-07,1.0221208213412361e-07,1.0986734576637383e-07,2.287658357473946e-07,2.287658357473946e-07,-1.6708014881746557e-16,4.575316736235433e-07,-3.2926236495234666e-16,5.398678211956124e-19,-2.0456466106660016e-15,4.5753167077222656e-07,1.5544030102404088e-13,1.0878629623606133e-11,1.258565555081293e-10,-4.990219019820203e-11,-2.026240980053847e-19,4.5721117732332707e-07,1.0878629623606133e-11,1.258565555081293e-10,-2.2167190118693902e-07,3.2049400798095606e-10,-2.286080932434148e-07,-7.2566860644567084e-09,-7.256686064454677e-09,-2.458127663240157e-16,6.755511901050022e-09,2.0042427613037073e-20,-2.9557627399207678e-12,6.752116115613761e-09,3.6371674102932143e-12,7.389644500473312e-13,1.9751705181960318e-12,4.9578334249781444e-21,2.4581275331492747e-16
0.9899999999999999,548,101325.0,2.771e-08,0.066,0.29999999999999993,0.6339999999999998,0.22000000000000003,548.0,1e-11,1e-22,IdealGasReactor,off,0.6333500046804671,0.0,0.0,0.2957282247836685,0.007408463671617665,0.00246662210742018,1.7786949870532726e-12,0.06104668475504783,0.0,0.003238317272935734,5.480927050498122e-11,0.4985777177662178,6.044387062056434e-09,3.7039472752108615e-08,9.658274866360762e-08,7.497382948927195e-06,0.49709529910163647,5.612122844448048e-05,6.133786331416611e-05,0.0008362644238621782,5.7238182365219364e-06,3.6691675624229573e-13,1.7349320256455284e-09,0.00012157968568708949,0.0,0.0,0.0,0.0,0.0,0.0,0.0,0.0,0.0,0.0,0.0,0.0,-3.4320432230250904e-07,6.864086444380221e-07,2.2880288139748605e-07,1.6702732186896222e-16,-4.576057629587138e-07,0.0,1.6979757125663428e-16,5.594797559428587e-23,3.296184306469061e-18,-3.0118725387548382e-22,-3.0704944337968387e-21,-6.1145190879919806e-21,6.2013730523100485e-21,1.664742871189188e-16,7.550952350968517e-22,3.1999291357332076e-20,5.479763788814802e-21,-1.2686882645032062e-22,1.9906214645586739e-22,7.184643484064342e-24,-1.697985071597986e-16,4.5086145766023555e-07,3.4320432230250904e-07,6.701647359040082e-07,-6.864056919011748e-07,-5.837322072650567e-07,2.716485583857282e-10,1.3594761534179627e-07,1.0977841523023282e-07,1.0215039081574884e-07,1.0977841523023282e-07,2.2864032273050656e-07,2.2864032273050656e-07,-1.6702732186896222e-16,4.572806475880133e-07,-3.288480792474873e-16,5.392747110827075e-19,-2.0441753111548984e-15,4.572806451275113e-07,1.5535501818030905e-13,1.08648148836425e-11,1.257226307105912e-10,-4.9814211209086115e-11,-2.0238505684932106e-19,4.5696040836687753e-07,1.08648148836425e-11,1.257226307105912e-10,-2.2154868168868882e-07,3.202369304322952e-10,-2.2848264446705384e-07,-7.254199708797216e-09,-7.254199708803418e-09,-2.4568118504961567e-16,6.747697514239487e-09,2.002055267168025e-20,-2.9525368473659185e-12,6.744305298478205e-09,3.6329591943998098e-12,7.385077039852573e-13,1.9730400441949824e-12,4.9525523895025074e-21,2.4568119223425915e-16
0.9989999999999998,548,101325.0,2.771e-08,0.066,0.29999999999999993,0.6339999999999998,0.22000000000000003,548.0,1e-11,1e-22,IdealGasReactor,off,0.633343048193975,0.0,0.0,0.29569202570146685,0.007474284121236252,0.0024885622887617976,1.7947154181333332e-12,0.061002079692765124,0.0,0.003237625464343173,5.476780518147936e-11,0.4987357304184835,6.043184068965418e-09,3.735767157432895e-08,9.668412392639799e-08,7.506858113241037e-06,0.49693883883719436,5.609849200294508e-05,6.127993901730207e-05,0.0008355404079774466,5.7222462083986916e-06,3.6660335947966414e-13,1.735306348071692e-09,0.00012151546123920699,0.0,0.0,0.0,0.0,0.0,0.0,0.0,0.0,0.0,0.0,0.0,0.0,-3.4301575049376917e-07,6.860315008514961e-07,2.2867716684962354e-07,1.6697449037832483e-16,-4.5735433389628765e-07,0.0,7.383222352588415e-15,-1.4351053221715715e-21,-1.3989505950958654e-17,2.593160863385104e-21,-3.1043228121278073e-17,-1.6077744130070688e-19,1.603299365893157e-19,7.382195981921275e-15,2.1666549185599767e-21,1.5992567258692597e-17,-2.3701930682311453e-20,-1.411325221380319e-21,-2.0442256607190874e-21,2.969146333045047e-22,-7.368096768771925e-15,4.506178338264553e-07,3.4301575049376917e-07,6.697435687097823e-07,-6.860285515383443e-07,-5.83417339964446e-07,2.713367148691575e-10,1.359356242432015e-07,1.0968949933636543e-07,1.0208869722947312e-07,1.0968949933636543e-07,2.2851480085943994e-07,2.2851480085943994e-07,-1.6697449037832483e-16,4.5702960384412926e-07,-3.2843417217225347e-16,5.386820428332016e-19,-2.0427042755784897e-15,4.570295941697111e-07,1.5526972932052264e-13,1.0851011941127607e-11,1.2558879897708282e-10,-4.972635871837785e-11,-2.021462177261949e-19,4.567096216370215e-07,1.0851011941127607e-11,1.2558879897708282e-10,-2.214254537336688e-07,3.1997990078636265e-10,-2.2835718694883672e-07,-7.2517131159547404e-09,-7.25171311611507e-09,-2.455493192250849e-16,6.739888718059168e-09,1.999869262908662e-20,-2.9493131517542682e-12,6.736500069832324e-09,3.6287539903629054e-12,7.380509016262378e-13,1.9709109506096247e-12,4.947274637492786e-21,2.455496161397182e-16
1.0079999999999998,548,101324.99999999999,2.771e-08,0.066,0.29999999999999993,0.6339999999999998,0.22000000000000003,548.0,1e-11,1e-22,IdealGasReactor,off,0.6333360956847386,0.0,0.0,0.2956558473154867,0.007540066939110943,0.002510489926170619,1.8107304327294424e-12,0.06095750013268262,0.0,0.003236933164321467,5.4726358187192626e-11,0.49889375716479467,6.041980556326652e-09,3.767553883240388e-08,9.678527445320391e-08,7.516321010655257e-06,0.49678236455595076,5.607575011052824e-05,6.12220502068697e-05,0.0008348167951287794,5.72067364037879e-06,3.662901428139721e-13,1.7356807477969878e-09,0.00012145123126852922,0.0,0.0,0.0,0.0,0.0,0.0,0.0,0.0,0.0,0.0,0.0,0.0,-3.4282716575770495e-07,6.856543313123567e-07,2.2855144371025442e-07,1.6692165438062784e-16,-4.571028875247427e-07,0.0,5.044495818563956e-15,1.4349373073889667e-22,2.1483199737803463e-17,3.710761821162113e-21,3.6318866954133076e-17,-1.2115218123696665e-19,1.2008677260799835e-19,5.017823444232271e-15,2.1838268932319257e-21,-4.10561033835205e-17,4.06541091675589e-20,1.920041298100431e-21,-3.629283476148073e-21,-1.3636152538316023e-22,-5.039493982355819e-15,4.5037418709345783e-07,3.4282716575770495e-07,6.693224078790775e-07,-6.856513852207031e-07,-5.831024486154072e-07,2.7102510959250413e-10,1.3592358885991495e-07,1.096005981461924e-07,1.0202700141082913e-07,1.096005981461924e-07,2.2838927020152327e-07,2.2838927020152327e-07,-1.6692165438062784e-16,4.5677854252654516e-07,-3.280206436792511e-16,5.380898164677994e-19,-2.0412335049534446e-15,4.5677853521830514e-07,1.5518443449042952e-13,1.0837220795500609e-11,1.2545506031756779e-10,-4.9638632609028904e-11,-2.0190758062548566e-19,4.564588173385128e-07,1.0837220795500609e-11,1.2545506031756779e-10,-2.2130221742270756e-07,3.197229192863239e-10,-2.2823172079096703e-07,-7.249226287546874e-09,-7.249226287666961e-09,-2.454181614671585e-16,6.73208551411443e-09,1.9976847489000948e-20,-2.9460916536381687e-12,6.728700431284905e-09,3.6245517990487453e-12,7.375940433126377e-13,1.968783237954069e-12,4.9420001704870154e-21,2.454180251056331e-16
1.0169999999999997,548,101325.0,2.771e-08,0.066,0.29999999999999993,0.6339999999999998,0.22000000000000003,548.0,1e-11,1e-22,IdealGasReactor,off,0.6333291471527583,0.0,0.0,0.2956196896257342,0.007605812125230239,0.00253240501964243,1.8267400308789794e-12,0.06091294607480807,0.0,0.003236240373731397,5.468492954361142e-11,0.4990517980043834,6.0407765255487e-09,3.7993074507796654e-08,9.688620030770712e-08,7.525771640557887e-06,0.4966258762574443,5.6053002788042895e-05,6.116419690308048e-05,0.000834093585591611,5.719100533277131e-06,3.6597710631643175e-13,1.7360552244825748e-09,0.00012138699582684418,0.0,0.0,0.0,0.0,0.0,0.0,0.0,0.0,0.0,0.0,0.0,0.0,-3.426385683392476e-07,6.852771365115139e-07,2.2842571208011851e-07,1.6686881387576085e-16,-4.568514243413856e-07,0.0,4.628556946350696e-17,-6.959533776700025e-23,-1.3799749525833551e-17,1.5193397003235748e-22,-4.446922973085077e-21,2.4352197233561135e-21,-2.2532399885944474e-21,6.067966686606476e-17,-1.4423263189958012e-21,3.879962124637876e-19,-2.3580205885295446e-20,1.333828737741757e-23,1.5628381469178608e-22,-2.0629926531247368e-24,-4.6763411075562316e-17,4.501305179541214e-07,3.426385683392476e-07,6.689012539476421e-07,-6.852741936391591e-07,-5.827875336282881e-07,2.707137426795208e-10,1.3591150922493378e-07,1.0951171176695857e-07,1.0196530343804055e-07,1.0951171176695857e-07,2.2826373091975195e-07,2.2826373091975195e-07,-1.6686881387576085e-16,4.5652746396124706e-07,-3.2760749370919703e-16,5.374980321588018e-19,-2.039763000292662e-15,4.5652746161195523e-07,1.550991338007808e-13,1.0823441450731093e-11,1.2532141479452866e-10,-4.9551032785181674e-11,-2.016691455363547e-19,4.562079956725448e-07,1.0823441450731093e-11,1.2532141479452866e-10,-2.2117897285645728e-07,3.1946598617383483e-10,-2.2810624609394486e-07,-7.2467392236612416e-09,-7.246739223658988e-09,-2.4528642137408086e-16,6.724287906840974e-09,1.9955017263541786e-20,-2.9428723548051504e-12,6.720906387264202e-09,3.6203526228408614e-12,7.371371296963625e-13,1.9666569075684835e-12,4.936728992135811e-21,2.452864193110882e-16
1.0259999999999998,548,101324.99999999999,2.771e-08,0.066,0.29999999999999993,0.6339999999999998,0.22000000000000003,548.0,1e-11,1e-22,IdealGasReactor,off,0.6333222025980328,0.0,0.0,0.2955835526322026,0.007671519679606032,0.002554307569182403,1.842744212621871e-12,0.060868417519133376,0.0,0.00323554709252349,5.4643519256716324e-11,0.49920985279746727,6.0395719763497175e-09,3.8310278571568045e-08,9.698690154430498e-08,7.535210003713065e-06,0.4964693740814054,5.603025004061916e-05,6.110637910889903e-05,0.0008333707794055519,5.717526887938586e-06,3.6566425002255976e-13,1.7364297782843983e-09,0.00012132275496602953,0.0,0.0,0.0,0.0,0.0,0.0,0.0,0.0,0.0,0.0,0.0,0.0,-3.4244995829036925e-07,6.848999163860703e-07,2.2829997206229253e-07,1.668159689107354e-16,-4.565999442536041e-07,0.0,-5.258865859963694e-16,-3.88578440155205e-22,1.524518678912478e-17,6.30434669116448e-21,2.798173341254581e-17,3.660770518914679e-20,-3.633142686455408e-20,-5.357951178563461e-16,-1.2278008843444556e-21,-2.2440843012507027e-17,2.6735783599911607e-20,-1.3547667469970056e-21,-2.686505040317782e-22,-8.21739483902311e-24,5.204142846626871e-16,4.4988682631520466e-07,3.4244995829036925e-07,6.684801070767529e-07,-6.84896976730815e-07,-5.824725950871159e-07,2.7040261410156257e-10,1.3589938529543523e-07,1.0942284024452832e-07,1.0190360333222277e-07,1.0942284024452832e-07,2.2813818304914965e-07,2.2813818304914965e-07,-1.668159689107354e-16,4.5627636821829184e-07,-3.271947222175187e-16,5.369066898740951e-19,-2.038292762613172e-15,4.5627636646727865e-07,1.5501382727537404e-13,1.0809673904681346e-11,1.2518786239981866e-10,-4.9463559122486646e-11,-2.0143091244774278e-19,4.5595715684517214e-07,1.0809673904681346e-11,1.2518786239981866e-10,-2.210557201358577e-07,3.192091016922215e-10,-2.2798076296060058e-07,-7.2442519264348025e-09,-7.244251926398471e-09,-2.451548070124563e-16,6.716495896867033e-09,1.9933201953558143e-20,-2.9396552553804675e-12,6.713117938399453e-09,3.6161564620782774e-12,7.366801610153833e-13,1.964531959681204e-12,4.93146110324668e-21,2.451547987950615e-16
1.0349999999999997,548,101324.99999999997,2.771e-08,0.066,0.29999999999999993,0.6339999999999998,0.22000000000000003,548.0,1e-11,1e-22,IdealGasReactor,off,0.6333152620205578,0.0,0.0,0.29554743633486685,0.007737189602284239,0.0025761975748050266,1.8587429779992837e-12,0.06082391446562746,0.0,0.0032348533213323056,5.460212734406962e-11,0.4993679215084349,6.038366909716902e-09,3.8627151003424876e-08,9.708737822518279e-08,7.544636099885427e-06,0.4963128580625105,5.600749188516781e-05,6.104859684013592e-05,0.0008326483767861001,5.7159527051871365e-06,3.653515739942553e-13,1.7368044089872365e-09,0.00012125850873791254,0.0,0.0,0.0,0.0,0.0,0.0,0.0,0.0,0.0,0.0,0.0,0.0,-3.422613358077665e-07,6.84522671367418e-07,2.281742237581234e-07,1.6676311949725113e-16,-4.563484475558549e-07,0.0,6.495579209734479e-16,-1.7324532462204108e-21,4.981496467387712e-17,1.0554207487241671e-22,8.179458358455877e-17,7.244778676984438e-20,-7.520229820964596e-20,6.038330989015518e-16,4.322231756142852e-22,-7.697901917609089e-17,8.175046269480103e-20,4.818792357215947e-21,-4.3738783513684704e-21,-2.142376616443874e-22,-6.540859791976861e-16,4.4964311246770746e-07,3.422613358077665e-07,6.680589677084298e-07,-6.845197349270612e-07,-5.821576333206787e-07,2.700917239435339e-10,1.3588721708560096e-07,1.0933398367073414e-07,1.018419011573214e-07,1.0933398367073414e-07,2.2801262672072343e-07,2.2801262672072343e-07,-1.6676311949725113e-16,4.5602525555969315e-07,-3.267823291477236e-16,5.3631578973363285e-19,-2.036822792928165e-15,4.5602525267085525e-07,1.5492851500322506e-13,1.0795918159757683e-11,1.2505440317797317e-10,-4.937621151784546e-11,-2.011928813482788e-19,4.5570630105885796e-07,1.0795918159757683e-11,1.2505440317797317e-10,-2.2093245936165457e-07,3.1895226608327e-10,-2.2785527149203736e-07,-7.241764396468831e-09,-7.241764396393629e-09,-2.45023377939289e-16,6.708709487652393e-09,1.99114015682983e-20,-2.9364403567282453e-12,6.705335088147421e-09,3.611963318621916e-12,7.362231378182333e-13,1.962408395349226e-12,4.926196506746366e-21,2.4502316370162735e-16
1.0439999999999998,548,101324.99999999997,2.771e-08,0.066,0.29999999999999993,0.6339999999999998,0.22000000000000003,548.0,1e-11,1e-22,IdealGasReactor,off,0.6333083254203252,0.0,0.0,0.29551134073368807,0.0078028218933353915,0.002598075036534161,1.8747363270547757e-12,0.06077943691424248,0.0,0.0032341590609351674,5.456075382559934e-11,0.4995260041234101,6.037161326901495e-09,3.8943691785414283e-08,9.718763041461674e-08,7.554049928649943e-06,0.4961563282135168,5.598472834105042e-05,6.099085011520795e-05,0.0008319263779845235,5.714377985842473e-06,3.650390782986055e-13,1.7371791162978769e-09,0.00012119425719428206,0.0,0.0,0.0,0.0,0.0,0.0,0.0,0.0,0.0,0.0,0.0,0.0,-3.4207270111812414e-07,6.84145402081021e-07,2.280484672685439e-07,1.6671026563964e-16,-4.5609693472574726e-07,0.0,-1.1140250660121667e-15,1.234922364664751e-21,-9.10240838459889e-18,-1.1484013529103741e-20,-1.1554905829087945e-17,-1.2790197503539935e-19,1.2880691062553236e-19,-1.1036835133733246e-15,-1.9214690732300085e-21,1.2780371241674278e-17,-1.4740802802156774e-20,-2.093128841277152e-21,-3.0530096157239333e-21,5.502142249405514e-23,1.1128721573391231e-15,4.493993768852093e-07,3.4207270111812414e-07,6.676378363427345e-07,-6.841424688533605e-07,-5.818426487084252e-07,2.6978107231335853e-10,1.3587500462153902e-07,1.0924514214687264e-07,1.0178019698614307e-07,1.0924514214687264e-07,2.2788706208534505e-07,2.2788706208534505e-07,-1.6671026563964e-16,4.5577412628718535e-07,-3.263703144403373e-16,5.357253318880095e-19,-2.0353530922490457e-15,4.5577412510766635e-07,1.5484319708684722e-13,1.0782174219283167e-11,1.2492103718423514e-10,-4.928898987244632e-11,-2.0095505222622422e-19,4.55455428515206e-07,1.0782174219283167e-11,1.2492103718423514e-10,-2.208091906344997e-07,3.1869547958818764e-10,-2.2772977178895661e-07,-7.239276634044203e-09,-7.23927663417301e-09,-2.4489145917519904e-16,6.700928683223954e-09,1.988961611871447e-20,-2.933227660463984e-12,6.69755784053795e-09,3.60777319464072e-12,7.357660607177763e-13,1.9602862157977354e-12,4.920935205991887e-21,2.4489151419662153e-16
1.0529999999999997,548,101325.0,2.771e-08,0.066,0.29999999999999993,0.6339999999999998,0.22000000000000003,548.0,1e-11,1e-22,IdealGasReactor,off,0.6333013927973247,0.0,0.0,0.29547526582861144,0.007868416552859126,0.002619939954403017,1.8907242598337516e-12,0.06073498486491093,0.0,0.0032334643111767273,5.4519398705378595e-11,0.49968410048585354,6.035955227423059e-09,3.925990088860058e-08,9.728765816711228e-08,7.563451490982554e-06,0.4959997846910509,5.5961959411571986e-05,6.0933138934907464e-05,0.000831204783011129,5.712802730756504e-06,3.6472676296631545e-13,1.7375539004318574e-09,0.00012113000038708698,0.0,0.0,0.0,0.0,0.0,0.0,0.0,0.0,0.0,0.0,0.0,0.0,-3.418840542506417e-07,6.837681083346639e-07,2.2792270269701645e-07,1.6665740739059205e-16,-4.5584540555613145e-07,0.0,1.593093230992396e-16,3.514251110347408e-24,4.2187157239269855e-18,-8.11683640997688e-23,-2.2234614865425384e-21,-3.99693671985623e-21,4.028369583133245e-21,1.5470850317318902e-16,4.771990009637428e-22,-3.123106137864184e-19,7.30050867828549e-21,-1.0339757656912846e-22,4.207629318591176e-23,-7.74594222629812e-24,-1.5896268075923763e-16,4.4915561936041074e-07,3.418840542506417e-07,6.672167130966417e-07,-6.837651783174974e-07,-5.815276412959042e-07,2.6947065916334594e-10,1.3586274785164895e-07,1.0915631571148509e-07,1.0171849083306904e-07,1.0915631571148509e-07,2.2776148916295905e-07,2.2776148916295905e-07,-1.6665740739059205e-16,4.555229804406612e-07,-3.2595867805111954e-16,5.351353162791836e-19,-2.033883661592661e-15,4.555229780045522e-07,1.5475787353979224e-13,1.0768442080348185e-11,1.2478776440171971e-10,-4.920189405845299e-11,-2.0071742506976226e-19,4.5520453942106474e-07,1.0768442080348185e-11,1.2478776440171971e-10,-2.206859140554712e-07,3.1843874245015805e-10,-2.2760426395456633e-07,-7.236788641545237e-09,-7.236788641549265e-09,-2.447598580484643e-16,6.6931534837403225e-09,1.9867845604251036e-20,-2.930017166505736e-12,6.689786195720698e-09,3.6035860902157807e-12,7.353089299033615e-13,1.9581654211164215e-12,4.9156772014362735e-21,2.447598503025221e-16
1.0619999999999998,548,101325.0,2.771e-08,0.066,0.29999999999999993,0.6339999999999998,0.22000000000000003,548.0,1e-11,1e-22,IdealGasReactor,off,0.633294464151543,0.0,0.0,0.2954392116195663,0.007933973580984346,0.0026417923284541497,1.9067067763834404e-12,0.060690558317545495,0.0,0.003232769072777761,5.447806200229488e-11,0.4998422105729152,6.034748612426619e-09,3.957577829526985e-08,9.738746154723562e-08,7.57284078658103e-06,0.49584322751691934,5.593918511511654e-05,6.0875463316458186e-05,0.0008304835921011424,5.711226940752788e-06,3.6441462806178895e-13,1.7379287611276239e-09,0.00012106573836814635,0.0,0.0,0.0,0.0,0.0,0.0,0.0,0.0,0.0,0.0,0.0,0.0,-3.416953954197386e-07,6.833907906569374e-07,2.277969301446822e-07,1.6660454475748047e-16,-4.5559386044162767e-07,0.0,7.105668548578371e-15,-6.03387445267735e-22,7.249914187240342e-18,5.3908285623860646e-21,1.599494665947658e-17,-2.7584157322928324e-19,2.581705138033129e-19,7.107004566036014e-15,1.654467248011717e-21,-6.99919331432382e-18,8.693860492801254e-21,-1.8580544509472384e-21,-8.582382763764911e-22,1.5348258076000655e-22,-7.114318986082745e-15,4.4891184028416665e-07,3.416953954197386e-07,6.667955984463098e-07,-6.83387863848061e-07,-5.812126114418701e-07,2.6916048459095124e-10,1.3585044679736303e-07,1.0906750446189908e-07,1.0165678276727872e-07,1.0906750446189908e-07,2.276359080963153e-07,2.276359080963153e-07,-1.6660454475748047e-16,4.552718183056262e-07,-3.255474199205556e-16,5.345457430434634e-19,-2.0324145019699444e-15,4.552718089190222e-07,1.5467254445905485e-13,1.0754721745849473e-11,1.2465458488088078e-10,-4.9114923975130903e-11,-2.0047999986662276e-19,4.54953633978431e-07,1.0754721745849473e-11,1.2465458488088078e-10,-2.205626297252965e-07,3.181820549102023e-10,-2.2747874808975432e-07,-7.234300419385695e-09,-7.234300419643866e-09,-2.4462801869371315e-16,6.685383892964311e-09,1.9846090035088818e-20,-2.926808876355195e-12,6.6820201574610365e-09,3.599402007373884e-12,7.34851745961669e-13,1.9560460124542955e-12,4.910422496242123e-21,2.446281721762939e-16
1.0709999999999997,548,101325.0,2.771e-08,0.066,0.29999999999999993,0.6339999999999998,0.22000000000000003,548.0,1e-11,1e-22,IdealGasReactor,off,0.6332875394829636,0.0,0.0,0.29540317810646705,0.007999492977866469,0.002663632158739477,1.9226838767532334e-12,0.06064615727204087,0.0,0.0032320733460059346,5.4436743727512905e-11,0.5000003342923264,6.03354148221535e-09,3.989132398258871e-08,9.748704061497983e-08,7.5822178158307605e-06,0.495686656782932,5.591640546226737e-05,6.081782326849236e-05,0.0008297628053723401,5.709650616671161e-06,3.6410267363160766e-13,1.738303698371225e-09,0.00012100147118936609,0.0,0.0,0.0,0.0,0.0,0.0,0.0,0.0,0.0,0.0,0.0,0.0,-3.4150672474384233e-07,6.830134492271828e-07,2.2767114971385405e-07,1.6655167777120822e-16,-4.553422994808211e-07,0.0,-5.604359356109837e-15,-2.2211188000596215e-21,4.6216381295858605e-17,2.2588561011031622e-20,9.433850625868451e-17,1.1011428314305904e-19,-1.1020361864921477e-19,-5.62373880158108e-15,3.562872986599657e-21,-6.689612333712487e-17,8.254170214817991e-20,-1.1203644409147914e-21,-1.1473378777840233e-21,7.557310832160849e-23,5.577112530743827e-15,4.486680397531879e-07,3.4150672474384233e-07,6.66374492681663e-07,-6.830105256243921e-07,-5.808975593427357e-07,2.688505486177971e-10,1.3583810144236782e-07,1.0897870846492464e-07,1.0159507282954925e-07,1.0897870846492464e-07,2.275103189645088e-07,2.275103189645088e-07,-1.6655167777120822e-16,4.5502064004026583e-07,-3.251365399962853e-16,5.339566122153678e-19,-2.0309456143943607e-15,4.5502064338620585e-07,1.545872098983781e-13,1.0741013215644695e-11,1.2452149863703048e-10,-4.9028079507611817e-11,-2.002427766043525e-19,4.547027123918831e-07,1.0741013215644695e-11,1.2452149863703048e-10,-2.2043933774485336e-07,3.1792541721023534e-10,-2.2735322429664373e-07,-7.231811969000696e-09,-7.231811968890493e-09,-2.444964043320886e-16,6.677619912773129e-09,1.9824349415800603e-20,-2.9236027906868767e-12,6.67425972763323e-09,3.5952209471240883e-12,7.343945092735571e-13,1.9539279904070164e-12,4.905171092156708e-21,2.4449647990519694e-16
1.0799999999999998,548,101325.00000000003,2.771e-08,0.066,0.29999999999999993,0.6339999999999998,0.22000000000000003,548.0,1e-11,1e-22,IdealGasReactor,off,0.6332806187915667,0.0,0.0,0.2953671652892129,0.00806497474368849,0.002685459445320272,1.9386555609945535e-12,0.06060178172827297,0.0,0.0032313771317409113,5.439544390251549e-11,0.5001584716453316,6.032333838227893e-09,4.020653793593191e-08,9.758639543769963e-08,7.591582578238149e-06,0.49553007248659775,5.589362047413297e-05,6.076021881107035e-05,0.0008290424230991037,5.708073759330708e-06,3.6379089974573847e-13,1.738678711814318e-09,0.00012093719890251795,0.0,0.0,0.0,0.0,0.0,0.0,0.0,0.0,0.0,0.0,0.0,0.0,-3.413180424705557e-07,6.826360847504448e-07,2.2754536150521275e-07,1.664988064309802e-16,-4.5509072319569654e-07,0.0,-1.1137453383444196e-15,-2.9935927564941495e-22,-6.035716316037398e-18,8.450040256053666e-21,2.411312218419861e-17,1.9524109434211623e-19,-1.743845623772042e-19,-1.0706311826581634e-15,-6.5506813679612836e-21,1.266223100922455e-17,-8.243414201136031e-21,1.2694120475391901e-21,2.257421652295033e-23,-3.6152485445712675e-23,1.0767129215090581e-15,4.4842421828507253e-07,3.413180424705557e-07,6.659533963430332e-07,-6.826331643515336e-07,-5.805824854133922e-07,2.6854085136639525e-10,1.3582571182139284e-07,1.0888992782832005e-07,1.015333610988702e-07,1.0888992782832005e-07,2.273847219323055e-07,2.273847219323055e-07,-1.664988064309802e-16,4.5476944597411096e-07,-3.2472603821501773e-16,5.333679239644799e-19,-2.0294769998742498e-15,4.5476944476874337e-07,1.5450186996971585e-13,1.0727316493625352e-11,1.2438850573232433e-10,-4.8941360559839345e-11,-2.0000575527003586e-19,4.5445177486244e-07,1.0727316493625352e-11,1.2438850573232433e-10,-2.2031603821476328e-07,3.17668829590422e-10,-2.2722769267564319e-07,-7.229323290449477e-09,-7.2293232902750925e-09,-2.443648098227988e-16,6.6698615475515496e-09,1.98026237584247e-20,-2.920398911276487e-12,6.666504910624025e-09,3.5910429118274558e-12,7.339372204969352e-13,1.9518113563069237e-12,4.899922992811662e-21,2.4436477367031333e-16
1.0889999999999997,548,101324.99999999997,2.771e-08,0.066,0.29999999999999993,0.6339999999999998,0.22000000000000003,548.0,1e-11,1e-22,IdealGasReactor,off,0.6332737020773304,0.0,0.0,0.2953311731676873,0.008130418878662745,0.0027072741882671553,1.9546218291606452e-12,0.06055743168609796,0.0,0.0032306804298678346,5.4354162531915375e-11,0.5003166224807187,6.031125680055893e-09,4.052142012858422e-08,9.76855260720288e-08,7.600935074792932e-06,0.4953734747791667,5.587083015471186e-05,6.070264994551871e-05,0.0008283224452994551,5.706496369587396e-06,3.6347930643553674e-13,1.7390538016530442e-09,0.00012087292155963607,0.0,0.0,0.0,0.0,0.0,0.0,0.0,0.0,0.0,0.0,0.0,0.0,-3.4112934863717445e-07,6.82258697106201e-07,2.274195656223241e-07,1.6644593078767867e-16,-4.5483913131460083e-07,0.0,7.145063587734026e-15,9.598136163852967e-22,5.769825168214456e-18,-9.057188505267015e-21,1.7558992996581646e-18,-1.16493500027068e-19,1.2358161069603489e-19,7.050149286014027e-15,-2.1199199207701017e-21,-9.070402508131079e-17,1.2785596634500036e-20,5.302227726464907e-22,5.34856320081756e-22,-9.563904989132838e-23,-7.0559642998043195e-15,4.481803756079027e-07,3.4112934863717445e-07,6.655323095629033e-07,-6.822557799089629e-07,-5.802673897130516e-07,2.682313927939352e-10,1.358132778862534e-07,1.0880116259307693e-07,1.0147164759201627e-07,1.0880116259307693e-07,2.2725911702499797e-07,2.2725911702499797e-07,-1.6644593078767867e-16,4.54518236157749e-07,-3.243159145299909e-16,5.327796782387315e-19,-2.0280086594253825e-15,4.5451822683340026e-07,1.5441652469025383e-13,1.0713631577063368e-11,1.2425560615224252e-10,-4.8854767004979314e-11,-1.9976893585083429e-19,4.5420082159707113e-07,1.0713631577063368e-11,1.2425560615224252e-10,-2.201927312362851e-07,3.1741229229342934e-10,-2.2710215333003775e-07,-7.226834386039e-09,-7.226834386162581e-09,-2.4423314913905994e-16,6.6621087975690075e-09,1.978091306276932e-20,-2.9171972380957673e-12,6.6587557066981506e-09,3.5868679016273414e-12,7.334798798388014e-13,1.9496961102795005e-12,4.894678198752002e-21,2.4423305350001005e-16
1.0979999999999999,548,101325.0,2.771e-08,0.066,0.29999999999999993,0.6339999999999998,0.22000000000000003,548.0,1e-11,1e-22,IdealGasReactor,off,0.6332667893402288,0.0,0.0,0.2952952017417583,0.00819582538302888,0.0027290763876601024,1.970582681306814e-12,0.06051310714535338,0.0,0.0032299832410976805,5.431289963424039e-11,0.5004747867737306,6.0299170088232544e-09,4.0835970544709676e-08,9.778443258429442e-08,7.610275305285396e-06,0.49521686368436724,5.584803452220292e-05,6.064511668857935e-05,0.0008276028722026367,5.7049184482672425e-06,3.63167893763799e-13,1.7394289676320168e-09,0.00012080863921251025,0.0,0.0,0.0,0.0,0.0,0.0,0.0,0.0,0.0,0.0,0.0,0.0,-3.409406434553383e-07,6.818812867454809e-07,2.2729376216622673e-07,1.6639305084932209e-16,-4.5458752449626825e-07,0.0,5.945123847459125e-16,-4.502179974315518e-23,2.6230461318969468e-18,-6.506202471154829e-24,-1.1749405769601214e-18,-4.579271871093561e-21,4.504825615963789e-21,5.907320204540349e-16,3.4482435453531197e-22,6.263803862807635e-20,4.369341267225202e-21,3.5517067551495626e-23,7.266240115447924e-23,9.764957708197629e-24,-5.933775735955994e-16,4.4793651237675335e-07,3.409406434553383e-07,6.651112328117146e-07,-6.818783727477083e-07,-5.799522725957688e-07,2.679221729937734e-10,1.3580079965768559e-07,1.0871241285545248e-07,1.0140993237732783e-07,1.0871241285545248e-07,2.2713350438350198e-07,2.2713350438350198e-07,-1.6639305084932209e-16,4.542670108730118e-07,-3.239061688795959e-16,5.321918751682576e-19,-2.026540594055818e-15,4.5426700800987874e-07,1.5433117415574057e-13,1.0699958468676203e-11,1.2412279994548158e-10,-4.876829874156059e-11,-1.9953231833322048e-19,4.5394985279769694e-07,1.0699958468676203e-11,1.2412279994548158e-10,-2.2006941691001708e-07,3.171558055593751e-10,-2.2697660636066727e-07,-7.224345256209641e-09,-7.2243452562141455e-09,-2.441013097843088e-16,6.654361666488603e-09,1.9759217338719464e-20,-2.913997772602749e-12,6.651012119514895e-09,3.582695918492273e-12,7.330224878800208e-13,1.9475822534445967e-12,4.889436713066101e-21,2.441013195492665e-16
1.1069999999999998,548,101325.00000000004,2.771e-08,0.066,0.29999999999999993,0.6339999999999998,0.22000000000000003,548.0,1e-11,1e-22,IdealGasReactor,off,0.6332598805802341,0.0,0.0,0.2952592510112778,0.00826119425705622,0.0027508660435884335,1.986538117490147e-12,0.060468808105856774,0.0,0.003229285565771217,5.4271655221728325e-11,0.500632964442672,6.028707824966998e-09,4.115018916430487e-08,9.788311503712304e-08,7.619603270071305e-06,0.49506023928334597,5.5825233588448024e-05,6.0587619050015745e-05,0.0008268837039422827,5.703339996211327e-06,3.628566617789284e-13,1.7398042096989791e-09,0.00012074435191305869,0.0,0.0,0.0,0.0,0.0,0.0,0.0,0.0,0.0,0.0,0.0,0.0,-3.4075192705831555e-07,6.815038539348362e-07,2.271679512391314e-07,1.6634016664322744e-16,-4.5433590261238533e-07,0.0,-4.8431552250794104e-17,7.955677538098994e-22,1.0628256177258944e-17,5.542033506215741e-21,1.5756612763942902e-17,3.390249371385337e-19,-3.3547054204639335e-19,-6.485174088265562e-17,1.400364300762683e-20,-2.1382301547319056e-17,8.932369863715893e-20,-1.016548104160558e-20,-6.12771026661564e-21,-2.293855938183183e-22,5.392260385610773e-17,4.4769262846119495e-07,3.4075192705831555e-07,6.646901664081642e-07,-6.815009431343207e-07,-5.796371342832608e-07,2.676131919976139e-10,1.3578827712558187e-07,1.0862367868685374e-07,1.0134821550000317e-07,1.0862367868685374e-07,2.2700788409680093e-07,2.2700788409680093e-07,-1.6634016664322744e-16,4.5401577029787083e-07,-3.234968012082893e-16,5.316045148004699e-19,-2.0250728047768915e-15,4.5401576809211974e-07,1.5424581842663785e-13,1.0686297168708702e-11,1.2399008713213386e-10,-4.8681955656644066e-11,-1.992959027036166e-19,4.5369886866856783e-07,1.0686297168708702e-11,1.2399008713213386e-10,-2.199460953368889e-07,3.168993696293059e-10,-2.2685105186950563e-07,-7.221855902242481e-09,-7.221855901907011e-09,-2.4396980130180266e-16,6.646620156423789e-09,1.9737536591593907e-20,-2.910800515582001e-12,6.643274151190381e-09,3.5785269635625644e-12,7.325650450336392e-13,1.9454697864712414e-12,4.884198537689532e-21,2.4396957191620884e-16
1.1159999999999999,548,101324.99999999997,2.771e-08,0.066,0.29999999999999993,0.6339999999999998,0.22000000000000003,548.0,1e-11,1e-22,IdealGasReactor,off,0.6332529757973149,0.0,0.0,0.2952233209760842,0.008326525501038799,0.0027726431561508435,2.0024881377701177e-12,0.06042453456740886,0.0,0.003228587404425967,5.423042930992572e-11,0.5007911554353388,6.027498129284922e-09,4.146407597036195e-08,9.798157349593896e-08,7.628918969244512e-06,0.4949036016275049,5.580242736863374e-05,6.053015704318856e-05,0.0008261649407019729,5.701761014257104e-06,3.625456105368636e-13,1.7401795276940137e-09,0.00012068005971327003,0.0,0.0,0.0,0.0,0.0,0.0,0.0,0.0,0.0,0.0,0.0,0.0,-3.405631996207634e-07,6.811263990764532e-07,2.2704213294292537e-07,1.6628727818671526e-16,-4.5408426604999645e-07,0.0,-9.810520883556518e-18,4.299246297835198e-23,1.952431467117071e-18,5.116419787779267e-22,-1.1973869500623603e-18,-8.84090638696676e-21,8.780522202250389e-21,-1.3174439441683068e-17,2.6369057841318267e-22,-1.7545282372915416e-19,3.3745006764717657e-21,-9.04728794979874e-23,3.9890292515063585e-23,7.600444918154383e-24,1.1205040017937656e-17,4.4744872424536033e-07,3.405631996207634e-07,6.642691107501618e-07,-6.81123491470985e-07,-5.793219750665217e-07,2.6730444986886e-10,1.3577571029604224e-07,1.0853496017163178e-07,1.0128649701735216e-07,1.0853496017163178e-07,2.2688225628115333e-07,2.2688225628115333e-07,-1.6628727818671526e-16,4.5376451466482507e-07,-3.2308781145688636e-16,5.3101759722547245e-19,-2.0236052925986023e-15,4.537645124091938e-07,1.541604575819402e-13,1.0672647678677205e-11,1.2385746774711771e-10,-4.8595737643279066e-11,-1.9905968894834954e-19,4.5344786941324474e-07,1.0672647678677205e-11,1.2385746774711771e-10,-2.1982276661794131e-07,3.166429847440158e-10,-2.2672548995818129e-07,-7.219366324984061e-09,-7.219366324992841e-09,-2.438378031283739e-16,6.638884270291377e-09,1.971587082907582e-20,-2.907605468166835e-12,6.635541804636146e-09,3.5743610384049686e-12,7.321075518010189e-13,1.9433587102625786e-12,4.878963675156215e-21,2.438378107288188e-16
1.1249999999999998,548,101324.99999999999,2.771e-08,0.066,0.29999999999999993,0.6339999999999998,0.22000000000000003,548.0,1e-11,1e-22,IdealGasReactor,off,0.6332460749914366,0.0,0.0,0.29518741163599843,0.008391819115301976,0.002794407725455355,2.018432742207772e-12,0.060380286529789114,0.0,0.0032278887574185514,5.418922191122071e-11,0.5009493596725985,6.0262879222438334e-09,4.177763094401866e-08,9.807980802437327e-08,7.638222403170504e-06,0.494746950795408,5.577961587488251e-05,6.047273067801209e-05,0.0008254465826174467,5.700181503244297e-06,3.622347400857929e-13,1.7405549215569607e-09,0.00012061576266496052,0.0,0.0,0.0,0.0,0.0,0.0,0.0,0.0,0.0,0.0,0.0,0.0,-3.403744612789908e-07,6.807489224257568e-07,2.2691630737957907e-07,1.6623438550623375e-16,-4.538326149299733e-07,0.0,-3.7477299983916844e-16,7.83463187768942e-22,-2.389916217601868e-18,-1.2478413380564043e-20,-3.402944277682311e-17,-1.1194069793557613e-19,1.1233278154592626e-19,-4.043116757617187e-16,-4.609480725168261e-21,2.1625489717138482e-18,9.792974308350389e-22,-9.263388884828219e-22,-1.8583546468864282e-21,7.89313728636941e-23,4.067356423649253e-16,4.4720479984796963e-07,3.403744612789908e-07,6.638480661626003e-07,-6.807460180131256e-07,-5.7900679517276e-07,2.669959466407611e-10,1.3576309916047546e-07,1.0844625738212974e-07,1.0122477697552277e-07,1.0844625738212974e-07,2.2675662102764475e-07,2.2675662102764475e-07,-1.6623438550623375e-16,4.535132441560661e-07,-3.2267919956816383e-16,5.304311224921535e-19,-2.0221380585298217e-15,4.5351324229336853e-07,1.540750916835379e-13,1.0659009998877518e-11,1.2372494181127206e-10,-4.850964458879136e-11,-1.9882367705298991e-19,4.5319685523548917e-07,1.0659009998877518e-11,1.2372494181127206e-10,-2.1969943085390128e-07,3.1638665114372226e-10,-2.2659992072843574e-07,-7.216876525677789e-09,-7.216876525790121e-09,-2.4370595715617784e-16,6.6311540102411886e-09,1.969422005659381e-20,-2.9044126311580103e-12,6.627815082003637e-09,3.5701981441777996e-12,7.31650008602e-13,1.941249025498042e-12,4.873732127428866e-21,2.437060360875507e-16
1.134,548,101325.00000000004,2.771e-08,0.066,0.29999999999999993,0.6339999999999998,0.22000000000000003,548.0,1e-11,1e-22,IdealGasReactor,off,0.6332391781625624,0.0,0.0,0.295151522990827,0.008457075100197782,0.002816159751619358,2.034371930866306e-12,0.06033606399275902,0.0,0.0032271896251661924,5.414803303902473e-11,0.5011075770837853,6.025077204418587e-09,4.209085406762229e-08,9.817781868731019e-08,7.647513572153608e-06,0.4945902868570763,5.575679912032468e-05,6.0415339965469645e-05,0.0008247286298397471,5.698601464015083e-06,3.61924050476352e-13,1.740930391194827e-09,0.00012055146082009841,0.0,0.0,0.0,0.0,0.0,0.0,0.0,0.0,0.0,0.0,0.0,0.0,-3.4018571218195293e-07,6.803714242036407e-07,2.2679047465121625e-07,1.6618148862536042e-16,-4.53580949453653e-07,0.0,3.137620289398027e-16,1.4693249959605519e-21,3.4152413733498738e-18,-6.88737053993298e-21,-5.883914368101997e-18,-2.7062702664774896e-19,2.693688849360558e-19,2.9261239545099986e-16,-1.4832758992592066e-21,-1.1518248883226338e-17,3.498076936343213e-21,-1.5851882463813084e-21,4.8014181569169574e-21,-1.807194910086064e-22,-2.9605768014706807e-16,4.4696085546797396e-07,3.4018571218195293e-07,6.6342703299392e-07,-6.803685229816352e-07,-5.786915948498649e-07,2.666876823558736e-10,1.357504437151097e-07,1.0835757039453844e-07,1.0116305542428139e-07,1.0835757039453844e-07,2.2663097843558742e-07,2.2663097843558742e-07,-1.6618148862536042e-16,4.5326195897020173e-07,-3.222709654838184e-16,5.298450906621783e-19,-2.020671103580024e-15,4.532619564123763e-07,1.5398972079891088e-13,1.064538412998166e-11,1.2359250934986651e-10,-4.8423676382348814e-11,-1.9858786700319882e-19,4.5294582633936506e-07,1.064538412998166e-11,1.2359250934986651e-10,-2.195760881457739e-07,3.1613036906893845e-10,-2.2647434428214604e-07,-7.214386505442333e-09,-7.214386505711702e-09,-2.43574428821337e-16,6.623429378662546e-09,1.9672584280282282e-20,-2.90122200546035e-12,6.6200939856790536e-09,3.566038282165521e-12,7.311924158831725e-13,1.9391407329276034e-12,4.868503896650019e-21,2.43574248101846e-16
1.1429999999999998,548,101324.99999999999,2.771e-08,0.066,0.29999999999999993,0.6339999999999998,0.22000000000000003,548.0,1e-11,1e-22,IdealGasReactor,off,0.633232285310652,0.0,0.0,0.29511565504036086,0.008522293456106082,0.0028378992347695906,2.0503057038109208e-12,0.06029186695606114,0.0,0.00322649000819276,5.410686270849649e-11,0.5012658076146294,6.023865976582397e-09,4.2403745325485514e-08,9.827560555131313e-08,7.656792476360526e-06,0.4944336098659976,5.573397711992833e-05,6.035798491847106e-05,0.0008240110825462505,5.69702089740739e-06,3.616135417628953e-13,1.7413059364561307e-09,0.00012048715423057482,0.0,0.0,0.0,0.0,0.0,0.0,0.0,0.0,0.0,0.0,0.0,0.0,-3.399969525009288e-07,6.799939048575427e-07,2.266646348595459e-07,1.6612858756211494e-16,-4.5332926989229256e-07,0.0,1.453322852646218e-14,2.1708762537560945e-22,-5.220839477527227e-18,-1.697472403319681e-20,-2.1830474270466676e-17,-1.3237536778808612e-19,1.3489992301759797e-19,1.451834292826581e-14,1.7404397075998548e-22,1.8225145143559658e-18,-6.790906452022439e-21,-3.067030614981773e-21,9.11448041433484e-21,2.4786007640309644e-22,-1.4513097915691737e-14,4.4671689137382176e-07,3.399969525009288e-07,6.630060116359772e-07,-6.799910068239505e-07,-5.783763743836779e-07,2.6637965707380815e-10,1.357377439651584e-07,1.0826889929211096e-07,1.0110133242002721e-07,1.0826889929211096e-07,2.2650532861912238e-07,2.2650532861912238e-07,-1.6612858756211494e-16,4.5301065933552496e-07,-3.2186310914307356e-16,5.292595018197877e-19,-2.0192044287567017e-15,4.530106425537639e-07,1.5390434500561492e-13,1.0631770073337097e-11,1.234601703960914e-10,-4.833783291626703e-11,-1.9835225878418405e-19,4.526947829281023e-07,1.0631770073337097e-11,1.234601703960914e-10,-2.1945273859439126e-07,3.1587413875949606e-10,-2.2634876072078892e-07,-7.21189626515462e-09,-7.21189626528952e-09,-2.4344219903733673e-16,6.615710378367518e-09,1.9650963507535562e-20,-2.8980335921645946e-12,6.612378518470796e-09,3.56188145387979e-12,7.307347741391332e-13,1.9370338334251226e-12,4.863278985279545e-21,2.4344244689741314e-16
1.152,548,101324.99999999999,2.771e-08,0.066,0.29999999999999993,0.6339999999999998,0.22000000000000003,548.0,1e-11,1e-22,IdealGasReactor,off,0.6332253964356622,0.0,0.0,0.2950798077843755,0.008587474183435289,0.0028596261750421423,2.0662340611087336e-12,0.060247695419418684,0.0,0.0032257899068322523,5.4065710931552336e-11,0.5014240511814726,6.02265423915486e-09,4.271630469982448e-08,9.837316868117567e-08,7.666059116253973e-06,0.4942769199052934,5.5711149885394334e-05,6.030066554631352e-05,0.0008232939408650513,5.695439804267854e-06,3.6130321399229085e-13,1.741681557294523e-09,0.00012042284294837468,0.0,0.0,0.0,0.0,0.0,0.0,0.0,0.0,0.0,0.0,0.0,0.0,-3.3980818236701296e-07,6.796163645797603e-07,2.2653878810692707e-07,1.660756823444778e-16,-4.5307757638061253e-07,0.0,4.927964183856288e-16,-2.103882105233781e-21,1.305272062870507e-18,-3.7255284127192684e-20,-1.1784557636912267e-17,-2.3245760446210205e-19,2.3170569728529135e-19,4.814307499739971e-16,-7.507810116041831e-22,1.971877030820606e-18,7.098340566698702e-21,1.1213467178921981e-22,3.828967120357232e-21,4.317068638345391e-22,-4.827292080551557e-16,4.464729076982194e-07,3.3980818236701296e-07,6.625850024026117e-07,-6.796134697323683e-07,-5.780611339920131e-07,2.660718708223525e-10,1.3572499989998855e-07,1.0818024414532232e-07,1.0103960800726325e-07,1.0818024414532232e-07,2.2637967166573612e-07,2.2637967166573612e-07,-1.660756823444778e-16,4.5275934542701604e-07,-3.2145563048799616e-16,5.28674356006501e-19,-2.0177380350689724e-15,4.5275934268396156e-07,1.5381896436309478e-13,1.0618167829016349e-11,1.233279249684064e-10,-4.825211407698684e-11,-1.9811685238102783e-19,4.5244372520623506e-07,1.0618167829016349e-11,1.233279249684064e-10,-2.1932938230080223e-07,3.156179604557122e-10,-2.262231701464706e-07,-7.209405806124849e-09,-7.209405806356554e-09,-2.4331020086390797e-16,6.6079970113709055e-09,1.9629357743394778e-20,-2.8948473920143306e-12,6.604668682393138e-09,3.5577276604049525e-12,7.302770837783648e-13,1.934928327632432e-12,4.858057395183926e-21,2.433106325707718e-16
1.1609999999999998,548,101325.00000000004,2.771e-08,0.066,0.29999999999999993,0.6339999999999998,0.22000000000000003,548.0,1e-11,1e-22,IdealGasReactor,off,0.6332185115375466,0.0,0.0,0.2950439812226311,0.008652617282621167,0.002881340572582457,2.082157002828925e-12,0.06020354938253631,0.0,0.003225089321630384,5.402457772367033e-11,0.5015823077326591,6.021441992947567e-09,4.302853217634587e-08,9.847050814470554e-08,7.675313492013714e-06,0.4941202170258099,5.568831743206539e-05,6.024338186222581e-05,0.0008225772049781183,5.693858185438279e-06,3.6099306721952893e-13,1.7420572535473052e-09,0.00012035852702550515,0.0,0.0,0.0,0.0,0.0,0.0,0.0,0.0,0.0,0.0,0.0,0.0,-3.396194019557606e-07,6.792388041138812e-07,2.264129344952106e-07,1.6602277298957997e-16,-4.528258685436351e-07,0.0,7.685847862494906e-14,5.007473672902896e-21,-6.591219511801844e-18,-1.2216668582102637e-19,-3.6863540902953114e-16,7.191839117781044e-20,-3.4597656300642936e-20,7.587729287578695e-14,-8.312672240523377e-20,-6.197918167239469e-16,3.5566417679984294e-20,-1.1561038132559107e-20,3.653835974269911e-20,-1.3760558406716674e-21,-7.587036078249675e-14,4.4622890406332237e-07,3.396194019557606e-07,6.621640056937281e-07,-6.79235912450475e-07,-5.777458739677801e-07,2.657643236637516e-10,1.3571221152657184e-07,1.0809160503871632e-07,1.0097788224364564e-07,1.0809160503871632e-07,2.262540076923621e-07,2.262540076923621e-07,-1.6602277298957997e-16,4.5250801747849423e-07,-3.210485294569691e-16,5.2808965330998e-19,-2.0162719235250435e-15,4.5250793934137334e-07,1.5373357895080364e-13,1.0604577398466522e-11,1.2319577310128303e-10,-4.816651975737962e-11,-1.9788164777867602e-19,4.521926533773367e-07,1.0604577398466522e-11,1.2319577310128303e-10,-2.1920601936601924e-07,3.1536183439744937e-10,-2.2609757266085047e-07,-7.2069151291913484e-09,-7.206915129156751e-09,-2.4318018130650444e-16,6.600289280530677e-09,1.96077669954501e-20,-2.8916634061293362e-12,6.59696448031273e-09,3.553576903286728e-12,7.298193453047914e-13,1.932824216443011e-12,4.852839128872801e-21,2.4317880525066376e-16
1.1699999999999997,548,101325.00000000003,2.771e-08,0.066,0.29999999999999993,0.6339999999999998,0.22000000000000003,548.0,1e-11,1e-22,IdealGasReactor,off,0.6332116306162566,0.0,0.0,0.2950081753548725,0.008717722754128118,0.0029030424275453296,2.098074529042589e-12,0.06015942884509939,0.0,0.003224388253108868,5.398346309974334e-11,0.5017405772142872,6.020229238729595e-09,4.334042774020572e-08,9.856762400966757e-08,7.68455560385612e-06,0.4939635012806742,5.56654797748595e-05,6.01861338787822e-05,0.0008218608750588393,5.6922760417515295e-06,3.6068310149729996e-13,1.7424330250647282e-09,0.00012029420651357089,0.0,0.0,0.0,0.0,0.0,0.0,0.0,0.0,0.0,0.0,0.0,0.0,-3.394306114374855e-07,6.788612225540012e-07,2.2628707412563505e-07,1.6596985951531936e-16,-4.525741479892739e-07,0.0,1.2055430076467232e-14,-2.893686509601426e-21,-5.462418898784967e-17,-3.2634965433945536e-20,1.5451183271074842e-16,9.881168725313447e-19,-9.845533784524663e-19,1.178341502917109e-14,-3.189062171604827e-20,-4.830192004672335e-16,-7.830962883788912e-20,1.0945770853184508e-20,3.111638431744191e-20,-2.8501093602602494e-22,-1.1728300487830796e-14,4.4598488207429204e-07,3.394306114374855e-07,6.617430218995908e-07,-6.788583340723656e-07,-5.774305945957128e-07,2.65457015655225e-10,1.3569937885030593e-07,1.0800298205509731e-07,1.0091615518530854e-07,1.0800298205509731e-07,2.2612833681272359e-07,2.2612833681272359e-07,-1.6596985951531936e-16,4.522566757174823e-07,-3.2064180598644984e-16,5.27505393810323e-19,-2.014806095126047e-15,4.522566616760315e-07,1.5364818884601334e-13,1.0590998782926418e-11,1.2306371482692894e-10,-4.80810498492917e-11,-1.9764664496078271e-19,4.519415676435092e-07,1.0590998782926418e-11,1.2306371482692894e-10,-2.1908264989040813e-07,3.151057608227778e-10,-2.2597196836481584e-07,-7.204424235226928e-09,-7.204424234242375e-09,-2.430472500733447e-16,6.592587188625339e-09,1.9586191270921524e-20,-2.8884816355739244e-12,6.589265914981867e-09,3.549429184001007e-12,7.293615592110307e-13,1.9307215007134503e-12,4.8476241887630036e-21,2.430469650624087e-16
1.1789999999999996,548,101324.99999999999,2.771e-08,0.066,0.29999999999999993,0.6339999999999998,0.22000000000000003,548.0,1e-11,1e-22,IdealGasReactor,off,0.63320475367174,0.0,0.0,0.2949723901808279,0.008782790598450258,0.002924731740094888,2.1139866398225867e-12,0.06011533380677304,0.0,0.003223686701204771,5.394236706492231e-11,0.5018988594805617,6.019015976180215e-09,4.3651991370392036e-08,9.86645163374645e-08,7.693785452878791e-06,0.49380677281565794,5.564263691864583e-05,6.012892159770783e-05,0.0008211449511319022,5.690693374078079e-06,3.6037331685685197e-13,1.7428088720216565e-09,0.00012022988146493037,0.0,0.0,0.0,0.0,0.0,0.0,0.0,0.0,0.0,0.0,0.0,0.0,-3.392418108592694e-07,6.784836215569712e-07,2.2616120710215436e-07,1.6591694197073463e-16,-4.523224143619332e-07,0.0,-3.2198736902160344e-16,4.390781834496802e-22,1.778495457524313e-18,-3.1536223398696563e-22,-4.3328911625609666e-18,2.1652279714188052e-20,-2.496017498378761e-20,-3.346039016098991e-16,1.2990872529887258e-21,-6.4937872060754965e-18,1.3817733054239384e-21,-1.8353069841020302e-23,5.770379500615572e-23,3.881241575252823e-23,3.3280899454050446e-16,4.457408413751848e-07,3.392418108592694e-07,6.613220511705467e-07,-6.784807362548908e-07,-5.771152959511146e-07,2.6514994675788016e-10,1.3568650182730855e-07,1.079143752382023e-07,1.008544268518731e-07,1.079143752382023e-07,2.260026590583999e-07,2.260026590583999e-07,-1.6591694197073463e-16,4.520053202071263e-07,-3.2023546002444846e-16,5.269215774595296e-19,-2.0133405508862316e-15,4.520053182854866e-07,1.5356279407018128e-13,1.0577431979792638e-11,1.2293175013292567e-10,-4.799570422689724e-11,-1.974118439121475e-19,4.5169046821270405e-07,1.0577431979792638e-11,1.2293175013292567e-10,-2.1895927397569805e-07,3.1484973997358035e-10,-2.2584635736217747e-07,-7.20193312645631e-09,-7.2019331264313495e-09,-2.4291507322890364e-16,6.584890735977002e-09,1.9564630569920188e-20,-2.8853020803654535e-12,6.581572986748357e-09,3.545284502736245e-12,7.289037257255665e-13,1.928620180599013e-12,4.84241257547677e-21,2.429151120413194e-16
1.1879999999999995,548,101325.0,2.771e-08,0.066,0.29999999999999993,0.6339999999999998,0.22000000000000003,548.0,1e-11,1e-22,IdealGasReactor,off,0.6331978807039419,0.0,0.0,0.2949366257002117,0.008847820816106853,0.002946408510404636,2.1298933352441232e-12,0.06007126426720536,0.0,0.003222984666962908,5.390128964295983e-11,0.5020571545562806,6.017802207036018e-09,4.3963223060278785e-08,9.876118520329801e-08,7.703003038600957e-06,0.49365003160451343,5.56197888873388e-05,6.007174504135339e-05,0.0008204294335045963,5.6891101832402334e-06,3.600637133714395e-13,1.743184793979988e-09,0.00012016555193132601,0.0,0.0,0.0,0.0,0.0,0.0,0.0,0.0,0.0,0.0,0.0,0.0,-3.3905300050124746e-07,6.781060008528537e-07,2.2603533352494424e-07,1.6586402034704206e-16,-4.5207066724233246e-07,0.0,7.244981837505964e-15,1.081836487412838e-21,-8.542677280801437e-18,-5.6182747754784016e-21,-1.6297760938119993e-17,6.11451908799198e-20,-5.995239643661834e-20,7.255402461993922e-15,-4.3418869892137895e-21,1.7970706203866078e-17,-1.0614439781417271e-20,-1.2767532754755982e-21,-2.6386073588793254e-21,6.545761109966788e-23,-7.246776815661193e-15,4.4549678154186083e-07,3.3905300050124746e-07,6.609010941092439e-07,-6.781031187281112e-07,-5.767999785040325e-07,2.648431171142699e-10,1.356735805063326e-07,1.0782578470558604e-07,1.0079269733193853e-07,1.0782578470558604e-07,2.258769746157798e-07,2.258769746157798e-07,-1.6586402034704206e-16,4.5175395132014975e-07,-3.1982949149915743e-16,5.263382044523467e-19,-2.0118752918065068e-15,4.517539418102956e-07,1.534773947499535e-13,1.056387699371114e-11,1.2279987909112448e-10,-4.7910482797984717e-11,-1.9717724461655345e-19,4.514393552849852e-07,1.056387699371114e-11,1.2279987909112448e-10,-2.1883589172235223e-07,3.1459377208721433e-10,-2.257207397528582e-07,-7.1994418025920075e-09,-7.199441802532055e-09,-2.427831809345933e-16,6.5771999274618495e-09,1.9543084905984354e-20,-2.882124742500306e-12,6.573885700471623e-09,3.5411428621120766e-12,7.284458455767143e-13,1.9265202575799337e-12,4.837204293024431e-21,2.427832463922044e-16
1.1969999999999996,548,101325.0,2.771e-08,0.066,0.29999999999999993,0.6339999999999998,0.22000000000000003,548.0,1e-11,1e-22,IdealGasReactor,off,0.6331910117128039,0.0,0.0,0.29490088191272185,0.008912813407646722,0.0029680727386574117,2.1457946153841935e-12,0.0600272202260244,0.0,0.0032222821504885174,5.386023084168805e-11,0.5022154623220305,6.01658793128875e-09,4.4274122791399257e-08,9.885763067138055e-08,7.71220836190849e-06,0.4934932777664164,5.559693568869476e-05,6.001460421439841e-05,0.0008197143222424457,5.687526470097284e-06,3.597542910776929e-13,1.7435607910221013e-09,0.00012010121796482847,0.0,0.0,0.0,0.0,0.0,0.0,0.0,0.0,0.0,0.0,0.0,0.0,-3.3886418044560426e-07,6.777283607231216e-07,2.2590945349712352e-07,1.658110946843396e-16,-4.518189071381253e-07,0.0,-2.3493612672656584e-14,-9.381146395613936e-22,9.661948365673857e-18,-1.804731163445508e-20,2.3220349457792576e-18,1.1071514714001756e-18,-1.1737246214596684e-18,-2.35120885688924e-14,-1.3690758911702772e-20,-1.216269863336168e-17,3.272179929117055e-20,3.502277543670691e-20,-9.476548192005489e-21,5.162872224074742e-22,2.3502406605059227e-14,4.452527030809677e-07,3.3886418044560426e-07,6.604801509344452e-07,-6.777254817734994e-07,-5.764846423896235e-07,2.6453652671187946e-10,1.356606148578092e-07,1.0773721051203344e-07,1.0073096665553791e-07,1.0773721051203344e-07,2.2575128353992926e-07,2.2575128353992926e-07,-1.658110946843396e-16,4.515025691667172e-07,-3.1942390035379777e-16,5.25755274775451e-19,-2.010410318895037e-15,4.5150259042614493e-07,1.5339199092274595e-13,1.055033382312468e-11,1.2266810170143113e-10,-4.782538544160633e-11,-1.9694284705766028e-19,4.5118822906633463e-07,1.055033382312468e-11,1.2266810170143113e-10,-2.1871250323165025e-07,3.14337857403698e-10,-2.2559511563965326e-07,-7.196950265473268e-09,-7.196950264299544e-09,-2.426508518889195e-16,6.5695147640866065e-09,1.9521554281177713e-20,-2.878949622283045e-12,6.566204057157533e-09,3.5370042626679504e-12,7.279879190683413e-13,1.9244217320040575e-12,4.831999342521432e-21,2.426513681761419e-16
1.2059999999999995,548,101324.99999999997,2.771e-08,0.066,0.29999999999999993,0.6339999999999998,0.22000000000000003,548.0,1e-11,1e-22,IdealGasReactor,off,0.6331841466982654,0.0,0.0,0.2948651588180417,0.008977768373646076,0.0029897244250454117,2.1616904803218597e-12,0.059983201682839715,0.0,0.003221579152419495,5.381919067787005e-11,0.502373782740163,6.015373149918642e-09,4.4584690553013483e-08,9.895385281281151e-08,7.721401422936081e-06,0.49333651133809225,5.557407733961882e-05,5.995749913140374e-05,0.0008189996175464581,5.685942235488599e-06,3.59445050032395e-13,1.7439368629356865e-09,0.00012003687961727957,0.0,0.0,0.0,0.0,0.0,0.0,0.0,0.0,0.0,0.0,0.0,0.0,-3.386753508864587e-07,6.773507015913876e-07,2.2578356711987284e-07,1.657581649950112e-16,-4.5156713441427454e-07,0.0,1.2998581902245478e-15,6.029317228833217e-22,7.537367744797739e-19,-8.608137988200918e-21,1.5769635895506937e-17,1.214962883717887e-20,-8.70690312773317e-21,1.324415667216365e-15,4.303616658263553e-21,9.504203729682975e-18,9.496328276760693e-22,-2.7179603964843952e-21,-5.420490766551039e-21,-1.7027336029039754e-22,-1.3251531879128658e-15,4.450086063543038e-07,3.386753508864587e-07,6.600592220818479e-07,-6.773478258146666e-07,-5.761692879324444e-07,2.6423017562506516e-10,1.356476048966542e-07,1.076486527477292e-07,1.0066923488581384e-07,1.076486527477292e-07,2.2562558596018981e-07,2.2562558596018981e-07,-1.657581649950112e-16,4.512511740054966e-07,-3.1901868652198035e-16,5.251727885317482e-19,-2.0089456331538442e-15,4.5125117043021135e-07,1.5330658267644267e-13,1.0536802469944308e-11,1.22536418004121e-10,-4.77404120529159e-11,-1.967086512185939e-19,4.5093708975920343e-07,1.0536802469944308e-11,1.22536418004121e-10,-2.1858910860414587e-07,3.1408199616110594e-10,-2.2546948512371518e-07,-7.194458515726965e-09,-7.194458515718258e-09,-2.425196478088788e-16,6.561835249011712e-09,1.950003870399291e-20,-2.875776720966365e-12,6.5585280599707725e-09,3.532868706107103e-12,7.275299467443123e-13,1.9223246048538753e-12,4.8267977267060974e-21,2.425194775355185e-16
1.2149999999999996,548,101325.0,2.771e-08,0.066,0.29999999999999993,0.6339999999999998,0.22000000000000003,548.0,1e-11,1e-22,IdealGasReactor,off,0.6331772856602624,0.0,0.0,0.29482945641583846,0.009042685714709984,0.0030113635697701746,2.1775809301380617e-12,0.059939208637241254,0.0,0.003220875673013822,5.377816916186014e-11,0.502532115714108,6.0141578631990886e-09,4.489492632958533e-08,9.904985169460355e-08,7.730582222394558e-06,0.4931797324156783,5.555121385049265e-05,5.990042979980576e-05,0.0008182853195200897,5.684357480270507e-06,3.591359902777468e-13,1.7443130097194893e-09,0.00011997253694077251,0.0,0.0,0.0,0.0,0.0,0.0,0.0,0.0,0.0,0.0,0.0,0.0,-3.3848651193785945e-07,6.769730236688545e-07,2.2565767449607515e-07,1.6570523131140987e-16,-4.513153491169419e-07,0.0,6.644121926819671e-15,-7.801204315237335e-22,1.7606753385470923e-17,1.9594500584636096e-21,4.131329084849965e-17,-2.4172202732269596e-19,2.414680828746422e-19,6.6441269875106586e-15,2.5313416042419523e-21,-2.3180461732674238e-17,2.7090460309660375e-20,6.154223757394526e-22,-1.904516998662986e-21,2.418073668681358e-23,-6.661887920627171e-15,4.447644914064297e-07,3.3848651193785945e-07,6.596383078317903e-07,-6.769701510628154e-07,-5.758539153214764e-07,2.639240638654708e-10,1.3563455060601744e-07,1.0756011147749281e-07,1.0060750206222202e-07,1.0756011147749281e-07,2.254998819527231e-07,2.254998819527231e-07,-1.6570523131140987e-16,4.5099976598882266e-07,-3.186138499436967e-16,5.245907457401225e-19,-2.0074812355900256e-15,4.509997570956159e-07,1.5322117006279356e-13,1.0523282933572303e-11,1.224048280103647e-10,-4.765556251550317e-11,-1.9647465708259596e-19,4.5068593756890497e-07,1.0523282933572303e-11,1.224048280103647e-10,-2.184657079412157e-07,3.1382618859885885e-10,-2.2534384830747602e-07,-7.191966554859441e-09,-7.191966555100909e-09,-2.423875503737765e-16,6.554161383845681e-09,1.9478538178284924e-20,-2.8726060391189455e-12,6.5508577105121805e-09,3.528736193291472e-12,7.270719289769728e-13,1.9202288766538418e-12,4.821599447145351e-21,2.423875745545132e-16
1.2239999999999995,548,101325.0,2.771e-08,0.066,0.29999999999999993,0.6339999999999998,0.22000000000000003,548.0,1e-11,1e-22,IdealGasReactor,off,0.6331704285987283,0.0,0.0,0.29479377470576407,0.009107565431471457,0.0030329901730425874,2.1934659649157358e-12,0.059895241088800046,0.0,0.003220171712950182,5.3737166311022255e-11,0.5026904612121617,6.012942072184256e-09,4.520483011197305e-08,9.9145627389338e-08,7.739750760404341e-06,0.4930229410299038,5.552834523891054e-05,5.984339623478497e-05,0.0008175714283730689,5.682772205281988e-06,3.5882711187155276e-13,1.7446892311389646e-09,0.00011990818998713597,0.0,0.0,0.0,0.0,0.0,0.0,0.0,0.0,0.0,0.0,0.0,0.0,-3.3829766380214713e-07,6.765953274398371e-07,2.2553177572688579e-07,1.6565229364390355e-16,-4.5106355162596903e-07,0.0,-4.054304309227518e-16,8.178053615828123e-23,-6.257302517056918e-18,-2.271714226302746e-22,-1.2472560148319572e-18,3.99693671985623e-21,-3.943997160652836e-21,-4.000763786765492e-16,-6.18914063432578e-22,2.4626907792399117e-19,-1.025524831342284e-20,-4.776968037493735e-23,6.63054164312841e-23,7.91943522189202e-24,4.0638593749210293e-16,4.445203586138889e-07,3.3829766380214713e-07,6.592174086356343e-07,-6.76592458002259e-07,-5.755385248951119e-07,2.636181915129329e-10,1.356214520042402e-07,1.0747158679400392e-07,1.0054576825031728e-07,1.0747158679400392e-07,2.253741716522759e-07,2.253741716522759e-07,-1.6565229364390355e-16,4.5074834538619e-07,-3.1820939055087095e-16,5.240091465105364e-19,-2.0060171272040465e-15,4.5074834353897586e-07,1.5313575317335534e-13,1.0509775216130392e-11,1.2227333176304294e-10,-4.757083672555984e-11,-1.9624086463220497e-19,4.5043477269763544e-07,1.0509775216130392e-11,1.2227333176304294e-10,-2.1834230134347212e-07,3.1357043495448574e-10,-2.2521820529193136e-07,-7.18947438341367e-09,-7.189474383409726e-09,-2.4225565146202127e-16,6.546493171883763e-09,1.9457052712956785e-20,-2.8694375780540297e-12,6.543193012080129e-09,3.524606725996262e-12,7.266138663278337e-13,1.9181345484267617e-12,4.8164045066809804e-21,2.422556593814565e-16
1.2329999999999997,548,101325.00000000003,2.771e-08,0.066,0.29999999999999993,0.6339999999999998,0.22000000000000003,548.0,1e-11,1e-22,IdealGasReactor,off,0.6331635755135929,0.0,0.0,0.2947581136874555,0.009172407524590106,0.0030546042350828953,2.20934558473998e-12,0.05985129903706905,0.0,0.0032194672723313647,5.3696182133018196e-11,0.5028488191135413,6.011725776858318e-09,4.551440188326325e-08,9.924117996289448e-08,7.748907037929546e-06,0.49286613730132045,5.5505471512589286e-05,5.978639844077059e-05,0.000816857944167944,5.681186411388744e-06,3.5851841484961215e-13,1.7450655272803598e-09,0.00011984383880856717,0.0,0.0,0.0,0.0,0.0,0.0,0.0,0.0,0.0,0.0,0.0,0.0,-3.3810880656047377e-07,6.762176128431051e-07,2.2540587091560413e-07,1.6559935203305216e-16,-4.508117419332986e-07,0.0,4.676887850573277e-15,-1.5213317838525982e-21,2.620999422538872e-17,1.1523564970050071e-20,1.1247168171438617e-16,-1.2091395322055137e-19,1.1455127994879348e-19,4.725513340281768e-15,1.3490716004016424e-20,-3.710890306813144e-17,3.948904183454608e-20,9.600930273538139e-21,-7.342188860745064e-21,-1.197352396710678e-22,-4.7519558148065405e-15,4.4427620796768253e-07,3.3810880656047377e-07,6.587965247099926e-07,-6.76214746571767e-07,-5.752231167867833e-07,2.633125585527565e-10,1.3560830906157412e-07,1.0738307875161596e-07,1.0048403347983746e-07,1.0738307875161596e-07,2.2524845511324493e-07,2.2524845511324493e-07,-1.6559935203305216e-16,4.5049691230639986e-07,-3.178053082852138e-16,5.23427990826314e-19,-2.0045533090039724e-15,4.5049690533538467e-07,1.5305033204508917e-13,1.0496279315962182e-11,1.2214192926115803e-10,-4.748623456186428e-11,-1.9600727385024138e-19,4.501835953518728e-07,1.0496279315962182e-11,1.2214192926115803e-10,-2.182188889123567e-07,3.133147354677068e-10,-2.2509255618013007e-07,-7.186982003247439e-09,-7.1869820033619906e-09,-2.421238518119395e-16,6.538830614072968e-09,1.943558230991352e-20,-2.8662713380526027e-12,6.53553396561606e-09,3.520480304728341e-12,7.261557590988912e-13,1.9160416205047598e-12,4.811212906388181e-21,2.4212373207669985e-16
1.2419999999999995,548,101325.00000000003,2.771e-08,0.066,0.29999999999999993,0.6339999999999998,0.22000000000000003,548.0,1e-11,1e-22,IdealGasReactor,off,0.6331567264047838,0.0,0.0,0.2947224733605338,0.009237211994755426,0.003076205756120679,2.225219789697646e-12,0.05980738248158106,0.0,0.003218762352026061,5.365521664831321e-11,0.503007189415591,6.0105089786268795e-09,4.5823641638147815e-08,9.933650949118583e-08,7.758051054861525e-06,0.49270932123136657,5.5482592692376625e-05,5.9729436436332065e-05,0.0008161448671611749,5.679600099422629e-06,3.582098992763726e-13,1.745441897803681e-09,0.00011977948345677606,0.0,0.0,0.0,0.0,0.0,0.0,0.0,0.0,0.0,0.0,0.0,0.0,-3.379199404547437e-07,6.758398807438807e-07,2.2527996016274873e-07,1.6554640647937637e-16,-4.5055992049594823e-07,0.0,5.77501764518978e-16,7.246621862645927e-24,-4.854475251052373e-18,-1.5912007883708176e-22,1.9905274260476058e-20,-5.823351512373315e-21,5.92592190832989e-21,5.824603400599577e-16,-4.808985945261611e-22,1.75251969493804e-20,-7.935222779990755e-21,-8.97490964620035e-23,2.229444530193237e-22,-1.2641988058156346e-24,-5.775653746046857e-16,4.440320399207902e-07,3.379199404547437e-07,6.583756565826672e-07,-6.7583701763656e-07,-5.749076914017902e-07,2.630071650946115e-10,1.355951218122804e-07,1.0729458745542478e-07,1.0042229782802966e-07,1.0729458745542478e-07,2.2512273249661029e-07,2.2512273249661029e-07,-1.6554640647937637e-16,4.5024546707138806e-07,-3.17401603074269e-16,5.22847278837041e-19,-2.003089781986545e-15,4.502454642452136e-07,1.5296490678737668e-13,1.0482795236373545e-11,1.220106205615185e-10,-4.740175592614127e-11,-1.9577388471851034e-19,4.4993240573240413e-07,1.0482795236373545e-11,1.220106205615185e-10,-2.180954707482713e-07,3.1305909037485337e-10,-2.2496690107237398e-07,-7.184489414477438e-09,-7.184489414483364e-09,-2.4199179408150665e-16,6.5311737144481634e-09,1.941412698026989e-20,-2.8631073207542665e-12,6.527880575158014e-09,3.5163569316611385e-12,7.256976079365019e-13,1.913950094128931e-12,4.806024649667013e-21,2.4199179281730785e-16
1.2509999999999997,548,101324.99999999999,2.771e-08,0.066,0.29999999999999993,0.6339999999999998,0.22000000000000003,548.0,1e-11,1e-22,IdealGasReactor,off,0.6331498812722246,0.0,0.0,0.29468685372460607,0.009301978842681111,0.0030977947363948957,2.2410885798780485e-12,0.05976349142185233,0.0,0.003218056952076928,5.361426986348041e-11,0.5031655719878797,6.009291677360927e-09,4.6132549359695855e-08,9.943161604018995e-08,7.767182812287446e-06,0.4925524929503209,5.545970878495318e-05,5.967251022465971e-05,0.0008154321973985617,5.678013270254172e-06,3.579015651848673e-13,1.7458183428298053e-09,0.00011971512398402254,0.0,0.0,0.0,0.0,0.0,0.0,0.0,0.0,0.0,0.0,0.0,0.0,-3.377310655532018e-07,6.754621309423456e-07,2.2515404357188256e-07,1.6549345702670562e-16,-4.503080872940959e-07,0.0,6.01721535099553e-16,-7.709069952506551e-24,1.5125702834335814e-17,-1.6120277236937775e-22,-1.3095129364551483e-18,-1.2176098616780567e-21,9.86826470775762e-22,5.851224852038392e-16,1.3751862537564705e-21,6.24713863723507e-20,2.4929949367996396e-20,2.2044363324538188e-22,-5.43457291091068e-23,-5.759218075300542e-25,-6.003738652003202e-16,4.4378785445272056e-07,3.377310655532018e-07,6.579548044451466e-07,-6.754592709968193e-07,-5.745922488517283e-07,2.627020111129938e-10,1.355818902216204e-07,1.0720611295562823e-07,1.0036056132081058e-07,1.0720611295562823e-07,2.2499700384820114e-07,2.2499700384820114e-07,-1.6549345702670562e-16,4.499940097728358e-07,-3.169982748598588e-16,5.222670105112919e-19,-2.0016265471598487e-15,4.499940069457864e-07,1.5287947743135764e-13,1.0469322975269317e-11,1.2187940565816107e-10,-4.7317400695224176e-11,-1.9554069721935594e-19,4.496812040462447e-07,1.0469322975269317e-11,1.2187940565816107e-10,-2.1797204695277865e-07,3.1280349991558325e-10,-2.2484124007196674e-07,-7.181996619103894e-09,-7.181996619104881e-09,-2.418598422301922e-16,6.523522473684064e-09,1.939268672513271e-20,-2.8599455263222215e-12,6.520232841375306e-09,3.5122366071549403e-12,7.252394131151039e-13,1.9118599695525337e-12,4.800839737391296e-21,2.418598416542704e-16
1.2599999999999996,548,101324.99999999996,2.771e-08,0.066,0.29999999999999993,0.6339999999999998,0.22000000000000003,548.0,1e-11,1e-22,IdealGasReactor,off,0.6331430401158371,0.0,0.0,0.2946512547792604,0.00936670806911701,0.0031193711761537796,2.256951955371472e-12,0.059719625857374815,0.0,0.0032173510732554787,5.3573341797264855e-11,0.5033239668124886,6.008073874284229e-09,4.6441125042126094e-08,9.952649968553735e-08,7.77630231027726e-06,0.4923956524750122,5.543681980949308e-05,5.961561982238319e-05,0.0008147199351102535,5.676425924721035e-06,3.5759341263533263e-13,1.7461948620733066e-09,0.00011965076044207542,0.0,0.0,0.0,0.0,0.0,0.0,0.0,0.0,0.0,0.0,0.0,0.0,-3.3754218207697636e-07,6.750843639844648e-07,2.2502812124386927e-07,1.6544050368073379e-16,-4.5005624266279256e-07,0.0,2.12759905551518e-15,9.178245103409916e-22,-5.771737047762585e-18,2.7130132347342e-21,4.0058305658024e-18,8.004461351553138e-20,-7.947055017041958e-20,2.1413413312863237e-15,-7.84962392492733e-22,3.81570989231981e-18,-1.1732485450898143e-20,-1.3686737210455534e-21,-1.2382142069785658e-21,1.8027662489084577e-22,-2.1355297758347744e-15,4.4354365189491415e-07,3.3754218207697636e-07,6.575339687848752e-07,-6.750815071985086e-07,-5.742767895067905e-07,2.623970967005599e-10,1.35568614315789e-07,1.0711765535066766e-07,1.0029882402928221e-07,1.0711765535066766e-07,2.2487126931523183e-07,2.2487126931523183e-07,-1.6544050368073379e-16,4.497425407051648e-07,-3.165953235702446e-16,5.216871859755928e-19,-2.000163605520728e-15,4.497425363236829e-07,1.5279404407706013e-13,1.0455862535268291e-11,1.217482846000564e-10,-4.723316876773193e-11,-1.9530771133410546e-19,4.4942999049488645e-07,1.0455862535268291e-11,1.217482846000564e-10,-2.1784861762640063e-07,3.1254796432621104e-10,-2.2471557327954363e-07,-7.179503617468643e-09,-7.179503617389172e-09,-2.417276984729756e-16,6.5158768953908825e-09,1.937126155435967e-20,-2.8567859562105254e-12,6.512590767878425e-09,3.5081193331533095e-12,7.247811752366321e-13,1.9097712478925504e-12,4.795658172644001e-21,2.417278787496005e-16
1.2689999999999997,548,101325.00000000003,2.771e-08,0.066,0.29999999999999993,0.6339999999999998,0.22000000000000003,548.0,1e-11,1e-22,IdealGasReactor,off,0.6331362029355395,0.0,0.0,0.2946156765240727,0.009431399674833769,0.003140935075654973,2.2728099162710888e-12,0.05967578578762619,0.0,0.0032166447157649957,5.353243245885168e-11,0.5034823737834612,6.00685556956463e-09,4.674936867189185e-08,9.962116049608782e-08,7.785409549726859e-06,0.4922387999110391,5.541392577542596e-05,5.9558765235541425e-05,0.0008140080803813523,5.674838063688521e-06,3.5728544166633373e-13,1.746571455566513e-09,0.0001195863928831069,0.0,0.0,0.0,0.0,0.0,0.0,0.0,0.0,0.0,0.0,0.0,0.0,-3.373532901277556e-07,6.747065801274792e-07,2.2490219328170894e-07,1.6538754647699289e-16,-4.4980438672194264e-07,0.0,9.206374304709505e-15,2.468844210727299e-22,2.0256061088840822e-18,-5.3499230010376245e-21,-3.733117720522037e-17,-3.0109374296930207e-19,3.0046508570376177e-19,9.161854436635915e-15,-2.1566734173500046e-21,-4.8218992383070704e-18,5.332083776699243e-21,1.77187257087687e-21,1.0661899470813678e-21,1.2446967255534953e-22,-9.163900437533876e-15,4.432994323659827e-07,3.373532901277556e-07,6.571131498579244e-07,-6.747037264988684e-07,-5.739613135351122e-07,2.6209242185694024e-10,1.3555529407350502e-07,1.0702921470122472e-07,1.0023708598924162e-07,1.0702921470122472e-07,2.24745528965694e-07,2.24745528965694e-07,-1.6538754647699289e-16,4.494910600043539e-07,-3.1619274914338513e-16,5.2110780523183795e-19,-1.99870095807402e-15,4.494910486041448e-07,1.5270860677068272e-13,1.0442413915271805e-11,1.2161725739297963e-10,-4.714906002517476e-11,-1.9507492704439623e-19,4.4917876528419985e-07,1.0442413915271805e-11,1.2161725739297963e-10,-2.1772518287049798e-07,3.1229248384537914e-10,-2.2458990079786293e-07,-7.177010411210953e-09,-7.177010411511418e-09,-2.4159577970888567e-16,6.508236980864765e-09,1.934985147092105e-20,-2.8536286108574203e-12,6.50495435595994e-09,3.504005110351771e-12,7.24322894647243e-13,1.907683929586099e-12,4.790479956769153e-21,2.415959041785582e-16
1.2779999999999996,548,101325.0,2.771e-08,0.066,0.29999999999999993,0.6339999999999998,0.22000000000000003,548.0,1e-11,1e-22,IdealGasReactor,off,0.6331293697312474,0.0,0.0,0.29458011895860264,0.009496053660632546,0.0031624864351654436,2.28866246267175e-12,0.05963197121206362,0.0,0.003215937880196012,5.3491541863865994e-11,0.5036407928546041,6.005636764088299e-09,4.7057280241460485e-08,9.971559854608725e-08,7.79450453100282e-06,0.4920819353037392,5.5391026698816727e-05,5.9501946477278054e-05,0.0008132966333945039,5.673249688004427e-06,3.5697765233076416e-13,1.746948123125656e-09,0.00011952202135901353,0.0,0.0,0.0,0.0,0.0,0.0,0.0,0.0,0.0,0.0,0.0,0.0,-3.3716438988833737e-07,6.743287796113375e-07,2.2477625978694373e-07,1.6533458543075915e-16,-4.4955251974143095e-07,0.0,5.717682133882646e-16,-1.5523706404550106e-22,-1.6505000010941953e-18,9.07638324296855e-22,-1.164670302474663e-20,4.4998625322884706e-21,-4.369167995505092e-21,5.739841078265635e-16,-1.5261946782904355e-23,5.479859661794295e-19,-3.0529907588914625e-21,-1.0799876872645468e-22,-2.342395953853843e-22,1.0808435500707527e-23,-5.723200221110799e-16,4.4305519613296526e-07,3.3716438988833737e-07,6.566923480773714e-07,-6.743259291378461e-07,-5.736458212420524e-07,2.617879866442055e-10,1.3554192950588295e-07,1.0694079109354783e-07,1.0017534726045453e-07,1.0694079109354783e-07,2.2461978292138633e-07,2.2461978292138633e-07,-1.6533458543075915e-16,4.4923956791400767e-07,-3.157905515097911e-16,5.205288683653423e-19,-1.9972386058181268e-15,4.492395651034542e-07,1.526231655949843e-13,1.042897711667047e-11,1.2148632407175563e-10,-4.706507436057904e-11,-1.9484234433118829e-19,4.489275286170644e-07,1.042897711667047e-11,1.2148632407175563e-10,-2.17601742785854e-07,3.1203705870980057e-10,-2.2446422272823406e-07,-7.174517001089741e-09,-7.1745170010853714e-09,-2.4146390726691e-16,6.5006027329515045e-09,1.932845648241213e-20,-2.8504734913831724e-12,6.4973236084656815e-09,3.4998939402821454e-12,7.238645718668501e-13,1.905598015526876e-12,4.7853050922789285e-21,2.414639180753455e-16
1.2869999999999997,548,101324.99999999999,2.771e-08,0.066,0.29999999999999993,0.6339999999999998,0.22000000000000003,548.0,1e-11,1e-22,IdealGasReactor,off,0.6331225405028725,0.0,0.0,0.29454458208239426,0.0095606700273415,0.0031840252549615055,2.3045095946704143e-12,0.059588182130125754,0.0,0.003215230566931454,5.3450670024417686e-11,0.5037992239474391,6.004417458355409e-09,4.7364859740860225e-08,9.980981390756795e-08,7.803587254784528e-06,0.49192505873100334,5.536812259217031e-05,5.944516355683054e-05,0.0008125855942789176,5.671660798527415e-06,3.566700446734434e-13,1.7473248646834756e-09,0.00011945764592185252,0.0,0.0,0.0,0.0,0.0,0.0,0.0,0.0,0.0,0.0,0.0,0.0,-3.369754814978031e-07,6.739509628303512e-07,2.2465032086191925e-07,1.6528162056825117e-16,-4.493006418867456e-07,0.0,-5.63681928984879e-16,-3.873140508074772e-23,2.2083870786589725e-18,9.434127596372061e-23,-8.152692117322641e-21,5.61159327555974e-21,-5.7240898388669515e-21,-5.660772471698467e-16,-3.539923066491733e-23,-1.5108294389441257e-19,3.7116313021528934e-21,2.0679515313825692e-23,-1.623518804396468e-22,-1.785960825555868e-24,5.638503391835832e-16,4.4281094335935946e-07,3.369754814978031e-07,6.562715637715827e-07,-6.739481155097526e-07,-5.733303128590338e-07,2.6148379109015703e-10,1.355285206067066e-07,1.0685238460004807e-07,1.0011360788977065e-07,1.0685238460004807e-07,2.244940312751105e-07,2.244940312751105e-07,-1.6528162056825117e-16,4.489880646197244e-07,-3.1538873060322006e-16,5.199503754154082e-19,-1.9957765497541883e-15,4.489880629510168e-07,1.5253772061302122e-13,1.0415552139482994e-11,1.213554846553122e-10,-4.6981211660684306e-11,-1.9460996317538947e-19,4.486762806980095e-07,1.0415552139482994e-11,1.213554846553122e-10,-2.1747829747357988e-07,3.117816891569593e-10,-2.243385391727622e-07,-7.172023388339371e-09,-7.172023388333647e-09,-2.4133192232837105e-16,6.492974153642713e-09,1.9307076593890974e-20,-2.847320598533975e-12,6.489698527386118e-09,3.4957858240158053e-12,7.234062073218009e-13,1.9035135063580424e-12,4.78013358104461e-21,2.4133192054241023e-16
1.2959999999999996,548,101325.00000000003,2.771e-08,0.066,0.29999999999999993,0.6339999999999998,0.22000000000000003,548.0,1e-11,1e-22,IdealGasReactor,off,0.6331157152503248,0.0,0.0,0.29450906589497605,0.009625248775818555,0.0032055515353288074,2.3203513123658152e-12,0.05954441854123127,0.0,0.003214522776472394,5.340981695454918e-11,0.5039576670016317,6.00319765308463e-09,4.767210716227172e-08,9.990380665453382e-08,7.812657721604149e-06,0.4917681702524267,5.534521347001184e-05,5.9388416485553376e-05,0.0008118749631929688,5.670071396111283e-06,3.563626187433627e-13,1.7477016801069093e-09,0.00011939326662359285,0.0,0.0,0.0,0.0,0.0,0.0,0.0,0.0,0.0,0.0,0.0,0.0,-3.367865651198502e-07,6.73573130074464e-07,2.2452437660852742e-07,1.6522865190953768e-16,-4.4904875338303443e-07,0.0,1.8600172843663777e-16,3.312892327672995e-24,-6.883523616568893e-19,-1.919534310231261e-22,1.9058241313221758e-21,-2.6469779601696886e-23,4.963083675318166e-24,1.8676063356143068e-16,-1.0243074864368959e-22,5.759785832693526e-20,-9.48921565440373e-22,-3.9549573037691636e-23,-4.0826502678010953e-23,-5.8374138139229615e-24,-1.8606613902638332e-16,4.4256667426786044e-07,3.367865651198502e-07,6.558507973164932e-07,-6.735702859045307e-07,-5.730147886591041e-07,2.61179835241215e-10,1.3551506737965736e-07,1.067639953008564e-07,1.0005186793130614e-07,1.067639953008564e-07,2.2436827413599077e-07,2.2436827413599077e-07,-1.6522865190953768e-16,4.48736550339754e-07,-3.1498728635479836e-16,5.193723264461051e-19,-1.9943147908808805e-15,4.487365479199923e-07,1.524522718989404e-13,1.0402138984467685e-11,1.2122473917126338e-10,-4.689747181567505e-11,-1.9437778355749847e-19,4.4842502173063483e-07,1.0402138984467685e-11,1.2122473917126338e-10,-2.1735484703460032e-07,3.115263754235945e-10,-2.242128502331038e-07,-7.16952957392709e-09,-7.169529573927095e-09,-2.411999175374974e-16,6.485351245393383e-09,1.928571181179638e-20,-2.8441699332595773e-12,6.482079115174021e-09,3.4916807628729683e-12,7.229478014911771e-13,1.9014304028590494e-12,4.774965425286248e-21,2.4119991170008357e-16
1.3049999999999997,548,101325.00000000003,2.771e-08,0.066,0.29999999999999993,0.6339999999999998,0.22000000000000003,548.0,1e-11,1e-22,IdealGasReactor,off,0.6331088939735108,0.0,0.0,0.2944735703958618,0.00968978990694785,0.003227065276562355,2.3361876158588983e-12,0.05950068044478101,0.0,0.003213814509278549,5.336898266756598e-11,0.5041161219502872,6.001977348917081e-09,4.797902249779432e-08,9.999757686090584e-08,7.821715932072137e-06,0.49161126993421983,5.532229934615355e-05,5.933170527397078e-05,0.000811164740283758,5.668481481612895e-06,3.560553745876956e-13,1.748078569286431e-09,0.00011932888351624043,0.0,0.0,0.0,0.0,0.0,0.0,0.0,0.0,0.0,0.0,0.0,0.0,-3.365976409093335e-07,6.73195281729219e-07,2.243984271288281e-07,1.6517567947690968e-16,-4.4879685444225254e-07,0.0,1.2642098348823335e-14,8.009437015069796e-21,-1.263571698341387e-17,2.260503892356797e-20,-7.58674705361468e-17,1.127639080811889e-18,-1.1192431975944758e-18,1.258692506778508e-14,2.6519490107090607e-20,6.66679090512673e-18,-2.3823375578856512e-20,-1.8640566802670763e-20,-5.427501038445676e-21,-5.570973809722127e-22,-1.2574165932102614e-14,4.423223890681529e-07,3.365976409093335e-07,6.55430049070841e-07,-6.731924407077226e-07,-5.72699248900334e-07,2.608761191365317e-10,1.355015698249753e-07,1.0667562327326576e-07,9.999012743655878e-08,1.0667562327326576e-07,2.2424251160727871e-07,2.2424251160727871e-07,-1.6517567947690968e-16,4.484850252806051e-07,-3.1458621869590903e-16,5.187947215116197e-19,-1.9928533301969508e-15,4.484850104624627e-07,1.5236681952289852e-13,1.038873765208869e-11,1.2109408764387336e-10,-4.681385471441812e-11,-1.9414580545778007e-19,4.4817375191888217e-07,1.038873765208869e-11,1.2109408764387336e-10,-2.172313915699109e-07,3.112711177464588e-10,-2.2408715601109004e-07,-7.167035558917195e-09,-7.167035557797952e-09,-2.4106844875966066e-16,6.4777340104672905e-09,1.9264362142028632e-20,-2.841021496430369e-12,6.4744653740996665e-09,3.4875787580755798e-12,7.224893548351506e-13,1.899348705756268e-12,4.769800627088374e-21,2.410678916622797e-16
1.3139999999999996,548,101324.99999999999,2.771e-08,0.066,0.29999999999999993,0.6339999999999998,0.22000000000000003,548.0,1e-11,1e-22,IdealGasReactor,off,0.6331020766723339,0.0,0.0,0.29443809558454886,0.00975429342164328,0.0032485664789664768,2.3520185052523754e-12,0.059456967840155646,0.0,0.0032131057656582776,5.332816717421417e-11,0.5042745887029025,6.000756546212525e-09,4.8285605737598107e-08,1.0009112459903743e-07,7.830761887028343e-06,0.4914543578663972,5.529938023181974e-05,5.927502992975135e-05,0.0008104549256594581,5.666891055896956e-06,3.5574831224770735e-13,1.7484555321979189e-09,0.00011926449665192177,0.0,0.0,0.0,0.0,0.0,0.0,0.0,0.0,0.0,0.0,0.0,0.0,-3.364087089892541e-07,6.728174178345833e-07,2.2427247252547174e-07,1.651227033006607e-16,-4.485449451983182e-07,0.0,-1.7563276713511152e-14,-2.9645565811486783e-22,7.049003510615394e-18,4.974132409919886e-21,-2.1140248297572828e-17,3.213431243646002e-20,-3.06536591399901e-20,-1.7602194178285788e-14,9.423121176962616e-21,-1.0654704620115577e-17,7.056995268561689e-21,-1.3903355133367858e-21,2.0484953073090275e-21,5.182572980928013e-23,1.759508073950156e-14,4.420780878925095e-07,3.364087089892541e-07,6.550093193316844e-07,-6.728145799592947e-07,-5.723836937870225e-07,2.6057264279026615e-10,1.3548802793028937e-07,1.0658726858451146e-07,9.992838644763252e-08,1.0658726858451146e-07,2.2411674377114344e-07,2.2411674377114344e-07,-1.651227033006607e-16,4.482334896065976e-07,-3.1418552756017303e-16,5.182175606325968e-19,-1.991392168703379e-15,4.482335049793562e-07,1.5228136354072732e-13,1.0375348141811368e-11,1.2096353008583286e-10,-4.6730360241227616e-11,-1.9391402885642973e-19,4.4792247146791267e-07,1.0375348141811368e-11,1.2096353008583286e-10,-2.1710793118075149e-07,3.110159163628057e-10,-2.239614566091104e-07,-7.164541344720257e-09,-7.164541344689603e-09,-2.4093580869407656e-16,6.4701224505355775e-09,1.9243027588641967e-20,-2.837875288644324e-12,6.466857305808694e-09,3.483479810509339e-12,7.220308677458276e-13,1.897268415593486e-12,4.764639188067896e-21,2.4093586051980637e-16
1.3229999999999997,548,101324.99999999999,2.771e-08,0.066,0.29999999999999993,0.6339999999999998,0.22000000000000003,548.0,1e-11,1e-22,IdealGasReactor,off,0.6330952633466944,0.0,0.0,0.2944026414605199,0.009818759320845355,0.0032700551428548573,2.367843980651123e-12,0.05941328072671778,0.0,0.0032123965462561434,5.328737049079577e-11,0.5044330672209392,5.999535245953723e-09,4.8591856877553486e-08,1.0018444994617845e-07,7.839795586863617e-06,0.491297434086575,5.527645614397969e-05,5.9218390466696554e-05,0.0008097455195123297,5.665300119813206e-06,3.554414317769542e-13,1.7488325686287677e-09,0.0001192001060825056,0.0,0.0,0.0,0.0,0.0,0.0,0.0,0.0,0.0,0.0,0.0,0.0,-3.362197695528668e-07,6.724395389410075e-07,2.2414651289981197e-07,1.6506972339346967e-16,-4.4829302595248025e-07,0.0,-1.2927667030043205e-15,2.7742042004087667e-22,4.198462283295797e-18,-5.762497316456478e-21,-3.05990652195616e-19,-1.6808310047077522e-20,1.6066329037617457e-20,-1.3053419079948517e-15,-5.62837811516473e-21,-7.98559430649538e-18,8.743280899330246e-21,6.480960099352972e-22,2.5885469619717906e-21,-1.0460274106770949e-22,1.3011092549408115e-15,4.418337710391943e-07,3.362197695528668e-07,6.545886085319092e-07,-6.724367042096964e-07,-5.720681236421558e-07,2.6026940627038513e-10,1.3547444171133586e-07,1.064989313238981e-07,9.986664502735771e-08,1.064989313238981e-07,2.239909707562806e-07,2.239909707562806e-07,-1.6506972339346967e-16,4.479819435751426e-07,-3.137852128746325e-16,5.176408439014594e-19,-1.989931307394615e-15,4.4798194265283087e-07,1.52195904039872e-13,1.0361970455241417e-11,1.2083306653485758e-10,-4.6646988290295916e-11,-1.9368245373292518e-19,4.4767118058021347e-07,1.0361970455241417e-11,1.2083306653485758e-10,-2.1698446596782808e-07,3.107607715081424e-10,-2.238357521283031e-07,-7.162046931983897e-09,-7.162046931999963e-09,-2.408039230172111e-16,6.462516568559842e-09,1.9221708159671645e-20,-2.834731311086756e-12,6.459254913285996e-09,3.4793839217808626e-12,7.215723407656339e-13,1.8951895333079123e-12,4.759481110849234e-21,2.4080381841447004e-16
1.3319999999999996,548,101325.0,2.771e-08,0.066,0.29999999999999993,0.6339999999999998,0.22000000000000003,548.0,1e-11,1e-22,IdealGasReactor,off,0.6330884539964899,0.0,0.0,0.29436720802324196,0.009883187605523102,0.003291531268550516,2.383664042161944e-12,0.05936961910381073,0.0,0.0032116868514786424,5.3246592629603386e-11,0.5045915574288152,5.998313448681016e-09,4.889777591034893e-08,1.0027755297687922e-07,7.848817032320319e-06,0.4911404986697225,5.52535270955267e-05,5.916178689415073e-05,0.0008090365219737394,5.663708674223382e-06,3.5513473321982776e-13,1.7492096785003892e-09,0.0001191357118600406,0.0,0.0,0.0,0.0,0.0,0.0,0.0,0.0,0.0,0.0,0.0,0.0,-3.3603082274339306e-07,6.720616453035238e-07,2.2402054835412745e-07,1.6501673978057138e-16,-4.4804109690439914e-07,0.0,-1.5874656810719478e-14,2.2864397314126093e-21,-7.818111048278348e-18,-1.5344346338484045e-20,1.817383303716986e-17,2.8269724614612274e-19,-3.0078272305898214e-19,-1.5824982040749602e-14,-1.1004642444446772e-20,2.328195753135002e-17,-1.0394665001245321e-20,-2.1147906335683844e-21,1.3815540081566551e-21,1.2661552794681958e-23,1.5832885859036026e-14,4.415894387058573e-07,3.3603082274339306e-07,6.54167917007532e-07,-6.720588137139593e-07,-5.717525387041764e-07,2.599664096058013e-10,1.35460811163982e-07,1.0641061156492799e-07,9.980490322379364e-08,1.0641061156492799e-07,2.238651926582449e-07,2.238651926582449e-07,-1.6501673978057138e-16,4.477303873773443e-07,-3.133852745701356e-16,5.170645713582638e-19,-1.9884707472686504e-15,4.477304009764538e-07,1.5211044108525947e-13,1.034860459242421e-11,1.2070269701055281e-10,-4.656373874868035e-11,-1.9345108006677211e-19,4.4741987946014906e-07,1.034860459242421e-11,1.2070269701055281e-10,-2.168609960322274e-07,3.105056834188568e-10,-2.237100426706905e-07,-7.159552321900064e-09,-7.159552321599281e-09,-2.4067175279021493e-16,6.454916366559226e-09,1.9200403860264838e-20,-2.8315895645169246e-12,6.451658198541857e-09,3.4752910929720526e-12,7.211137743299713e-13,1.893112059551365e-12,4.75432639732618e-21,2.406717654517677e-16
1.3409999999999997,548,101324.99999999996,2.771e-08,0.066,0.29999999999999993,0.6339999999999998,0.22000000000000003,548.0,1e-11,1e-22,IdealGasReactor,off,0.6330816486216156,0.0,0.0,0.2943317952721667,0.009947578276674226,0.0033129948563858074,2.3994786898935487e-12,0.059325982970758445,0.0,0.0032109766815541247,5.320583359992436e-11,0.504750059223061,5.9970911546032965e-09,4.9203362826392e-08,1.0037043376370996e-07,7.857826224406738e-06,0.49098355171892455,5.523059309630709e-05,5.910521921812714e-05,0.0008083279331294617,5.662116720000093e-06,3.548282166138792e-13,1.749586861835329e-09,0.00011907131403676796,0.0,0.0,0.0,0.0,0.0,0.0,0.0,0.0,0.0,0.0,0.0,0.0,-3.358418686666452e-07,6.716837371127218e-07,2.2389457899142603e-07,1.6496375249665233e-16,-4.4778915806023456e-07,0.0,8.512130373127713e-15,-2.450213985133261e-21,3.511423138754822e-17,3.2218151739311345e-21,5.591264484825637e-17,2.0087915739727766e-19,-2.042739066311953e-19,8.480356641955155e-15,-9.69038149612233e-22,-5.2206105362588896e-17,5.564632479273064e-20,2.769969377498667e-21,-1.306929318705186e-21,1.3899915759971739e-22,-8.515781147892708e-15,4.413450908973774e-07,3.358418686666452e-07,6.537472450221735e-07,-6.716809086626725e-07,-5.714369391482592e-07,2.5966365279623974e-10,1.3544713626921235e-07,1.063223093692961e-07,9.974316107395606e-08,1.063223093692961e-07,2.2373940954779142e-07,2.2373940954779142e-07,-1.6496375249665233e-16,4.474788211547126e-07,-3.129857125803812e-16,5.164887430039073e-19,-1.987010489326591e-15,4.474788104502636e-07,1.520249747249659e-13,1.0335250552238047e-11,1.2057242151897648e-10,-4.6480611498124554e-11,-1.9321990783748726e-19,4.4716856831371257e-07,1.0335250552238047e-11,1.2057242151897648e-10,-2.1673752147535574e-07,3.102506523321881e-10,-2.2358432833909045e-07,-7.157057516070299e-09,-7.157057515866025e-09,-2.4053956271088406e-16,6.447321845823812e-09,1.9179114693405693e-20,-2.828450049375085e-12,6.444067162857137e-09,3.4712013247725895e-12,7.206551687942669e-13,1.8910359947621487e-12,4.7491750488465e-21,2.4053970171004166e-16
1.3499999999999996,548,101325.00000000003,2.771e-08,0.066,0.29999999999999993,0.6339999999999998,0.22000000000000003,548.0,1e-11,1e-22,IdealGasReactor,off,0.6330748472219623,0.0,0.0,0.29429640320673034,0.010011931335322823,0.0033344459067024324,2.4152879239568315e-12,0.059282372326866825,0.0,0.0032102660373855884,5.316509342223282e-11,0.5049085726049636,5.995868365181354e-09,4.950861762699669e-08,1.0046309238876959e-07,7.866823163212407e-06,0.490826593231644,5.520765416770096e-05,5.9048687456965324e-05,0.0008076197532344917,5.660524257980862e-06,3.5452188202140945e-13,1.749964118275773e-09,0.00011900691266428714,0.0,0.0,0.0,0.0,0.0,0.0,0.0,0.0,0.0,0.0,0.0,0.0,-3.3565290756941163e-07,6.713058149676927e-07,2.2376860491196212e-07,1.6491076154089338e-16,-4.475372099754948e-07,0.0,1.1772115432638067e-14,8.946717394169673e-22,6.146925576038631e-18,-1.1998333974505652e-20,6.2814904577194845e-18,-2.6469779601696886e-22,9.57875149336406e-22,1.1764990805253778e-14,5.531852236521222e-21,-7.158134468786828e-18,6.022017838847391e-21,1.2197295119977239e-21,4.529401002012114e-21,-1.7539547852142349e-22,-1.1771191319537516e-14,4.411007281652883e-07,3.3565290756941163e-07,6.533265931120195e-07,-6.713029896549254e-07,-5.711213253880077e-07,2.5936113594957787e-10,1.3543341706447797e-07,1.0623402484302639e-07,9.968141865648148e-08,1.0623402484302639e-07,2.236136215891271e-07,2.236136215891271e-07,-1.6491076154089338e-16,4.472272452356514e-07,-3.1258652682606947e-16,5.159133589837165e-19,-1.9855505345559395e-15,4.472272312483483e-07,1.5193950507056545e-13,1.032190833786918e-11,1.2044224011651333e-10,-4.639760644018192e-11,-1.9298893702331008e-19,4.469172473410581e-07,1.032190833786918e-11,1.2044224011651333e-10,-2.1661404239740682e-07,3.099956784815276e-10,-2.2345860923348127e-07,-7.1545625145552915e-09,-7.154562514556249e-09,-2.404078027654717e-16,6.43973301031581e-09,1.915784067009353e-20,-2.8253127672836733e-12,6.4364818102064685e-09,3.467114619321322e-12,7.201965248156116e-13,1.888961340169813e-12,4.7440270687822535e-21,2.404076273699932e-16
1.3589999999999998,548,101324.99999999999,2.771e-08,0.066,0.29999999999999993,0.6339999999999998,0.22000000000000003,548.0,1e-11,1e-22,IdealGasReactor,off,0.6330680497974194,0.0,0.0,0.2942610318263537,0.010076246782522438,0.003355884419851424,2.431091744464502e-12,0.05923878717142194,0.0,0.0032095549191094265,5.3124372104199564e-11,0.5050670974564536,5.994645080451726e-09,4.9813540302063587e-08,1.0055552892428128e-07,7.87580784991298e-06,0.490669623325686,5.518471031797473e-05,5.8992191614853914e-05,0.0008069119823498617,5.6589312890448746e-06,3.5421572947603155e-13,1.7503414478968133e-09,0.00011894250779492707,0.0,0.0,0.0,0.0,0.0,0.0,0.0,0.0,0.0,0.0,0.0,0.0,-3.3546393953793867e-07,6.709278789242595e-07,2.2364262621914985e-07,1.648577669529277e-16,-4.4728525265138645e-07,0.0,1.2761175441614594e-14,-2.6235752237396822e-21,-4.090294925321575e-18,2.0331931309924408e-21,-1.327618265702709e-17,9.423241538204091e-20,-7.280926469753005e-20,1.2796237867540373e-14,-1.0188276168271238e-21,4.406938797980301e-17,-8.425884266592834e-21,2.241659460018705e-21,-4.560807823807356e-21,7.106681369557232e-22,-1.279211018520533e-14,4.4085635050991525e-07,3.3546393953793867e-07,6.529059615026547e-07,-6.70925056746541e-07,-5.708056975654788e-07,2.590588590496116e-10,1.3541965352311176e-07,1.0614575804156413e-07,9.96196760025981e-08,1.0614575804156413e-07,2.2348782884002638e-07,2.2348782884002638e-07,-1.648577669529277e-16,4.4697565973573306e-07,-3.1218771724159103e-16,5.153384192770123e-19,-1.984090883958397e-15,4.46975644718961e-07,1.5185403216131437e-13,1.0308577947554055e-11,1.203121528018795e-10,-4.631472345372842e-11,-1.92758167603334e-19,4.46665916748967e-07,1.0308577947554055e-11,1.203121528018795e-10,-2.1649055889997729e-07,3.09740762104202e-10,-2.2333288545706706e-07,-7.152067319172555e-09,-7.152067319099746e-09,-2.402748318276426e-16,6.432149860932386e-09,1.9136581792135774e-20,-2.822177718509346e-12,6.4289021414712305e-09,3.4630309770926993e-12,7.197378427076277e-13,1.886888096096424e-12,4.738882458184208e-21,2.4027554249577954e-16
1.3679999999999997,548,101324.99999999999,2.771e-08,0.066,0.29999999999999993,0.6339999999999998,0.22000000000000003,548.0,1e-11,1e-22,IdealGasReactor,off,0.6330612563478722,0.0,0.0,0.29422568113044223,0.01014052461935442,0.0033773103961931474,2.4468901515312813e-12,0.059195227503691,0.0,0.0032088433272011623,5.3083669659100295e-11,0.5052256337119978,5.993421301080172e-09,5.011813084722418e-08,1.0064774344748971e-07,7.884780285232898e-06,0.4905126420658843,5.5161761561193735e-05,5.8935731702158414e-05,0.0008062046206214245,5.657337814054513e-06,3.5390975902370705e-13,1.7507188505828722e-09,0.00011887809948071105,0.0,0.0,0.0,0.0,0.0,0.0,0.0,0.0,0.0,0.0,0.0,0.0,-3.352749647292714e-07,6.705499292937654e-07,2.2351664301509432e-07,1.6480476875458263e-16,-4.470332861953058e-07,0.0,2.3691598884975466e-16,-1.6380305115001763e-22,-8.229013879664493e-19,5.906890650749127e-22,-3.3457801416544863e-20,-5.6645328347631335e-21,5.671977460276111e-21,2.3719543693045468e-16,2.2143681543594237e-22,-5.152027572096093e-19,-1.2003711430626389e-21,-1.1632227364026952e-22,-2.540846558523385e-22,1.7978695634583168e-23,-2.363665072961952e-16,4.4061195803642584e-07,3.352749647292714e-07,6.524853505565931e-07,-6.705471102488614e-07,-5.704900559425177e-07,2.587568221343203e-10,1.3540584564683828e-07,1.0605750904260584e-07,9.955793316444392e-08,1.0605750904260584e-07,2.233620314052106e-07,2.233620314052106e-07,-1.6480476875458263e-16,4.4672406486437186e-07,-3.1178928375465597e-16,5.147639239353886e-19,-1.982631538528844e-15,4.467240624084212e-07,1.5176855606836796e-13,1.0295259381685093e-11,1.2018215959901282e-10,-4.62319624275813e-11,-1.925275995559225e-19,4.4641457674135215e-07,1.0295259381685093e-11,1.2018215959901282e-10,-2.1636707108412624e-07,3.0948590343557093e-10,-2.2320715711165875e-07,-7.149571930968068e-09,-7.14957193097374e-09,-2.4014342922425486e-16,6.424572399890781e-09,1.9115338065352435e-20,-2.819044903910613e-12,6.42132815887998e-09,3.4589503992866114e-12,7.192791229354837e-13,1.8848162632603e-12,4.733741219116643e-21,2.401434472029505e-16
1.3769999999999998,548,101324.99999999999,2.771e-08,0.066,0.29999999999999993,0.6339999999999998,0.22000000000000003,548.0,1e-11,1e-22,IdealGasReactor,off,0.6330544668732038,0.0,0.0,0.29419035111838604,0.010204764846927476,0.003398723836097311,2.4626831452739625e-12,0.059151693322922624,0.0,0.00320813126210853,5.304298609970293e-11,0.5053841813016562,5.992197027679942e-09,5.042238925816423e-08,1.0073973603564961e-07,7.893740469950305e-06,0.4903556495215156,5.513880791094181e-05,5.887930772865354e-05,0.0008054976681871057,5.655743833874123e-06,3.5360397070904924e-13,1.7510963262341553e-09,0.00011881368777367815,0.0,0.0,0.0,0.0,0.0,0.0,0.0,0.0,0.0,0.0,0.0,0.0,-3.3508598329448266e-07,6.701719664049004e-07,2.2339065540186698e-07,1.6475176696917852e-16,-4.4678131092735144e-07,0.0,-7.258797717462374e-15,5.605290396811119e-22,1.877810926673069e-17,8.455244203463777e-21,1.9458782018154635e-17,-3.0744649007370933e-19,3.084176001128466e-19,-7.280921691957787e-15,-1.2287716502635333e-21,-2.223277961256345e-17,3.2697169261417574e-20,-2.7018820733278958e-21,-5.0489313884363605e-21,-3.6508522481800333e-23,7.2619945696284e-15,4.403675510628166e-07,3.3508598329448266e-07,6.520647606246404e-07,-6.701691504905761e-07,-5.701744007708245e-07,2.5845502523659596e-10,1.3539199343509015e-07,1.0596927792191251e-07,9.949619019238149e-08,1.0596927792191251e-07,2.2323622938542584e-07,2.2323622938542584e-07,-1.6475176696917852e-16,4.464724608230825e-07,-3.1139122629286886e-16,5.141898730034904e-19,-1.9811724992617514e-15,4.464724658870267e-07,1.5168307686018046e-13,1.028195264044866e-11,1.200522605295231e-10,-4.6149323249646295e-11,-1.922972328591418e-19,4.4616322752232125e-07,1.028195264044866e-11,1.200522605295231e-10,-2.162435790508181e-07,3.092311027108938e-10,-2.2308142429915707e-07,-7.147076351048885e-09,-7.147076351357302e-09,-2.400113781112669e-16,6.417000629302305e-09,1.909410949519138e-20,-2.8159143242911195e-12,6.413759864534851e-09,3.45487288703395e-12,7.188203659515616e-13,1.882745842342794e-12,4.7286033535496626e-21,2.400113416027444e-16
1.3859999999999997,548,101325.0,2.771e-08,0.066,0.29999999999999993,0.6339999999999998,0.22000000000000003,548.0,1e-11,1e-22,IdealGasReactor,off,0.6330476813732939,0.0,0.0,0.2941550417895596,0.010268967466378981,0.00342012473994295,2.478470725811244e-12,0.05910818462834607,0.0,0.003207418724481849,5.30023214421005e-11,0.5055427401869039,5.990972261240137e-09,5.072631553428484e-08,1.0083150676928527e-07,7.902688404585692e-06,0.4901986457301835,5.5115849384265366e-05,5.8822919707768724e-05,0.0008047911252350913,5.654149349357626e-06,3.5329836458391104e-13,1.751473874636467e-09,0.0001187492727256602,0.0,0.0,0.0,0.0,0.0,0.0,0.0,0.0,0.0,0.0,0.0,0.0,-3.348969954267882e-07,6.69793990707027e-07,2.2326466348073961e-07,1.6469876160938846e-16,-4.4652932712602385e-07,0.0,-3.042985184295822e-15,4.882710361818796e-22,2.5882588608470135e-19,7.641874692565989e-22,-1.8149586719054707e-17,-1.2252860977625488e-19,1.2049043674692422e-19,-3.061410614242467e-15,-6.790165301424765e-22,1.0478879702031783e-19,5.081300224872925e-22,4.623577732653433e-21,2.019488721775222e-21,-1.0777871587833566e-22,3.0611493078869617e-15,4.4012312986469165e-07,3.348969954267882e-07,6.51644192139114e-07,-6.697911779210463e-07,-5.698587323734572e-07,2.581534684213459e-10,1.3537809690428868e-07,1.058810647684666e-07,9.943444714922548e-08,1.058810647684666e-07,2.2311042290938703e-07,2.2311042290938703e-07,-1.6469876160938846e-16,4.4622084786927385e-07,-3.1099354477962737e-16,5.136162665685929e-19,-1.979713767146978e-15,4.4622084871548395e-07,1.5159759462421023e-13,1.026865772530288e-11,1.199224556299425e-10,-4.6066805813696864e-11,-1.9206706749049143e-19,4.459118692941706e-07,1.026865772530288e-11,1.199224556299425e-10,-2.1612008290067744e-07,3.08976360164069e-10,-2.229556871205735e-07,-7.144580580062179e-09,-7.144580580182669e-09,-2.3987933361572383e-16,6.409434552064233e-09,1.907289608947212e-20,-2.8127859808043085e-12,6.406197261332197e-09,3.4507984418937133e-12,7.183615722984767e-13,1.880676834259435e-12,4.7234688640521405e-21,2.3987922583700795e-16
1.3949999999999998,548,101324.99999999999,2.771e-08,0.066,0.29999999999999993,0.6339999999999998,0.22000000000000003,548.0,1e-11,1e-22,IdealGasReactor,off,0.6330408998480195,0.0,0.0,0.2941197531433217,0.010333132478875254,0.0034415131081184237,2.494252893263694e-12,0.05906470141917101,0.0,0.003206705714613854,5.2961675696401084e-11,0.5057013102733027,5.989747002084663e-09,5.102990966973879e-08,1.0092305572444872e-07,7.911624090172932e-06,0.49004163078586316,5.5092885992093616e-05,5.8766567646313166e-05,0.0008040849918628599,5.6525543613800915e-06,3.5299294068669793e-13,1.751851495778642e-09,0.00011868485438886913,0.0,0.0,0.0,0.0,0.0,0.0,0.0,0.0,0.0,0.0,0.0,0.0,-3.3470800124454007e-07,6.694160023258048e-07,2.2313866735455333e-07,1.646457527068347e-16,-4.462773348827631e-07,0.0,1.67614216449272e-16,9.85218395270622e-24,-9.088698563029664e-18,-7.192558272245031e-22,-1.444720570660616e-18,2.1705219273391446e-21,-2.0687787119951222e-21,1.7525643721261468e-16,-7.706927191326263e-22,-1.3803304649443372e-19,-1.467186973812141e-20,-1.491510042009678e-22,9.382818748800785e-23,9.396392032517057e-24,-1.6609249363538881e-16,4.3987869453203984e-07,3.3470800124454007e-07,6.512236453873993e-07,-6.694131926659308e-07,-5.695430509467656e-07,2.578521516955011e-10,1.3536415604092678e-07,1.0579286964765357e-07,9.937270407567315e-08,1.0579286964765357e-07,2.2298461205614116e-07,2.2298461205614116e-07,-1.646457527068347e-16,4.459692261610608e-07,-3.1059623914452417e-16,5.130431046403682e-19,-1.978255343181289e-15,4.4596922377238e-07,1.5151210941416757e-13,1.02553746353924e-11,1.1979274490986371e-10,-4.598441000294924e-11,-1.9183710342777576e-19,4.456605022624416e-07,1.02553746353924e-11,1.1979274490986371e-10,-2.1599658273507533e-07,3.087216760308919e-10,-2.2282994567852255e-07,-7.142084619478012e-09,-7.1420846194759436e-09,-2.3974709059683375e-16,6.4018741696285646e-09,1.9051697851719264e-20,-2.8096598739700994e-12,6.398640350723271e-09,3.4467270646470326e-12,7.179027423586968e-13,1.878609239501773e-12,4.718337752108905e-21,2.397470999932258e-16
1.4039999999999997,548,101324.99999999997,2.771e-08,0.066,0.29999999999999993,0.6339999999999998,0.22000000000000003,548.0,1e-11,1e-22,IdealGasReactor,off,0.6330341222972541,0.0,0.0,0.2940844851790172,0.01039725988560685,0.00346288894102146,2.5100296477543486e-12,0.05902124369459049,0.0,0.0032059922329260807,5.29210488748119e-11,0.5058598914863484,5.988521250776152e-09,5.133317166122631e-08,1.0101438297937583e-07,7.920547527586008e-06,0.48988460476243256,5.506991774755588e-05,5.871025155339374e-05,0.0008033792681995508,5.650958870810056e-06,3.526876990602967e-13,1.7522291895770596e-09,0.00011862043281538535,0.0,0.0,0.0,0.0,0.0,0.0,0.0,0.0,0.0,0.0,0.0,0.0,-3.345190008928538e-07,6.69038001617178e-07,2.2301266712558126e-07,1.645927402863833e-16,-4.460253344096401e-07,0.0,1.514635852995262e-15,-5.049777882162066e-22,1.6547558223464917e-18,1.023600284993504e-21,3.952785127480599e-18,2.779326858178173e-21,-2.4343925427435604e-21,1.5124608262423068e-15,6.877638237563506e-22,-4.448708564414101e-18,4.0154097470419416e-21,-1.7670645835664054e-22,-1.4547977822461271e-21,7.689570871890893e-23,-1.5141312268613818e-15,4.396342452749795e-07,3.345190008928538e-07,6.508031207086066e-07,-6.690351950811734e-07,-5.692273567324048e-07,2.575510750861785e-10,1.353501708423124e-07,1.0570469263323949e-07,9.931096102032715e-08,1.0570469263323949e-07,2.2285879692249506e-07,2.2285879692249506e-07,-1.645927402863833e-16,4.4571759589204757e-07,-3.1019930931424747e-16,5.124703872552932e-19,-1.9767972283582107e-15,4.4571759216793794e-07,1.5142662129583017e-13,1.024210337066267e-11,1.1966312838830042e-10,-4.59021357043322e-11,-1.9160734064831682e-19,4.4540912663152296e-07,1.024210337066267e-11,1.1966312838830042e-10,-2.1587307865510842e-07,3.0846705054620526e-10,-2.227042000750354e-07,-7.13958847047284e-09,-7.139588470470406e-09,-2.396148872826131e-16,6.394319483948823e-09,1.9030514786953814e-20,-2.8065360045292024e-12,6.391089134660575e-09,3.442658756344618e-12,7.174438765719939e-13,1.8765430587090488e-12,4.7132100195823574e-21,2.396149641783218e-16
1.4129999999999998,548,101325.00000000003,2.771e-08,0.066,0.29999999999999993,0.6339999999999998,0.22000000000000003,548.0,1e-11,1e-22,IdealGasReactor,off,0.6330273487208687,0.0,0.0,0.29404923789597404,0.010461349687795905,0.0034842522390590817,2.525800989407779e-12,0.05897781145377636,0.0,0.003205278280003293,5.288044099220628e-11,0.5060184837768548,5.987295008179649e-09,5.1636101508558696e-08,1.0110548861502319e-07,7.929458717493947e-06,0.48972756770824183,5.5046944666566584e-05,5.865397144103678e-05,0.0008026739544145087,5.649362878507753e-06,3.523826397533482e-13,1.752606955855641e-09,0.0001185560080571128,0.0,0.0,0.0,0.0,0.0,0.0,0.0,0.0,0.0,0.0,0.0,0.0,-3.343299945507444e-07,6.686599889782366e-07,2.228866628953669e-07,1.6453972436431942e-16,-4.4577332597107763e-07,0.0,-8.111779600444007e-15,1.339296166709478e-21,-2.6410922951266896e-18,2.6756581450771788e-21,-4.132229057356423e-17,1.5685991391965574e-19,-1.5564064969675258e-19,-8.137105572892639e-15,-8.716096626318585e-22,1.3134747892463637e-17,-1.655488501028729e-21,-4.131043376666389e-21,7.43092621859213e-23,-3.1543079806691956e-22,8.13977943106909e-15,4.3938978235534554e-07,3.343299945507444e-07,6.503826185073069e-07,-6.686571855638631e-07,-5.689116500293767e-07,2.572502386460871e-10,1.3533614131944487e-07,1.056165338095995e-07,9.92492180417946e-08,1.056165338095995e-07,2.2273297762773255e-07,2.2273297762773255e-07,-1.6453972436431942e-16,4.4546595730079916e-07,-3.098027552119404e-16,5.118981144839104e-19,-1.975339423667178e-15,4.454659632280311e-07,1.5134113035024813e-13,1.0228843932075002e-11,1.1953360609620659e-10,-4.5819982809463114e-11,-1.9137777912889353e-19,4.45157742604308e-07,1.0228843932075002e-11,1.1953360609620659e-10,-2.1574957076151664e-07,3.0821248394369136e-10,-2.2257845041142443e-07,-7.137092133850245e-09,-7.137092133694604e-09,-2.3948313395464563e-16,6.386770497612298e-09,1.9009346902095003e-20,-2.8034143735022725e-12,6.383543615732084e-09,3.4385935183793657e-12,7.169849754506786e-13,1.8744782927078816e-12,4.708085668814412e-21,2.3948281852384756e-16
1.4219999999999997,548,101324.99999999997,2.771e-08,0.066,0.29999999999999993,0.6339999999999998,0.22000000000000003,548.0,1e-11,1e-22,IdealGasReactor,off,0.6330205791187319,0.0,0.0,0.29401401129350524,0.010525401886691845,0.00350560300264765,2.541566918350639e-12,0.05893440469588194,0.0,0.0032045638562463647,5.2839852060363893e-11,0.5061770870668089,5.9860682748180604e-09,5.193869920900003e-08,1.0119637271022428e-07,7.938357660837764e-06,0.48957051970070536,5.502396676189652e-05,5.8597727317840525e-05,0.0008019690506301581,5.647766385344599e-06,3.520777628074622e-13,1.7529847945431182e-09,0.00011849158016615655,0.0,0.0,0.0,0.0,0.0,0.0,0.0,0.0,0.0,0.0,0.0,0.0,-3.3414098235867675e-07,6.682819645762603e-07,2.227606547662724e-07,1.6448670496669721e-16,-4.4552130971463166e-07,0.0,-9.706491757898428e-15,9.5843908926308e-22,-4.8037940042341975e-18,7.934053194922762e-21,-2.3444919067933372e-17,9.724997025663436e-20,-9.737901043219263e-20,-9.7121856060141e-15,-1.2529507292577622e-21,1.2754254056290514e-17,-4.0036450415329354e-21,4.0104818023867856e-21,-6.119913397156327e-22,-2.4765470839794334e-22,9.71703397328354e-15,4.3914530591885464e-07,3.3414098235867675e-07,6.49962139113488e-07,-6.682791642812787e-07,-5.685959310715014e-07,2.569496423979479e-10,1.35322067467954e-07,1.0552839324895253e-07,9.918747518730281e-08,1.0552839324895253e-07,2.2260715426558417e-07,2.2260715426558417e-07,-1.6448670496669721e-16,4.452143105747819e-07,-3.094065767637011e-16,5.113262863565389e-19,-1.9738819301009865e-15,4.4521431807886813e-07,1.5125563664110885e-13,1.0215596319392539e-11,1.1940417805061323e-10,-4.5737951204518275e-11,-1.9114841884631653e-19,4.4490635038537625e-07,1.0215596319392539e-11,1.1940417805061323e-10,-2.1562605915543407e-07,3.0795797645791174e-10,-2.2245269678981436e-07,-7.13459561083834e-09,-7.134595610740961e-09,-2.3935091078809026e-16,6.379227212464143e-09,1.898819420184063e-20,-2.800294981582258e-12,6.376003795777033e-09,3.4345313517412235e-12,7.165260394246554e-13,1.8724149421054813e-12,4.7029647015858016e-21,2.3935066313338186e-16
1.4309999999999998,548,101325.00000000003,2.771e-08,0.066,0.29999999999999993,0.6339999999999998,0.22000000000000003,548.0,1e-11,1e-22,IdealGasReactor,off,0.6330138134907078,0.0,0.0,0.29397880537090837,0.010589416483571671,0.0035269412322128557,2.5573274347116223e-12,0.05889102342004177,0.0,0.0032038489621262103,5.2799282092187515e-11,0.5063357012889192,5.984841051343594e-09,5.224096476147906e-08,1.0128703534524042e-07,7.947244358482508e-06,0.4894134608064273,5.5000984047509557e-05,5.854151919362361e-05,0.0008012645569857989,5.646169392189461e-06,3.517730682666076e-13,1.7533627055288802e-09,0.00011842714919456122,0.0,0.0,0.0,0.0,0.0,0.0,0.0,0.0,0.0,0.0,0.0,0.0,-3.339519644715764e-07,6.679039287522991e-07,2.2263464284038883e-07,1.644336821159377e-16,-4.4526928576242713e-07,0.0,3.933555439750536e-15,1.843980339539754e-21,-7.184847711067984e-18,1.0146547244099347e-20,2.63608299888563e-17,2.395515053953568e-20,-2.428023252026902e-20,3.877225665917343e-15,2.3809975899168007e-21,-9.001283664984691e-17,-9.113587606805859e-21,1.7371309851496427e-21,-7.642184025565348e-21,-2.8876220954267365e-22,-3.8699833630436305e-15,4.3890081608552803e-07,3.339519644715764e-07,6.495416828849965e-07,-6.679011315744696e-07,-5.682802001170351e-07,2.566492863751824e-10,1.3530794928934466e-07,1.0544027102801677e-07,9.912573250834331e-08,1.0544027102801677e-07,2.2248132693935878e-07,2.2248132693935878e-07,-1.644336821159377e-16,4.449626559206177e-07,-3.0901077389389604e-16,5.107549029176816e-19,-1.9724247486505944e-15,4.4496264983706624e-07,1.511701402386079e-13,1.0202360532801094e-11,1.192748442735606e-10,-4.56560407776534e-11,-1.9091925977704595e-19,4.446549501787267e-07,1.0202360532801094e-11,1.192748442735606e-10,-2.1550254393788094e-07,3.0770352832288504e-10,-2.2232693931206562e-07,-7.132098902507894e-09,-7.132098902483614e-09,-2.392187868832084e-16,6.371689630606006e-09,1.896705669168187e-20,-2.7971778295791955e-12,6.368469676899097e-09,3.4304722575627214e-12,7.160670689547835e-13,1.870353007587445e-12,4.697847119877945e-21,2.3921849812099884e-16
1.4399999999999997,548,101325.00000000004,2.771e-08,0.066,0.29999999999999993,0.6339999999999998,0.22000000000000003,548.0,1e-11,1e-22,IdealGasReactor,off,0.6330070518366593,0.0,0.0,0.2939436201274658,0.010653393479740562,0.003548266928189716,2.573082538621393e-12,0.05884766762537144,0.0,0.00320313359809961,5.2758731100285334e-11,0.506494326373729,5.98361333838151e-09,5.2542898165209485e-08,1.0137747660053101e-07,7.956118811328583e-06,0.48925639109419566,5.497799653712068e-05,5.84853470778544e-05,0.0008005604736161161,5.6445718999114176e-06,3.5146855617377906e-13,1.7537406887106427e-09,0.00011836271519433732,0.0,0.0,0.0,0.0,0.0,0.0,0.0,0.0,0.0,0.0,0.0,0.0,-3.3376294104125185e-07,6.675258819260216e-07,2.2250862721975623e-07,1.6438065583519477e-16,-4.450172546232524e-07,0.0,-1.93580862483854e-14,4.911556568745395e-22,-8.086009543648727e-18,1.6574803205743085e-21,-7.967615418347576e-18,-2.685359140592149e-19,2.697667588106938e-19,-1.934689701263534e-14,-3.843480781788613e-21,1.1222401408488047e-17,-1.403059837213646e-20,-1.1642050133801019e-21,1.7485434023388866e-21,3.1574722043119547e-22,1.9355048318191162e-14,4.386563133621218e-07,3.3376294104125185e-07,6.491212501735241e-07,-6.675230878631032e-07,-5.679644574189494e-07,2.563491706082938e-10,1.3529378678400013e-07,1.053521672224703e-07,9.90639900554772e-08,1.053521672224703e-07,2.2235549575029665e-07,2.2235549575029665e-07,-1.6438065583519477e-16,4.447109935407643e-07,-3.0861534652639637e-16,5.101839642076644e-19,-1.97096788030574e-15,4.447110106831076e-07,1.5108464121153538e-13,1.0189136572366637e-11,1.1914560478577086e-10,-4.5574251416504576e-11,-1.906903018971445e-19,4.4440354218828697e-07,1.0189136572366637e-11,1.1914560478577086e-10,-2.153790252097956e-07,3.074491397722965e-10,-2.2220117807998517e-07,-7.129602009960615e-09,-7.129602010230382e-09,-2.3908600785128137e-16,6.364157754075188e-09,1.8945934376896505e-20,-2.7940629182716947e-12,6.36094126113063e-09,3.426416236936374e-12,7.156080644952322e-13,1.868292489818229e-12,4.692732925617936e-21,2.390863235985018e-16
1.4489999999999998,548,101324.99999999999,2.771e-08,0.066,0.29999999999999993,0.6339999999999998,0.22000000000000003,548.0,1e-11,1e-22,IdealGasReactor,off,0.6330002941564451,0.0,0.0,0.29390845556244466,0.010717332876530705,0.003569580091022584,2.58883223021273e-12,0.0588043373109681,0.0,0.003202417764930739,5.271819910233099e-11,0.5066529622995068,5.9823851371274705e-09,5.2844499424884296e-08,1.0146769656143663e-07,7.96498101988068e-06,0.48909931058467915,5.495500424969629e-05,5.842921098557546e-05,0.000799856800732317,5.642973909363364e-06,3.5116422658320214e-13,1.754118743810952e-09,0.00011829827821718637,0.0,0.0,0.0,0.0,0.0,0.0,0.0,0.0,0.0,0.0,0.0,0.0,-3.33573912283388e-07,6.671478244473007e-07,2.2238260800508285e-07,1.6432762613144661e-16,-4.4476521640486167e-07,0.0,-2.910154298897751e-14,9.648472633054588e-21,-9.259752037720505e-17,-2.005258463400413e-20,-4.5607430253723734e-17,7.748498582804729e-19,-7.804614515560327e-19,-2.891523317050428e-14,-9.55130670692706e-21,1.3712045720404115e-16,-1.3119256938627884e-19,2.610261480729991e-20,-2.2440382495187116e-21,-7.43456455700665e-22,2.900860980596938e-14,4.38411797853153e-07,3.33573912283388e-07,6.487008414542767e-07,-6.671450334970518e-07,-5.676487033383458e-07,2.560492951764085e-10,1.3527957997804574e-07,1.0526408192802612e-07,9.900224789813238e-08,1.0526408192802612e-07,2.2222966084200148e-07,2.2222966084200148e-07,-1.6432762613144661e-16,4.4445932372245884e-07,-3.082202945791046e-16,5.09613470331776e-19,-1.969511326049525e-15,4.4445935043491147e-07,1.509991396574661e-13,1.0175924440086546e-11,1.1901645963061052e-10,-4.549258301758033e-11,-1.9046154518200944e-19,4.4415212661526377e-07,1.0175924440086546e-11,1.1901645963061052e-10,-2.1525550307148664e-07,3.0719481103789673e-10,-2.2207541319403934e-07,-7.127104933596209e-09,-7.127104932815747e-09,-2.3895488318057947e-16,6.356631586098036e-09,1.8924827266364647e-20,-2.7909502489695507e-12,6.3534185517086906e-09,3.42236329160545e-12,7.151490266368802e-13,1.866233389817909e-12,4.687622121643413e-21,2.3895413972412377e-16
1.4579999999999997,548,101324.99999999999,2.771e-08,0.066,0.29999999999999993,0.6339999999999998,0.22000000000000003,548.0,1e-11,1e-22,IdealGasReactor,off,0.6329935404499214,0.0,0.0,0.29387331167509584,0.010781234675304487,0.0035908807211651136,2.6045765096201176e-12,0.05876103247590852,0.0,0.0032017014621462227,5.267768609548146e-11,0.5068116088506983,5.981156446477216e-09,5.314576852511516e-08,1.0155769529602747e-07,7.973830986348485e-06,0.48894221949395816,5.493200718307194e-05,5.8373110909201736e-05,0.000799153538235268,5.641375421474424e-06,3.5086007950355897e-13,1.7544968712600587e-09,0.00011823383831632569,0.0,0.0,0.0,0.0,0.0,0.0,0.0,0.0,0.0,0.0,0.0,0.0,-3.3338487815569736e-07,6.667697560969645e-07,2.222565853030163e-07,1.6427459307736e-16,-4.44513170774126e-07,0.0,3.479361224447042e-14,2.945413345669734e-21,5.4263648909633845e-18,1.690377598977237e-20,5.0200889926683805e-17,-3.527627527518144e-19,3.2507867201088966e-19,3.484727696975578e-14,-4.819266532039745e-21,9.344877990357299e-18,1.377174294309243e-20,8.383578905801505e-21,-1.1995650684975607e-20,-2.7017649111146067e-22,-3.4852752980425825e-14,4.3816726922718107e-07,3.3338487815569736e-07,6.482804567036183e-07,-6.667669682571437e-07,-5.673329377997612e-07,2.557496599608417e-10,1.352653287939117e-07,1.0517601515936463e-07,9.894050602957568e-08,1.0517601515936463e-07,2.2210382218700924e-07,2.2210382218700924e-07,-1.6427459307736e-16,4.4420764641076573e-07,-3.078256179928792e-16,5.09043421130915e-19,-1.9680550868935837e-15,4.4420760936247916e-07,1.5091363555773902e-13,1.0162724130082823e-11,1.1888740875942376e-10,-4.5411035441497284e-11,-1.9023298960908872e-19,4.4390070367287287e-07,1.0162724130082823e-11,1.1888740875942376e-10,-2.1513197762634573e-07,3.069405423592728e-10,-2.2194964476062934e-07,-7.124607676670567e-09,-7.1246076769956456e-09,-2.3882221664521576e-16,6.349111125012089e-09,1.890373535430594e-20,-2.787839820820333e-12,6.345901546944891e-09,3.418313420661149e-12,7.146899554189931e-13,1.8641757071592456e-12,4.682514707088668e-21,2.3882194646872465e-16
1.4669999999999996,548,101324.99999999999,2.771e-08,0.066,0.29999999999999993,0.6339999999999998,0.22000000000000003,548.0,1e-11,1e-22,IdealGasReactor,off,0.6329867907169413,0.0,0.0,0.29383818846465687,0.010845098877447707,0.0036121688190803316,2.6203153769806214e-12,0.058717753119253514,0.0,0.003200984691802534,5.263719211866914e-11,0.5069702662079738,5.979927270025999e-09,5.3446705493257776e-08,1.0164747290901551e-07,7.982668709510797e-06,0.48878511763864435,5.490900537825477e-05,5.831704688714111e-05,0.0007984506866572548,5.63977643701801e-06,3.505561150354508e-13,1.7548750700416864e-09,0.0001181693955417475,0.0,0.0,0.0,0.0,0.0,0.0,0.0,0.0,0.0,0.0,0.0,0.0,-3.331958391426699e-07,6.663916780953808e-07,2.221305592077823e-07,1.6422155661131893e-16,-4.4426111901179516e-07,0.0,-1.0616655880582772e-14,-4.7808835819647e-21,-1.6572572309463626e-16,1.5403169357119904e-19,2.4375914156084255e-17,5.747647942712462e-19,-5.63522582566038e-19,-1.0158295452664507e-14,6.923548245880878e-20,2.653069658354322e-16,-2.8769780336501154e-19,-3.8500449527032974e-20,-4.8522811621298225e-20,-3.405814089641651e-21,1.0325284038605498e-14,4.3792272875662567e-07,3.331958391426699e-07,6.478600969161854e-07,-6.663888933637434e-07,-5.670171616191637e-07,2.5545026524525675e-10,1.3525103336616171e-07,1.0508796709643344e-07,9.887876459856116e-08,1.0508796709643344e-07,2.2197798010719732e-07,2.2197798010719732e-07,-1.6422155661131893e-16,4.4395596224946076e-07,-3.074313166596311e-16,5.08473816983086e-19,-1.9665991637871885e-15,4.439559702085205e-07,1.5082812913106115e-13,1.014953565248454e-11,1.1875845231085905e-10,-4.532960862191952e-11,-1.9000463515052352e-19,4.4364927354927756e-07,1.014953565248454e-11,1.1875845231085905e-10,-2.150084489711843e-07,3.066863339589114e-10,-2.2182387287383463e-07,-7.122110236597993e-09,-7.12211023603447e-09,-2.386931499998779e-16,6.341596379137408e-09,1.8882658664768716e-20,-2.784731637371098e-12,6.338390255169506e-09,3.4142666285861933e-12,7.142308520071292e-13,1.8621194443596035e-12,4.677410688621899e-21,2.3868974418578825e-16
1.4759999999999998,548,101324.99999999999,2.771e-08,0.066,0.29999999999999993,0.6339999999999998,0.22000000000000003,548.0,1e-11,1e-22,IdealGasReactor,off,0.6329800449573553,0.0,0.0,0.29380308593034615,0.010908925484382161,0.003633444385240496,2.636048832432269e-12,0.05867449924003965,0.0,0.003200267452237142,5.25967171493392e-11,0.5071289339687443,5.978697604458989e-09,5.374731029482511e-08,1.0173702945213077e-07,7.991494193231929e-06,0.48862800542337853,5.488599881279626e-05,5.8261018890079025e-05,0.0007977482456010203,5.638176956999942e-06,3.502523331439154e-13,1.7552533412685438e-09,0.00011810494994829882,0.0,0.0,0.0,0.0,0.0,0.0,0.0,0.0,0.0,0.0,0.0,0.0,-3.3300679495420004e-07,6.66013589753265e-07,2.2200452983203477e-07,1.6416851686937417e-16,-4.440090598321951e-07,0.0,-8.85839966873548e-16,4.1750135888604164e-22,-1.230174490042929e-18,-2.7712282037175955e-21,-9.043559019597351e-18,-5.397188060785995e-20,5.475356628672256e-20,-8.90971663044929e-16,-2.0075895609892892e-21,2.716589136612245e-18,-1.4931833863836073e-21,-5.273276405025551e-22,8.840146257953429e-22,1.381693060520507e-23,8.922139130143926e-16,4.3767817516223665e-07,3.3300679495420004e-07,6.474397615891028e-07,-6.660108081275694e-07,-5.667013743017533e-07,2.551511107210157e-10,1.3523669351751204e-07,1.0499993767613263e-07,9.881702352522898e-08,1.0499993767613263e-07,2.2185213441070203e-07,2.2185213441070203e-07,-1.6416851686937417e-16,4.437042708547038e-07,-3.070373905423482e-16,5.079046574753178e-19,-1.9651435577719093e-15,4.437042695482063e-07,1.507426202470663e-13,1.0136358993849959e-11,1.1862959014787923e-10,-4.524830238509183e-11,-1.8977648178578218e-19,4.433978364699081e-07,1.0136358993849959e-11,1.1862959014787923e-10,-2.1488491721264344e-07,3.0643218608428924e-10,-2.2169809764595128e-07,-7.119612619391342e-09,-7.1196126194460955e-09,-2.385575188491988e-16,6.334087342033129e-09,1.8861597177887374e-20,-2.781625695692068e-12,6.33088466995846e-09,3.4102229119240558e-12,7.137717159109635e-13,1.8600645996012395e-12,4.672310061819662e-21,2.385575326661294e-16
1.4849999999999997,548,101325.00000000004,2.771e-08,0.066,0.29999999999999993,0.6339999999999998,0.22000000000000003,548.0,1e-11,1e-22,IdealGasReactor,off,0.6329733031710109,0.0,0.0,0.2937680040713705,0.010972714497550369,0.0036547074201272707,2.6517768761160125e-12,0.05863127083728935,0.0,0.0031995497456627883,5.2556261228897126e-11,0.5072876123381861,5.977467453660219e-09,5.404758296079796e-08,1.0182636503335572e-07,8.000307436121673e-06,0.4884708826400685,5.486298753035341e-05,5.8205026959103464e-05,0.0007970462156359562,5.636576982184747e-06,3.4994873393459137e-13,1.755631683834685e-09,0.00011804050158570251,0.0,0.0,0.0,0.0,0.0,0.0,0.0,0.0,0.0,0.0,0.0,0.0,-3.3281774610684655e-07,6.656354920584243e-07,2.2187849726917394e-07,1.6411547378160474e-16,-4.4375699469555074e-07,0.0,-3.483942175494779e-15,4.302758111942878e-22,2.730206331512908e-18,-2.363423310126994e-21,-8.822906936837606e-18,4.8916152703935845e-20,-3.932747504322115e-20,-3.499663403126478e-15,-7.937967258634455e-22,-4.184668766340611e-18,6.12453168925428e-21,-9.61080474210049e-22,1.5470426254161986e-21,7.616096638349544e-23,3.4969104485956858e-15,4.3743360989532704e-07,3.3281774610684655e-07,6.470194517788933e-07,-6.656327135364247e-07,-5.663855767177641e-07,2.5485219669524236e-10,1.3522230939572715e-07,1.0491192708833286e-07,9.875528296777576e-08,1.0491192708833286e-07,2.2172628544070816e-07,2.2172628544070816e-07,-1.6411547378160474e-16,4.434525729129991e-07,-3.06643839528751e-16,5.073359430166091e-19,-1.963688269790511e-15,4.434525742169626e-07,1.5065710913893925e-13,1.0123194165232728e-11,1.185008224201293e-10,-4.516711666895199e-11,-1.8954852948600466e-19,4.4314639262109594e-07,1.0123194165232728e-11,1.185008224201293e-10,-2.147613824470676e-07,3.061780989562105e-10,-2.2157231917022732e-07,-7.117114822106336e-09,-7.1171148220670086e-09,-2.384252361256393e-16,6.32658402263423e-09,1.8840550919453598e-20,-2.778521999587264e-12,6.3233848002237e-09,3.406182275470135e-12,7.133125483645589e-13,1.8580111755736024e-12,4.667212833791407e-21,2.384253122866057e-16
1.4939999999999998,548,101325.00000000004,2.771e-08,0.066,0.29999999999999993,0.6339999999999998,0.22000000000000003,548.0,1e-11,1e-22,IdealGasReactor,off,0.6329665653577518,0.0,0.0,0.2937329428869195,0.0110364659184253,0.0036759579242316032,2.6674995081744712e-12,0.05858806791000437,0.0,0.003198831571977622,5.251582436049089e-11,0.5074463011581414,5.976236817213084e-09,5.4347523483829105e-08,1.019154797277925e-07,8.00910843996155e-06,0.4883137494469238,5.483997153509631e-05,5.814907109316285e-05,0.0007963445967530443,5.63497651348311e-06,3.4964531742879763e-13,1.756010097960153e-09,0.00011797605050677432,0.0,0.0,0.0,0.0,0.0,0.0,0.0,0.0,0.0,0.0,0.0,0.0,-3.326286926351373e-07,6.652573851412605e-07,2.2175246162427193e-07,1.6406242740122251e-16,-4.43504923313411e-07,0.0,1.2008819727440224e-13,-4.5944948938605435e-21,8.044854430779805e-18,4.3293679103825026e-20,-3.496287308469735e-17,-1.875754461694648e-18,1.7545725019556295e-18,1.199522212191862e-13,6.383077369855064e-20,-9.083220089311473e-17,-7.759417819254827e-21,-3.801980589235138e-21,-2.493348082936611e-20,-9.555891619756315e-22,-1.1996036836376505e-13,4.371890326677159e-07,3.326286926351373e-07,6.465991676101468e-07,-6.652546097207117e-07,-5.66069768921761e-07,2.545535231065356e-10,1.3520788095444767e-07,1.048239353716745e-07,9.869354294214439e-08,1.048239353716745e-07,2.2160043322067374e-07,2.2160043322067374e-07,-1.6406242740122251e-16,4.432008684712412e-07,-3.0625066355084958e-16,5.067676735238222e-19,-1.9622333008442272e-15,4.4320074632508977e-07,1.5057159582261923e-13,1.0110041163020384e-11,1.1837214910572247e-10,-4.508605134464502e-11,-1.8932077822693464e-19,4.4289494221264693e-07,1.0110041163020384e-11,1.1837214910572247e-10,-2.1463784477711486e-07,3.059240728112e-10,-2.2144653755133954e-07,-7.114616847157072e-09,-7.114616848911644e-09,-2.382940386630435e-16,6.31908642067072e-09,1.881951988793496e-20,-2.7754205488308656e-12,6.315890645695111e-09,3.40214471907962e-12,7.128533495716081e-13,1.855959172268614e-12,4.662119004744214e-21,2.3829308307388153e-16
1.5029999999999997,548,101324.99999999996,2.771e-08,0.066,0.29999999999999993,0.6339999999999998,0.22000000000000003,548.0,1e-11,1e-22,IdealGasReactor,off,0.6329598315174197,0.0,0.0,0.293697902376168,0.011100179748507537,0.0036971958980537714,2.6832167287523115e-12,0.05854489045716783,0.0,0.0031981129316966945,5.247540655739492e-11,0.5076050003671718,5.975005695845981e-09,5.464713186734554e-08,1.0200437361966483e-07,8.017897205697989e-06,0.4881566059046457,5.4816950841718294e-05,5.8093151302331206e-05,0.0007956433890962856,5.633375551766419e-06,3.493420836698605e-13,1.7563885835116826e-09,0.00011791159676345273,0.0,0.0,0.0,0.0,0.0,0.0,0.0,0.0,0.0,0.0,0.0,0.0,-3.324396347018511e-07,6.64879269222681e-07,2.2162642299868935e-07,1.6400937774866147e-16,-4.4325284616411497e-07,0.0,5.508816261466677e-15,2.530348005655296e-21,1.581833267684411e-18,-2.4860600605695955e-20,1.7035738393415302e-17,-9.640293730938006e-20,9.431513344329622e-20,5.52846032697896e-15,-4.211903108820932e-21,4.312456269353535e-18,2.280458996729487e-21,1.261243638990229e-21,2.334875031143923e-21,2.2079135593404754e-22,-5.5300437880205235e-15,4.3694444395558484e-07,3.324396347018511e-07,6.46178909455131e-07,-6.648764969013367e-07,-5.657539511852774e-07,2.5425508999090443e-10,1.3519340819910971e-07,1.0473596260498824e-07,9.863180350212271e-08,1.0473596260498824e-07,2.214745778591061e-07,2.214745778591061e-07,-1.6400937774866147e-16,4.4294915774636376e-07,-3.0585786252808305e-16,5.061998490436443e-19,-1.9607786519178054e-15,4.4294915002573987e-07,1.5048608037183391e-13,1.0096899987475422e-11,1.182435702281724e-10,-4.5005106301005073e-11,-1.8909322798268564e-19,4.4264348544790254e-07,1.0096899987475422e-11,1.182435702281724e-10,-2.1451430430317435e-07,3.0567010788111654e-10,-2.2132075289080615e-07,-7.112118695514998e-09,-7.112118695609313e-09,-2.3816062435640605e-16,6.311594538284349e-09,1.8798504089024523e-20,-2.772321344262618e-12,6.308402208530124e-09,3.398110243912538e-12,7.123941200100244e-13,1.8539085903917415e-12,4.6570285767103065e-21,2.38160845147762e-16
1.5119999999999996,548,101325.00000000003,2.771e-08,0.066,0.29999999999999993,0.6339999999999998,0.22000000000000003,548.0,1e-11,1e-22,IdealGasReactor,off,0.6329531016498529,0.0,0.0,0.29366288253827577,0.011163855989324446,0.0037184213421033755,2.6989285379963367e-12,0.05850173847774461,0.0,0.0031973938251925282,5.243500783051486e-11,0.5077637098812253,5.9737740900223136e-09,5.494640811291321e-08,1.0209304679185393e-07,8.026673734511366e-06,0.48799945209673135,5.479392546247431e-05,5.8037267594066284e-05,0.0007949425927736357,5.631774097918166e-06,3.4903903269588136e-13,1.7567671404387885e-09,0.00011784714040795254,0.0,0.0,0.0,0.0,0.0,0.0,0.0,0.0,0.0,0.0,0.0,0.0,-3.322505724399717e-07,6.645011447159974e-07,2.215003814954293e-07,1.6395632485201887e-16,-4.430007631504718e-07,0.0,-1.9937687994523438e-16,8.552316194814985e-23,1.0691120272425893e-17,-3.8178218535602623e-22,7.612708613448024e-20,7.411538288475128e-22,-7.916118462132475e-22,-2.0372941664734349e-16,9.430050834076665e-22,6.416610078372969e-18,1.6881484431236138e-20,1.1296185240177284e-22,-7.982338433341329e-23,-1.1067188977368166e-24,1.9295202466339753e-16,4.36699843660163e-07,3.322505724399717e-07,6.45758677628749e-07,-6.64498375491611e-07,-5.654381237294983e-07,2.5395689736140925e-10,1.351788911231858e-07,1.0464800885770216e-07,9.857006469270257e-08,1.0464800885770216e-07,2.2134871944477803e-07,2.2134871944477803e-07,-1.6395632485201887e-16,4.4269744091599587e-07,-3.054654363824088e-16,5.056324695920767e-19,-1.9593243239992768e-15,4.426974389293292e-07,1.504005628469021e-13,1.0083770637939157e-11,1.181150858003004e-10,-4.492428142273602e-11,-1.888658787274921e-19,4.4239202253197826e-07,1.0083770637939157e-11,1.181150858003004e-10,-2.1439076112691914e-07,3.054162043989415e-10,-2.211949652910303e-07,-7.109620368510165e-09,-7.109620368509373e-09,-2.380285997131977e-16,6.3041083770781e-09,1.8777503526711093e-20,-2.769224386471049e-12,6.30091949030879e-09,3.3940788508201796e-12,7.119348600939985e-13,1.8518594304797555e-12,4.651941551291627e-21,2.380285986064788e-16
1.5209999999999995,548,101324.99999999999,2.771e-08,0.066,0.29999999999999993,0.6339999999999998,0.22000000000000003,548.0,1e-11,1e-22,IdealGasReactor,off,0.6329463757548873,0.0,0.0,0.2936278833723854,0.011227494642435772,0.003739634256899284,2.714634936054783e-12,0.058458611970677817,0.0,0.003196674253044793,5.2394628194112945e-11,0.5079224296486984,5.9725420005895055e-09,5.5245352226092386e-08,1.0218149933052089e-07,8.035438027307646e-06,0.4878422880739654,5.477089541315116e-05,5.7981419979494696e-05,0.0007942422079437571,5.630172152807976e-06,3.4873616455207197e-13,1.7571457685718783e-09,0.0001177826814921504,0.0,0.0,0.0,0.0,0.0,0.0,0.0,0.0,0.0,0.0,0.0,0.0,-3.3206150602537343e-07,6.641230119828467e-07,2.2137433721584937e-07,1.6390326872839467e-16,-4.427486745773558e-07,0.0,-9.695334022840458e-15,-1.2360056528868846e-21,4.308331223022801e-18,1.0246657116632823e-20,-9.596904468214904e-17,9.611441671172156e-19,-9.590861417531837e-19,-9.80863245668784e-15,1.0537848127547885e-20,-1.391015613562388e-17,4.163495675424891e-21,-3.2746012499442983e-21,8.533714690331354e-21,-8.204431967986689e-22,9.804273257200993e-15,4.3645523208394287e-07,3.3206150602537343e-07,6.453384725285141e-07,-6.641202458531703e-07,-5.6512228684818e-07,2.536589452632854e-10,1.3516432973757226e-07,1.045600742126544e-07,9.850832657153417e-08,1.045600742126544e-07,2.2122285809489782e-07,2.2122285809489782e-07,-1.6390326872839467e-16,4.424457182145134e-07,-3.0507338503113e-16,5.050655352278681e-19,-1.9578703180705207e-15,4.4244572583451713e-07,1.5031504332746366e-13,1.0070653115032223e-11,1.1798669584997027e-10,-4.484357660039644e-11,-1.8863873043482155e-19,4.421405536676481e-07,1.0070653115032223e-11,1.1798669584997027e-10,-2.1426721534887088e-07,3.0516236259577075e-10,-2.2106917485325565e-07,-7.1071218669784896e-09,-7.1071218660194034e-09,-2.3789716402258546e-16,6.296627939424724e-09,1.8756518207372564e-20,-2.7661296763969666e-12,6.293442493412933e-09,3.3900505410841885e-12,7.114755703294696e-13,1.8498116933055545e-12,4.646857930693405e-21,2.3789634357938866e-16
1.5299999999999996,548,101324.99999999997,2.771e-08,0.066,0.29999999999999993,0.6339999999999998,0.22000000000000003,548.0,1e-11,1e-22,IdealGasReactor,off,0.6329396538323547,0.0,0.0,0.29359290487762596,0.01129109570942469,0.0037608346429697237,2.7303359230784537e-12,0.05841551093489447,0.0,0.0031959542156651866,5.235426765964069e-11,0.5080811595914511,5.971309428081968e-09,5.554396420987416e-08,1.0226973131982943e-07,8.044190085240767e-06,0.48768511391388486,5.4747860706667555e-05,5.7925608466633244e-05,0.0007935422347226979,5.62856971731743e-06,3.48433479277327e-13,1.7575244678383525e-09,0.00011771822006816858,0.0,0.0,0.0,0.0,0.0,0.0,0.0,0.0,0.0,0.0,0.0,0.0,-3.3187243559885347e-07,6.63744871033868e-07,2.2124829026230097e-07,1.6385020940388143e-16,-4.42496580689333e-07,0.0,-6.593402068739755e-18,-3.2167304939182666e-23,-7.765385433014989e-19,6.27974522666418e-22,-1.7575933655526732e-20,1.2467266192399233e-20,-1.252930473834071e-20,-5.711199056200925e-18,-1.6033460321275194e-22,9.971797024293715e-20,-1.125886113841653e-21,1.27179019180028e-22,-4.049402659988334e-23,-4.177898073054579e-25,6.493536294892287e-18,4.3621060946978565e-07,3.3187243559885347e-07,6.449182944840915e-07,-6.637421079966533e-07,-5.648064407757057e-07,2.533612337146266e-10,1.3514972403909713e-07,1.0447215874164046e-07,9.844658918590717e-08,1.0447215874164046e-07,2.210969939034018e-07,2.210969939034018e-07,-1.6385020940388143e-16,4.421939898298172e-07,-3.0468170839432494e-16,5.044990459734199e-19,-1.956416635117195e-15,4.421939876486647e-07,1.502295218773458e-13,1.0057547418291997e-11,1.1785840039243077e-10,-4.476299171966191e-11,-1.8841178307822915e-19,4.418890790594674e-07,1.0057547418291997e-11,1.1785840039243077e-10,-2.1414366707015106e-07,3.0490858270373213e-10,-2.209433816795972e-07,-7.104623192149928e-09,-7.104623192137399e-09,-2.3776408058819303e-16,6.289153227028901e-09,1.873554813537569e-20,-2.76303721468442e-12,6.285971219547354e-09,3.386025315621668e-12,7.110162511474117e-13,1.8477653794433445e-12,4.641777716613243e-21,2.377640801704032e-16
1.5389999999999995,548,101325.00000000003,2.771e-08,0.066,0.29999999999999993,0.6339999999999998,0.22000000000000003,548.0,1e-11,1e-22,IdealGasReactor,off,0.6329329358820854,0.0,0.0,0.2935579470531109,0.011354659191903082,0.0037820225008522355,2.746031499220054e-12,0.05837243536930225,0.0,0.0031952337136186594,5.2313926241035735e-11,0.508239899655293,5.970076373318468e-09,5.5842244070664865e-08,1.0235774284666054e-07,8.052929909279667e-06,0.48752792966988184,5.472482135855043e-05,5.7869833066214324e-05,0.0007928426732639105,5.626966792318937e-06,3.481309769158072e-13,1.7579032380778344e-09,0.00011765375618790508,0.0,0.0,0.0,0.0,0.0,0.0,0.0,0.0,0.0,0.0,0.0,0.0,-3.3168336133287276e-07,6.633667225291382e-07,2.2112224073634428e-07,1.6379714689645434e-16,-4.422444817168124e-07,0.0,-1.4805176912927117e-14,4.735153525464488e-22,-3.1094438761418286e-17,-6.031432984570561e-21,-2.7453290732577535e-17,5.458068553869898e-20,-6.602059341030735e-20,-1.4751978748940098e-14,-7.075180115392393e-22,4.903961597933667e-17,-4.976758287547182e-20,-3.521876554309369e-21,4.9032653982638676e-21,2.0916511203068288e-22,1.478333746602175e-14,4.359659760458075e-07,3.3168336133287276e-07,6.444981438862937e-07,-6.633639625821359e-07,-5.644905858000392e-07,2.5306376275725453e-10,1.3513507403746914e-07,1.0438426252632645e-07,9.838485259245548e-08,1.0438426252632645e-07,2.2097112698523588e-07,2.2097112698523588e-07,-1.6379714689645434e-16,4.4194225599176835e-07,-3.042904063886485e-16,5.039330018826041e-19,-1.9549632761201994e-15,4.4194226855864827e-07,1.5014399857465115e-13,1.0044453548194832e-11,1.177301994540099e-10,-4.468252667052341e-11,-1.881850366306731e-19,4.416375989103572e-07,1.0044453548194832e-11,1.177301994540099e-10,-2.14020116391441e-07,3.0465486495361837e-10,-2.2081758587137923e-07,-7.1021243449032775e-09,-7.102124344837257e-09,-2.3763159934128654e-16,6.281684242188287e-09,1.8714593316846134e-20,-2.7599470022371807e-12,6.278505671004914e-09,3.3820031756666294e-12,7.105569030464859e-13,1.845720489640994e-12,4.6367009111924195e-21,2.3763180850639857e-16
1.5479999999999996,548,101325.00000000003,2.771e-08,0.066,0.29999999999999993,0.6339999999999998,0.22000000000000003,548.0,1e-11,1e-22,IdealGasReactor,off,0.6329262219039057,0.0,0.0,0.29352300989793767,0.011418185091512469,0.003803197831093641,2.761721664634065e-12,0.05832938527278876,0.0,0.00319451274707435,5.227360394567948e-11,0.5083986497235845,5.968842836381602e-09,5.6140191808168035e-08,1.0244553399236939e-07,8.061657500939818e-06,0.48737073545830434,5.470177737758373e-05,5.7814093781748113e-05,0.0007921435236217677,5.6253633787121416e-06,3.4782865749718427e-13,1.7582820793589214e-09,0.00011758928990385026,0.0,0.0,0.0,0.0,0.0,0.0,0.0,0.0,0.0,0.0,0.0,0.0,-3.3149428331755973e-07,6.629885664673291e-07,2.209961887415832e-07,1.6374408124525313e-16,-4.4199237765130083e-07,0.0,-8.415786582540853e-15,-1.5197298754118761e-21,-6.922726962691873e-19,3.829130158085708e-21,4.054534960269522e-18,-2.183756817139993e-19,2.1444657380437242e-19,-8.40756429144679e-15,-1.0035946193461749e-20,3.715977741664702e-18,6.916653657105054e-21,5.231762278033046e-21,-2.0451472457952824e-21,1.8556699709497882e-22,8.408246135701935e-15,4.3572133180279273e-07,3.3149428331755973e-07,6.440780209668368e-07,-6.629858096082899e-07,-5.64174722069862e-07,2.5276653236999384e-10,1.3512037970921728e-07,1.0429638562257286e-07,9.832311682352679e-08,1.0429638562257286e-07,2.208452574007509e-07,2.208452574007509e-07,-1.6374408124525313e-16,4.41690516821094e-07,-3.0389947893800622e-16,5.033674029251246e-19,-1.953510242070961e-15,4.4169052304532386e-07,1.5005847346038653e-13,1.0031371502710076e-11,1.176020930317191e-10,-4.460218133163095e-11,-1.8795849106575396e-19,4.4138611342749874e-07,1.0031371502710076e-11,1.176020930317191e-10,-2.1389656341454804e-07,3.044012095789833e-10,-2.206917875320003e-07,-7.0996253270351645e-09,-7.099625327249611e-09,-2.3749934308750666e-16,6.2742209856279434e-09,1.8693653753237837e-20,-2.7568590392697508e-12,6.271045848508085e-09,3.3779841216079242e-12,7.100975263495131e-13,1.843677024185066e-12,4.631627515392721e-21,2.3749952865450375e-16
1.5569999999999995,548,101324.99999999997,2.771e-08,0.066,0.29999999999999993,0.6339999999999998,0.22000000000000003,548.0,1e-11,1e-22,IdealGasReactor,off,0.6329195118976393,0.0,0.0,0.29348809341118864,0.011481673409921069,0.0038243606342500867,2.7774064194771198e-12,0.0582863606442235,0.0,0.003193791316805879,5.2233300790854745e-11,0.5085574097746663,5.967608818476114e-09,5.643780743329025e-08,1.0253310484784973e-07,8.07037286095004e-06,0.48721353129974837,5.467872878283844e-05,5.775839062760501e-05,0.0007914447859999994,5.62375947735755e-06,3.4752652107261203e-13,1.7586609914012935e-09,0.00011752482126760326,0.0,0.0,0.0,0.0,0.0,0.0,0.0,0.0,0.0,0.0,0.0,0.0,-3.3130520176836924e-07,6.626104033479884e-07,2.208701343785353e-07,1.6369101245722828e-16,-4.4174026891698543e-07,0.0,-1.135196934115835e-15,1.8959436587019338e-21,5.3244978265827295e-18,-1.5490100347455594e-20,2.5101927270999597e-17,1.7610344369008938e-19,-1.881819349945887e-19,-1.113722124347709e-15,1.1299351790959714e-21,1.5923651008476432e-18,1.172787294963088e-20,-5.47805530542071e-21,-1.403246966271493e-21,-1.8355058204374956e-22,1.108372033676255e-15,4.3547667716184544e-07,3.3130520176836924e-07,6.436579261993246e-07,-6.626076495746614e-07,-5.638588499458622e-07,2.524695426265043e-10,1.351056410815974e-07,1.0420852812539739e-07,9.826138194841947e-08,1.0420852812539739e-07,2.2071938529338122e-07,2.2071938529338122e-07,-1.6369101245722828e-16,4.4143877260464336e-07,-3.0350892595400536e-16,5.028022491970798e-19,-1.9520575339433217e-15,4.414387715367951e-07,1.4997294663201173e-13,1.0018301283572834e-11,1.174740811667849e-10,-4.452195559878393e-11,-1.877321463554153e-19,4.411346228116144e-07,1.0018301283572834e-11,1.174740811667849e-10,-2.137730082395893e-07,3.0414761680869416e-10,-2.2056598676171454e-07,-7.097126138946004e-09,-7.097126138757822e-09,-2.373674243234167e-16,6.266763460425087e-09,1.8672729453041652e-20,-2.7537733270346008e-12,6.263591755140015e-09,3.3739681551045822e-12,7.096381216470092e-13,1.8416349840569025e-12,4.626557531953145e-21,2.3736724077283466e-16
1.5659999999999996,548,101325.0,2.771e-08,0.066,0.29999999999999993,0.6339999999999998,0.22000000000000003,548.0,1e-11,1e-22,IdealGasReactor,off,0.6329128058631068,0.0,0.0,0.2934531975919311,0.011545124148824956,0.0038455109108870293,2.7930857639078583e-12,0.058243361482457054,0.0,0.0031930694232548827,5.2193016788340365e-11,0.5087161797345569,5.96637432018966e-09,5.6735090951573476e-08,1.0262045549940942e-07,8.07907599049882e-06,0.4870563172675574,5.465567558773499e-05,5.770272361209001e-05,0.0007907464605191281,5.6221550891377735e-06,3.472245676810239e-13,1.7590399741166604e-09,0.00011746035033123443,0.0,0.0,0.0,0.0,0.0,0.0,0.0,0.0,0.0,0.0,0.0,0.0,-3.311161168316554e-07,6.622322334801278e-07,2.2074407774931795e-07,1.636379405570622e-16,-4.4148815567153735e-07,0.0,3.076972846179905e-15,-1.0361820958937057e-21,-4.1241556822100636e-18,1.7032492710773208e-20,1.9501663061109384e-17,2.3322522807055126e-19,-2.3232029248041825e-19,3.106011034818469e-15,1.258942134143803e-20,5.105844165238194e-18,-7.525585815430877e-21,2.88169045898161e-22,1.4299231916595547e-21,9.45370942343449e-23,-3.1018622418002183e-15,4.352320122788739e-07,3.311161168316554e-07,6.432378599239486e-07,-6.622294827902616e-07,-5.635429696718771e-07,2.521727935475297e-10,1.3509085815407314e-07,1.0412069010817162e-07,9.819964801606611e-08,1.0412069010817162e-07,2.2059351076078002e-07,2.2059351076078002e-07,-1.636379405570622e-16,4.411870235377282e-07,-3.0311874735423247e-16,5.02237540723789e-19,-1.950605152719727e-15,4.4118701825190954e-07,1.4988741815587942e-13,1.0005242890411749e-11,1.1734616387581165e-10,-4.4441849358255457e-11,-1.8750600247207577e-19,4.40883127266898e-07,1.0005242890411749e-11,1.1734616387581165e-10,-2.1364945096751468e-07,3.038940868737843e-10,-2.2044018366244508e-07,-7.094626781803271e-09,-7.0946267815709505e-09,-2.372348504322816e-16,6.259311668355549e-09,1.8651820420822983e-20,-2.7506898662052334e-12,6.2561433926634664e-09,3.36995527710529e-12,7.091786893819836e-13,1.8395943698501863e-12,4.621490962621025e-21,2.3723494496937584e-16
1.5749999999999995,548,101325.00000000004,2.771e-08,0.066,0.29999999999999993,0.6339999999999998,0.22000000000000003,548.0,1e-11,1e-22,IdealGasReactor,off,0.6329061038001258,0.0,0.0,0.29341832243921667,0.011608537309948532,0.0038666486615792227,2.8087596980868626e-12,0.05820038778632082,0.0,0.003192347066761733,5.2152751948210055e-11,0.5088749595130779,5.965139341920884e-09,5.703204236717707e-08,1.0270758603227721e-07,8.087766890932135e-06,0.48689909345140164,5.4632617803962293e-05,5.7647092741616184e-05,0.000790048547273822,5.6205502149440776e-06,3.4692279735749313e-13,1.759419027476089e-09,0.00011739587714699018,0.0,0.0,0.0,0.0,0.0,0.0,0.0,0.0,0.0,0.0,0.0,0.0,-3.3092702863261606e-07,6.618540570734732e-07,2.2061801895674466e-07,1.6358486557492446e-16,-4.412360380522673e-07,0.0,-1.1794062739552612e-14,1.1560607729533815e-21,9.171769524074877e-18,-1.705415459808964e-21,2.824611357120756e-17,2.407161756978315e-19,-2.574913985204069e-19,-1.1790435112506481e-14,3.868965760058007e-21,-1.555187822514706e-17,1.3270444834697585e-20,3.403279533984579e-21,-1.8563361397760783e-21,-1.9016227733146608e-23,1.1781194839287268e-14,4.349873372898371e-07,3.3092702863261606e-07,6.428178224398586e-07,-6.618513094648159e-07,-5.632270814559228e-07,2.518762851373581e-10,1.3507603091759967e-07,1.0403287163758994e-07,9.813791506914608e-08,1.0403287163758994e-07,2.204676338865356e-07,2.204676338865356e-07,-1.6358486557492446e-16,4.4093526978753346e-07,-3.0272894305782513e-16,5.016732775085145e-19,-1.9491530993850947e-15,4.409352793999233e-07,1.4980188808878562e-13,9.992196322197814e-12,1.1721834116776727e-10,-4.436186249338826e-11,-1.8728005938815507e-19,4.406316269987225e-07,9.992196322197814e-12,1.1721834116776727e-10,-2.1352589169972752e-07,3.036406200059513e-10,-2.2031437833672193e-07,-7.0921272570171385e-09,-7.092127256759647e-09,-2.3710266035295073e-16,6.251865610760765e-09,1.8630926659927593e-20,-2.74760865727524e-12,6.2487007624302416e-09,3.36594548833739e-12,7.087192299522254e-13,1.8375551820381754e-12,4.616427808835989e-21,2.37102641336723e-16
1.5839999999999996,548,101324.99999999996,2.771e-08,0.066,0.29999999999999993,0.6339999999999998,0.22000000000000003,548.0,1e-11,1e-22,IdealGasReactor,off,0.6328994057085118,0.0,0.0,0.29338346795208176,0.011671912895044038,0.0038877738869107286,2.824428222176726e-12,0.058157439554627384,0.0,0.003191624247913007,5.2112506284488144e-11,0.5090337490591864,5.963903884524404e-09,5.7328661689226154e-08,1.0279449653587391e-07,8.096445563289038e-06,0.486741859901503,5.46095554473643e-05,5.759149802689548e-05,0.0007893510464180787,5.61894485564918e-06,3.4662121014513174e-13,1.7597981513084044e-09,0.0001173314017666406,0.0,0.0,0.0,0.0,0.0,0.0,0.0,0.0,0.0,0.0,0.0,0.0,-3.307379373473508e-07,6.614758746575228e-07,2.2049195810235178e-07,1.6353178752772446e-16,-4.4098391750292437e-07,0.0,1.1462524537045062e-13,1.1777258806231654e-20,1.3772111824415122e-17,-1.35717367916887e-19,-1.264831948487484e-16,1.9010595709938703e-18,-2.264949557345748e-18,1.156358424543887e-13,2.0564111844783306e-19,1.1488337331382215e-15,-1.1912890513270083e-19,-1.6615473566776098e-21,2.4367056099637172e-20,-4.315877013066526e-21,-1.1564936424072148e-13,4.3474265363618175e-07,3.307379373473508e-07,6.423978141441285e-07,-6.614731301278216e-07,-5.62911185591966e-07,2.515800174381253e-10,1.3506115938386862e-07,1.0394507279609471e-07,9.807618316527599e-08,1.0394507279609471e-07,2.2034175478792372e-07,2.2034175478792372e-07,-1.6353178752772446e-16,4.4068351158857496e-07,-3.0233951297789395e-16,5.011094596045312e-19,-1.9477013749135777e-15,4.4068339377645316e-07,1.4971635651041607e-13,9.979161579399236e-12,1.1709061306930498e-10,-4.428199489433441e-11,-1.8705431707481117e-19,4.40380122209383e-07,9.979161579399236e-12,1.1709061306930498e-10,-2.1340233053692167e-07,3.0338721643440555e-10,-2.2018857088555348e-07,-7.08962756543012e-09,-7.0896275631651706e-09,-2.36974645881352e-16,6.244425289941276e-09,1.861004817651637e-20,-2.7445297011535196e-12,6.2412638667426054e-09,3.3619387900349796e-12,7.082597438638418e-13,1.835517421371971e-12,4.611368072748143e-21,2.3697033000433895e-16
1.5929999999999995,548,101325.0,2.771e-08,0.066,0.29999999999999993,0.6339999999999998,0.22000000000000003,548.0,1e-11,1e-22,IdealGasReactor,off,0.6328927115880759,0.0,0.0,0.2933486341295472,0.011735250905891483,0.003908886587474907,2.8400913363420488e-12,0.05811451678617041,0.0,0.0031909009672019925,5.2072279809828184e-11,0.5091925483053344,5.962667948683697e-09,5.762494892536421e-08,1.0288118709841498e-07,8.105112008732277e-06,0.4865846166847049,5.458648853232887e-05,5.7535939477207106e-05,0.000788653958085756,5.617339012141807e-06,3.4631980608543384e-13,1.7601773454960578e-09,0.00011726692424245259,0.0,0.0,0.0,0.0,0.0,0.0,0.0,0.0,0.0,0.0,0.0,0.0,-3.3054884313243343e-07,6.610976860601059e-07,2.2036589528751627e-07,1.634787064379584e-16,-4.407317907234904e-07,0.0,2.45237828880607e-14,-4.0870544764276245e-21,4.188090987408344e-18,4.74365783134285e-20,4.130185590371172e-17,-3.2925758846550756e-19,3.376021864849425e-19,2.4549712770185306e-14,1.651939591258805e-20,-1.0801509263097243e-17,-5.35739760370664e-21,7.892078525580152e-21,-1.0425757292414042e-20,1.3455782322375736e-22,-2.45539574484809e-14,4.344979580159702e-07,3.3054884313243343e-07,6.419778353974631e-07,-6.610949446071073e-07,-5.625952823416092e-07,2.5128399047824055e-10,1.3504624355666215e-07,1.0385729366048971e-07,9.801445235660129e-08,1.0385729366048971e-07,2.20215873569604e-07,2.20215873569604e-07,-1.634787064379584e-16,4.404317491502625e-07,-3.0195045703162333e-16,5.005460870477962e-19,-1.9462499802928418e-15,4.404317224260268e-07,1.4963082349188413e-13,9.96613866194773e-12,1.1696297960062633e-10,-4.420224644896041e-11,-1.8682877550468614e-19,4.40128613103594e-07,9.96613866194773e-12,1.1696297960062633e-10,-2.1327876757943628e-07,3.031338763902521e-10,-2.2006276141113437e-07,-7.0871277080799914e-09,-7.087127708417594e-09,-2.3683787653015005e-16,6.236990707853068e-09,1.8589184975707306e-20,-2.7414529985948054e-12,6.233832707520218e-09,3.357935183245457e-12,7.078002315830114e-13,1.833481088499901e-12,4.6063117562450314e-21,2.368380110879733e-16
1.6019999999999996,548,101325.0,2.771e-08,0.066,0.29999999999999993,0.6339999999999998,0.22000000000000003,548.0,1e-11,1e-22,IdealGasReactor,off,0.6328860214386275,0.0,0.0,0.29331382097061887,0.011798551344298707,0.003929986763874423,2.8557490407494454e-12,0.058071619479724806,0.0,0.0031901772250697933,5.2032072535677177e-11,0.5093513571780494,5.9614315349805506e-09,5.792090408322246e-08,1.0296765780812233e-07,8.113766228546425e-06,0.4864273638738487,5.4563417072150686e-05,5.748041710034984e-05,0.0007879572823914101,5.615732685301951e-06,3.460185852148048e-13,1.7605566099533983e-09,0.0001172024446262391,0.0,0.0,0.0,0.0,0.0,0.0,0.0,0.0,0.0,0.0,0.0,0.0,-3.30359746133455e-07,6.607194920961095e-07,2.202398306150068e-07,1.6342562233013823e-16,-4.404796614159421e-07,0.0,3.773047191145295e-15,-1.686407940247939e-21,-8.791738669610019e-18,2.0519410700102943e-20,7.296024170293323e-18,-1.1522295060618654e-19,1.150054021050851e-19,3.8028119553815906e-15,3.0213599861905456e-23,1.3672475098447111e-17,-1.7122498527663808e-20,-1.820624528229214e-21,-3.637132459730938e-21,-4.807822211737772e-23,-3.7939583822228074e-15,4.3425325412947604e-07,3.30359746133455e-07,6.415578865371009e-07,-6.607167537175593e-07,-5.622793719469108e-07,2.509882042751381e-10,1.350312834355589e-07,1.0376953430333219e-07,9.795272269159702e-08,1.0376953430333219e-07,2.2008999032844586e-07,2.2008999032844586e-07,-1.6342562233013823e-16,4.401799826662324e-07,-3.015617751326911e-16,4.999831598578083e-19,-1.9447989164944656e-15,4.401799766906578e-07,1.4954528909901e-13,9.953127569316962e-12,1.1683544077698381e-10,-4.4122617042950924e-11,-1.8660343464800722e-19,4.3987709988451347e-07,9.953127569316962e-12,1.1683544077698381e-10,-2.1315520292883907e-07,3.0288060010269295e-10,-2.199369500149039e-07,-7.084627686167748e-09,-7.084627686282754e-09,-2.367057327729335e-16,6.2295618661556616e-09,1.856833706184268e-20,-2.7383785502399646e-12,6.2264072864660825e-09,3.353934668870776e-12,7.073406935498645e-13,1.8314461839933427e-12,4.601258861017203e-21,2.3670568469471136e-16
1.6109999999999995,548,101325.00000000004,2.771e-08,0.066,0.29999999999999993,0.6339999999999998,0.22000000000000003,548.0,1e-11,1e-22,IdealGasReactor,off,0.6328793352599722,0.0,0.0,0.2932790284742869,0.011861814212101994,0.00395107441672123,2.8714013355674537e-12,0.05802874763404617,0.0,0.0031894530218411145,5.199188447174111e-11,0.5095101755836678,5.960194643782311e-09,5.821652716838285e-08,1.0305390875154724e-07,8.122408224163934e-06,0.4862701015621121,5.454034107827534e-05,5.742493090228648e-05,0.000787261019423858,5.614125876027697e-06,3.4571754756723205e-13,1.760935944662253e-09,0.00011713796297037492,0.0,0.0,0.0,0.0,0.0,0.0,0.0,0.0,0.0,0.0,0.0,0.0,-3.30170646471752e-07,6.603412927129504e-07,2.2011376418745292e-07,1.6337253523561206e-16,-4.4022752849253997e-07,0.0,1.645419769621677e-14,-7.06872986417711e-22,1.7950157482470226e-17,-3.891725139900006e-21,6.734197804291386e-17,3.4654235454541563e-19,-3.468037436189824e-19,1.6475987277986473e-14,-1.5940325761974119e-21,-2.7662363048510872e-17,3.0956105533287253e-20,2.1094139595867897e-21,-8.472157270162933e-22,4.644891531183671e-23,-1.6494093491128217e-14,4.340085408877266e-07,3.30170646471752e-07,6.411379678548757e-07,-6.603385574065939e-07,-5.619634546095121e-07,2.506926588290182e-10,1.3501627901028277e-07,1.0368179479006808e-07,9.789099421186567e-08,1.0368179479006808e-07,2.1996410514557707e-07,2.1996410514557707e-07,-1.6337253523561206e-16,4.3992821229878565e-07,-3.011734671993369e-16,4.994206780320449e-19,-1.943348184504334e-15,4.3992819365179514e-07,1.4945975338691784e-13,9.940128300305018e-12,1.1670799660553176e-10,-4.4043106559088093e-11,-1.8637829447655776e-19,4.3962558275808553e-07,9.940128300305018e-12,1.1670799660553176e-10,-2.1303163668631358e-07,3.0262738780310303e-10,-2.1981113679964955e-07,-7.0821275011393315e-09,-7.082127500792528e-09,-2.365733044655862e-16,6.2221387661029845e-09,1.8547504437961412e-20,-2.735306356537201e-12,6.2189876048133875e-09,3.3499372475793854e-12,7.068811301544992e-13,1.829412708295135e-12,4.596209388426611e-21,2.365733509145015e-16
1.6199999999999997,548,101324.99999999997,2.771e-08,0.066,0.29999999999999993,0.6339999999999998,0.22000000000000003,548.0,1e-11,1e-22,IdealGasReactor,off,0.6328726530519134,0.0,0.0,0.2932442566395265,0.011925039511164566,0.003972149546636595,2.8870482209667365e-12,0.057985901247871834,0.0,0.003188728358349251,5.195171563596284e-11,0.5096690035091825,5.9589572764000196e-09,5.851181819649889e-08,1.0313994002365861e-07,8.131037996372054e-06,0.4861128297613678,5.4517260570760606e-05,5.7369480897972464e-05,0.0007865651693958795,5.612518585179346e-06,3.4541669319405876e-13,1.761315349308713e-09,0.00011707347932628862,0.0,0.0,0.0,0.0,0.0,0.0,0.0,0.0,0.0,0.0,0.0,0.0,-3.299815443738034e-07,6.599630886865662e-07,2.1998769610484815e-07,1.633194451583972e-16,-4.399753924340776e-07,0.0,-3.345581068894111e-14,1.4704041955152264e-21,-1.624740772472837e-17,-5.47920541963732e-21,-1.0243465892677793e-16,4.1443733922376814e-19,-4.1105086179597604e-19,-3.349661067286049e-14,-1.432919078232571e-20,4.467476381200617e-17,-1.8201505957434865e-20,3.91085823736243e-21,-4.225821668327253e-21,-1.3094250046709643e-22,3.3513023770538247e-14,4.337638187683129e-07,3.299815443738034e-07,6.407180798450369e-07,-6.599603564501474e-07,-5.616475307087814e-07,2.5039735421882587e-10,1.35001230313326e-07,1.0359407521880533e-07,9.782926698993476e-08,1.0359407521880533e-07,2.198382181717509e-07,2.198382181717509e-07,-1.633194451583972e-16,4.3967643834943103e-07,-3.007855331384978e-16,4.988586416726021e-19,-1.9418977852891896e-15,4.396764696767974e-07,1.493742164580404e-13,9.927140856830953e-12,1.1658064713019574e-10,-4.396371489429506e-11,-1.8615335496016124e-19,4.393740619240555e-07,9.927140856830953e-12,1.1658064713019574e-10,-2.1290806895158217e-07,3.023742397181232e-10,-2.1968532186513343e-07,-7.079627153265986e-09,-7.079627152854935e-09,-2.364411408560349e-16,6.214721410897059e-09,1.8526687112954218e-20,-2.732236418798101e-12,6.211573665764722e-09,3.345942921094434e-12,7.064215420110846e-13,1.827380662425918e-12,4.591163341313508e-21,2.3644100991353445e-16
1.6289999999999996,548,101324.99999999999,2.771e-08,0.066,0.29999999999999993,0.6339999999999998,0.22000000000000003,548.0,1e-11,1e-22,IdealGasReactor,off,0.6328659748142511,0.0,0.0,0.2932095054652972,0.011988227243378292,0.003993212154251064,2.902689697119851e-12,0.05794308031991971,0.0,0.0031880032347142368,5.1911566034560314e-11,0.5098278408287112,5.95771943281901e-09,5.880677717026073e-08,1.0322575170874815e-07,8.139655546917883e-06,0.4859555485972771,5.449417555753573e-05,5.731406708948964e-05,0.000785869732343347,5.610910813669335e-06,3.451160221209734e-13,1.7616948239949146e-09,0.00011700899374660722,0.0,0.0,0.0,0.0,0.0,0.0,0.0,0.0,0.0,0.0,0.0,0.0,-3.297924399182404e-07,6.595848797283695e-07,2.1986162647120658e-07,1.6326635214076005e-16,-4.397232531254935e-07,0.0,6.7927193536305775e-15,7.790037136757653e-22,-9.661457634077094e-18,-1.615224605194245e-20,-5.522898338070374e-17,-1.8388555889298826e-19,1.823403855087392e-19,6.75719743549197e-15,-1.0374222775291786e-20,1.008310738758041e-17,-1.2921366134367754e-20,5.535440960416577e-21,-5.901499679724921e-22,-1.771080655699439e-23,-6.747445017997687e-15,4.3351908765576746e-07,3.297924399182404e-07,6.402982227165596e-07,-6.595821505596324e-07,-5.613316003740377e-07,2.50102290411325e-10,1.3498613731731525e-07,1.0350637564145076e-07,9.776754105475227e-08,1.0350637564145076e-07,2.1971232945971975e-07,2.1971232945971975e-07,-1.6326635214076005e-16,4.3942466092366017e-07,-3.0039797287087396e-16,4.982970507317767e-19,-1.9404477198372338e-15,4.394246519989764e-07,1.492886783482215e-13,9.914165236355208e-12,1.1645339234262443e-10,-4.388444192537335e-11,-1.8592861607022568e-19,4.391225375903414e-07,9.914165236355208e-12,1.1645339234262443e-10,-2.1278449982672344e-07,3.0212115608003754e-10,-2.19559505315125e-07,-7.077126644483145e-09,-7.077126644665485e-09,-2.3630867946146313e-16,6.207309800948538e-09,1.8505885087385522e-20,-2.729168737105841e-12,6.2041654697260435e-09,3.3419516896346588e-12,7.059619294182052e-13,1.8253500465840233e-12,4.586120720414152e-21,2.3630866175065657e-16
1.6379999999999997,548,101324.99999999999,2.771e-08,0.066,0.29999999999999993,0.6339999999999998,0.22000000000000003,548.0,1e-11,1e-22,IdealGasReactor,off,0.6328593005467822,0.0,0.0,0.2931747749505434,0.012051377410662843,0.004014262240204476,2.9183257642013677e-12,0.057900284848888865,0.0,0.0031872776515357993,5.187143568156407e-11,0.5099866874920176,5.9564811139145345e-09,5.910140410192787e-08,1.0331134389899477e-07,8.148260876934769e-06,0.4857982581192424,5.44710860546768e-05,5.7258689487462085e-05,0.0007851747084197187,5.60930256237656e-06,3.448155343904617e-13,1.7620743685438322e-09,0.00011694450628315068,0.0,0.0,0.0,0.0,0.0,0.0,0.0,0.0,0.0,0.0,0.0,0.0,-3.2960333328284734e-07,6.592066663967524e-07,2.1973555538781428e-07,1.63213256199333e-16,-4.394711109557844e-07,0.0,5.1298251798252476e-14,-8.347184566959984e-22,3.8668890568509866e-18,6.5840576621389686e-21,5.7158842071904255e-18,5.476597399591086e-20,-5.052750053718914e-20,5.1320983790202785e-14,-1.5173133313341267e-20,2.0811725545586578e-17,1.681572438033174e-20,-1.8699917011621443e-20,-1.0850574113264002e-20,1.2819445582697808e-22,-5.132483357237055e-14,4.3327434793682517e-07,3.2960333328284734e-07,6.398783968694816e-07,-6.5920394029344e-07,-5.610156639021825e-07,2.498074674477886e-10,1.3497100003516587e-07,1.0341869614080135e-07,9.7705816464471e-08,1.0341869614080135e-07,2.1958643912791256e-07,2.1958643912791256e-07,-1.63213256199333e-16,4.391728802583518e-07,-3.0001078630709487e-16,4.977359052611093e-19,-1.938997989121129e-15,4.391728267716388e-07,1.4920313913793046e-13,9.90120143929356e-12,1.163262322692359e-10,-4.380528754253811e-11,-1.8570407777662916e-19,4.388710099593554e-07,9.90120143929356e-12,1.163262322692359e-10,-2.1266092941220364e-07,3.018681371169856e-10,-2.1943368725070154e-07,-7.074625975610631e-09,-7.074625975560104e-09,-2.3617617836222193e-16,6.199903938518946e-09,1.8485098367352503e-20,-2.7261033123599393e-12,6.196763018959252e-09,3.337963554416735e-12,7.055022928860667e-13,1.823320861514135e-12,4.5810815278631115e-21,2.3617630655667776e-16
1.6469999999999996,548,101325.0,2.771e-08,0.066,0.29999999999999993,0.6339999999999998,0.22000000000000003,548.0,1e-11,1e-22,IdealGasReactor,off,0.6328526302493009,0.0,0.0,0.29314006509419405,0.012114490014965345,0.0040352998051459725,2.9339564223879075e-12,0.05785751483345978,0.0,0.0031865516093596345,5.183132459007667e-11,0.5101455434402854,5.955242320462017e-09,5.939569900318748e-08,1.033967166861602e-07,8.156853987644727e-06,0.4856409583853161,5.444799207734562e-05,5.7203348101488994e-05,0.0007844800977645412,5.607693832183312e-06,3.445152300428411e-13,1.7624539828101354e-09,0.00011688001698779947,0.0,0.0,0.0,0.0,0.0,0.0,0.0,0.0,0.0,0.0,0.0,0.0,-3.2941422463403445e-07,6.588284490613473e-07,2.1960948295618708e-07,1.6316015735365557e-16,-4.3921896607096775e-07,0.0,-6.869808634451553e-15,-3.474171821519684e-22,5.5467133522947506e-18,1.3138728729759457e-20,4.3592338872205753e-17,-3.348427119614656e-20,3.930679552790732e-20,-6.8308499942803855e-15,-2.6131049544753204e-21,1.0038441504140757e-18,8.174279996502498e-21,3.1739437091542518e-21,-3.507294275784299e-21,-3.7211208172431195e-23,6.825262609427729e-15,4.330295997554681e-07,3.2941422463403445e-07,6.394586026820634e-07,-6.58825726021202e-07,-5.606997215711307e-07,2.4951288536057633e-10,1.3495581847532793e-07,1.033310367960844e-07,9.764409327392276e-08,1.033310367960844e-07,2.1946054728731776e-07,2.1946054728731776e-07,-1.6316015735365557e-16,4.389210965754514e-07,-2.996239733583981e-16,4.971752053000991e-19,-1.9375485941144515e-15,4.3892110124232886e-07,1.491175989025809e-13,9.88824946570416e-12,1.1619916693233082e-10,-4.3726251634438245e-11,-1.854797400491386e-19,4.3861947923400906e-07,9.88824946570416e-12,1.1619916693233082e-10,-2.1253735780859374e-07,3.0161518305719e-10,-2.1930786777313572e-07,-7.07212514759335e-09,-7.072125147632657e-09,-2.3604398166544616e-16,6.192503825642035e-09,1.846432695828838e-20,-2.723040145361903e-12,6.189366315499661e-09,3.3339785165362385e-12,7.050426329007151e-13,1.8212931078953836e-12,4.576045765626798e-21,2.36043944454238e-16
1.6559999999999997,548,101324.99999999997,2.771e-08,0.066,0.29999999999999993,0.6339999999999998,0.22000000000000003,548.0,1e-11,1e-22,IdealGasReactor,off,0.6328459639215988,0.0,0.0,0.29310537589516283,0.012177565058261298,0.004056324849733973,2.9495816718580286e-12,0.05781477027229373,0.0,0.0031858251086731995,5.179123277220742e-11,0.5103044086052455,5.954003053126919e-09,5.968966188514704e-08,1.034818701615736e-07,8.165434880369919e-06,0.48548364946307837,5.442489363970319e-05,5.714804294004881e-05,0.0007837859005020253,5.606084623978975e-06,3.442151091160929e-13,1.7628336666828041e-09,0.00011681552591257762,0.0,0.0,0.0,0.0,0.0,0.0,0.0,0.0,0.0,0.0,0.0,0.0,-3.292251141259862e-07,6.58450228107101e-07,2.194834092783143e-07,1.6310705562646937e-16,-4.38966818719276e-07,0.0,7.275226368151902e-15,3.4004648494544543e-22,-6.094230694157655e-18,-1.7500016279927125e-20,-1.827304177111702e-17,-1.4394266147402766e-19,1.4313864191862612e-19,7.256389314934477e-15,-1.0184627970574517e-21,-6.599870373137295e-18,-8.042523615075368e-21,1.555926732212245e-21,-9.529709214392389e-22,-5.721041250399984e-23,-7.25023896403671e-15,4.3278484335813536e-07,3.292251141259862e-07,6.390388405086512e-07,-6.584475081278642e-07,-5.603837736379027e-07,2.4921854417231525e-10,1.3494059264134147e-07,1.0324339768263616e-07,9.758237153430161e-08,1.0324339768263616e-07,2.1933465404071887e-07,2.1933465404071887e-07,-1.6310705562646937e-16,4.3866931008054826e-07,-2.9923753393672353e-16,4.966149508751368e-19,-1.9360995357920855e-15,4.3866930066194243e-07,1.4903205771201146e-13,9.875309315254985e-12,1.160721963496943e-10,-4.364733408800086e-11,-1.852556028573983e-19,4.3836794561805203e-07,9.875309315254985e-12,1.160721963496943e-10,-2.1241378511679504e-07,3.0136229412936704e-10,-2.1918204698418414e-07,-7.069624161519276e-09,-7.069624161662414e-09,-2.3591163276743768e-16,6.185109464114416e-09,1.8443570864908707e-20,-2.7199792368074166e-12,6.181975361140644e-09,3.3299965769579714e-12,7.045829499220227e-13,1.8192667863358083e-12,4.571013435490274e-21,2.3591157555702517e-16
1.6649999999999996,548,101324.99999999999,2.771e-08,0.066,0.29999999999999993,0.6339999999999998,0.22000000000000003,548.0,1e-11,1e-22,IdealGasReactor,off,0.6328393015634637,0.0,0.0,0.2930707073523479,0.012240602542553726,0.004077337374636186,2.965201512792327e-12,0.05777205116403326,0.0,0.003185098149879305,5.1751160238634246e-11,0.5104632829051409,5.952763312416785e-09,5.998329275765954e-08,1.0356680441558723e-07,8.174003556557902e-06,0.48532633143370657,5.440179075447194e-05,5.709277401004064e-05,0.0007830921167348465,5.604474938658513e-06,3.439151716449175e-13,1.763213420100849e-09,0.0001167510331096206,0.0,0.0,0.0,0.0,0.0,0.0,0.0,0.0,0.0,0.0,0.0,0.0,-3.2903600189523154e-07,6.580720036121307e-07,2.1935733445653638e-07,1.630539510450874e-16,-4.3871466909579804e-07,0.0,1.2905846799577444e-14,-2.4689976166004362e-21,-8.723465406899917e-18,9.556269785359915e-21,1.5212711732687234e-17,-8.465035516622664e-20,8.224491394492244e-20,1.2940712856134525e-14,-1.1145721874352616e-20,1.0910672583784415e-17,-8.404482583830158e-21,5.4290448541269435e-21,-1.1221722098986797e-21,8.153264224100226e-23,-1.2931932275409247e-14,4.325400789384655e-07,3.2903600189523154e-07,6.386191106695513e-07,-6.580692866915434e-07,-5.600678203296833e-07,2.489244438919281e-10,1.3492532252968793e-07,1.0315577887025106e-07,9.752065129160093e-08,1.0315577887025106e-07,2.1920875947924077e-07,2.1920875947924077e-07,-1.630539510450874e-16,4.3841752095589016e-07,-2.988514679551981e-16,4.960551419941617e-19,-1.9346508151308845e-15,4.3841750585471573e-07,1.4894651562813905e-13,9.862380987067744e-12,1.1594532053275748e-10,-4.3568534787738655e-11,-1.850316661710093e-19,4.3811640931608544e-07,9.862380987067744e-12,1.1594532053275748e-10,-2.122902114378647e-07,3.011094705625661e-10,-2.190562249859714e-07,-7.067123018671663e-09,-7.0671230187539075e-09,-2.357791184333067e-16,6.1777208553912906e-09,1.842283009091068e-20,-2.7169205872418276e-12,6.1745901573325425e-09,3.3260177364621237e-12,7.041232443722345e-13,1.817241897343114e-12,4.5659845389817164e-21,2.357791999659489e-16
1.6739999999999997,548,101325.0,2.771e-08,0.066,0.29999999999999993,0.6339999999999998,0.22000000000000003,548.0,1e-11,1e-22,IdealGasReactor,off,0.6328326431746812,0.0,0.0,0.2930360594646327,0.01230360246987347,0.004098337380529613,2.9808159453734087e-12,0.057729357507302154,0.0,0.0031843707335113066,5.1711107002131884e-11,0.5106221662787225,5.951523099081699e-09,6.027659163368455e-08,1.0365151954107396e-07,8.182560017506258e-06,0.48516900435770427,5.437868343658763e-05,5.703754132064285e-05,0.0007823987465971216,5.602864777108632e-06,3.4361541766841413e-13,1.7635932429272163e-09,0.00011668653863084513,0.0,0.0,0.0,0.0,0.0,0.0,0.0,0.0,0.0,0.0,0.0,0.0,-3.2884688810511475e-07,6.576937761085364e-07,2.1923125859249057e-07,1.630008436298722e-16,-4.3846251739177783e-07,0.0,-6.417928068136788e-15,-8.857279900444092e-22,-1.6635758806561953e-17,-1.1205193872555564e-20,-6.14306409831445e-17,-3.4198955245392376e-20,3.2840724679580305e-20,-6.43547814908945e-15,3.048395221289105e-21,2.7051198505810766e-17,-2.9504915901326525e-20,3.9400163539549245e-21,4.0856160781350494e-21,2.0046733245481638e-22,6.452243784061545e-15,4.322953066857602e-07,3.2884688810511475e-07,6.38199413536732e-07,-6.57691062244339e-07,-5.597518619191188e-07,2.48630584548217e-10,1.3491000814783233e-07,1.0306818043703554e-07,9.745893259972276e-08,1.0306818043703554e-07,2.1908286371178284e-07,2.1908286371178284e-07,-1.630008436298722e-16,4.3816572941926773e-07,-2.9846577532390285e-16,4.954957786915019e-19,-1.9332024331028845e-15,4.3816573369603873e-07,1.4886097272495793e-13,9.849464481047893e-12,1.1581853950224837e-10,-4.3489853621754627e-11,-1.8480792995897113e-19,4.378648705312104e-07,9.849464481047893e-12,1.1581853950224837e-10,-2.1216663687245754e-07,3.00856712584569e-10,-2.1893040187990464e-07,-7.0646217200330365e-09,-7.064621720065877e-09,-2.356466173340655e-16,6.170338001408474e-09,1.8402104641467323e-20,-2.7138641974283604e-12,6.167210706017645e-09,3.3220419960939625e-12,7.036635167308292e-13,1.815218441570501e-12,4.560959078001689e-21,2.3564681780139794e-16
1.6829999999999996,548,101325.0,2.771e-08,0.066,0.29999999999999993,0.6339999999999998,0.22000000000000003,548.0,1e-11,1e-22,IdealGasReactor,off,0.6328259887550336,0.0,0.0,0.2930014322308848,0.012366564842279219,0.004119324868100531,2.9964249697858786e-12,0.05768668930070528,0.0,0.0031836428600764562,5.167107307500191e-11,0.51078105866048,5.950282413821885e-09,6.056955852599263e-08,1.037360156309214e-07,8.191104264565962e-06,0.4850116682998698,5.435557170054188e-05,5.698234488049615e-05,0.0007817057902157242,5.601254140218751e-06,3.4331584722447686e-13,1.7639731350404703e-09,0.00011662204252821537,0.0,0.0,0.0,0.0,0.0,0.0,0.0,0.0,0.0,0.0,0.0,0.0,-3.286577729134097e-07,6.573155457233875e-07,2.1910518178795245e-07,1.6294773340263016e-16,-4.382103638404099e-07,0.0,1.9017591328580297e-14,2.5065703067808026e-21,-3.655253416727173e-17,-1.471121999290461e-20,-5.982371360308469e-17,6.01763969464977e-19,-5.966304865834729e-19,1.906023188696992e-14,-1.095121649254188e-20,6.472904274609023e-17,-5.152945112497045e-20,5.083283358079778e-21,5.362976184073128e-22,-3.752693770975634e-22,-1.902335673655605e-14,4.320505268313882e-07,3.286577729134097e-07,6.377797494712939e-07,-6.573128349133194e-07,-5.594358986693451e-07,2.483369661653284e-10,1.348946495010853e-07,1.0298060245932177e-07,9.739721551091845e-08,1.0298060245932177e-07,2.1895696684354267e-07,2.1895696684354267e-07,-1.6294773340263016e-16,4.379139356810903e-07,-2.980804559529394e-16,4.949368609951232e-19,-1.9317543906803727e-15,4.379139144639055e-07,1.4877542907394692e-13,9.836559796914414e-12,1.1569185327675673e-10,-4.341129047735296e-11,-1.8458439419007496e-19,4.3761332946683905e-07,9.836559796914414e-12,1.1569185327675673e-10,-2.120430615213035e-07,3.0060402042317086e-10,-2.188045777675344e-07,-7.062120266648964e-09,-7.062120266052333e-09,-2.3551480444909394e-16,6.162960903995636e-09,1.8381394521408252e-20,-2.710810068079382e-12,6.15983700902168e-09,3.3180693568357817e-12,7.032037674654506e-13,1.8131964196373232e-12,4.555937054364333e-21,2.3551442917971684e-16
1.6919999999999997,548,101324.99999999999,2.771e-08,0.066,0.29999999999999993,0.6339999999999998,0.22000000000000003,548.0,1e-11,1e-22,IdealGasReactor,off,0.6328193383043007,0.0,0.0,0.2929668256499563,0.01242948966185862,0.004140299838044487,3.0120285862161955e-12,0.057644046542827905,0.0,0.0031829145298258575,5.1631058465330586e-11,0.5109399599441071,5.949041256861395e-09,6.086219344301039e-08,1.0382029277429297e-07,8.199636299438155e-06,0.4848543233661258,5.433245555647166e-05,5.692718469360547e-05,0.0007810132476538822,5.599643028898388e-06,3.430164603417203e-13,1.7643530964700898e-09,0.00011655754485415114,0.0,0.0,0.0,0.0,0.0,0.0,0.0,0.0,0.0,0.0,0.0,0.0,-3.284686564248436e-07,6.569373126815477e-07,2.189791041462184e-07,1.6289462039899143e-16,-4.379582084586689e-07,0.0,-1.034697487393182e-15,-4.737461667253834e-22,-2.4985946557605244e-18,7.534473686736043e-21,5.2184641089153376e-18,-1.6106860887632555e-19,1.597045880462256e-19,-1.0262732914377623e-15,5.274354809437425e-22,8.236464704611978e-19,-2.7105048657582642e-21,1.4700550448715839e-21,-1.975491953815298e-21,6.831858389007798e-23,1.028792662054291e-15,4.3180573939150414e-07,3.284686564248436e-07,6.373601187320212e-07,-6.569346049233483e-07,-5.591199307538056e-07,2.480435887271298e-10,1.348792465732498e-07,1.0289304499685846e-07,9.733550006180908e-08,1.0289304499685846e-07,2.1883106894456706e-07,2.1883106894456706e-07,-1.6289462039899143e-16,4.376621398814417e-07,-2.976955097571384e-16,4.943783888791361e-19,-1.9303066888435483e-15,4.376621387525148e-07,1.48689884722701e-13,9.82366693278378e-12,1.1556526185611074e-10,-4.333284523467185e-11,-1.843610588335867e-19,4.37361786329414e-07,9.82366693278378e-12,1.1556526185611074e-10,-2.1191948548605307e-07,3.00351394308159e-10,-2.1867875275190887e-07,-7.059618660165319e-09,-7.059618660325024e-09,-2.353819658601628e-16,6.155589563981943e-09,1.8360699732572054e-20,-2.7077581994662386e-12,6.152469067164783e-09,3.314099819128934e-12,7.02743996930547e-13,1.8111758318674501e-12,4.550918469127512e-21,2.353820341787467e-16
1.7009999999999996,548,101324.99999999999,2.771e-08,0.066,0.29999999999999993,0.6339999999999998,0.22000000000000003,548.0,1e-11,1e-22,IdealGasReactor,off,0.6328126918222587,0.0,0.0,0.29293223972068455,0.012492376930725234,0.00416126229106633,3.0276267948530696e-12,0.057601429232237676,0.0,0.0031821857435391787,5.159106318977597e-11,0.5110988701070789,5.947799629405718e-09,6.115449640379729e-08,1.0390435106930338e-07,8.208156123157596e-06,0.4846969695779399,5.4309335023485345e-05,5.687206077334703e-05,0.0007803211191038973,5.598031444017714e-06,3.4271725706710163e-13,1.7647331269353288e-09,0.00011649304566010386,0.0,0.0,0.0,0.0,0.0,0.0,0.0,0.0,0.0,0.0,0.0,0.0,-3.282795388531001e-07,6.565590775434152e-07,2.1885302576739686e-07,1.628415046261954e-16,-4.3770605169533775e-07,0.0,-6.829058959657028e-16,6.143962399887843e-23,2.0377368282832064e-18,8.319119036488689e-24,-4.0234064994579266e-20,7.782115202898884e-21,-7.826782955976748e-21,-6.852520366088931e-16,2.345908249059003e-22,-2.465340523893048e-19,3.1967099571998915e-21,1.8301371052735737e-23,-6.091274730875994e-23,-3.85903842440437e-24,6.831980456632026e-16,4.3156094481204034e-07,3.282795388531001e-07,6.369405217876693e-07,-6.565563728348225e-07,-5.588039585302962e-07,2.4775045229906526e-10,1.3486379939259267e-07,1.028055081432984e-07,9.72737863211182e-08,1.028055081432984e-07,2.1870517015712652e-07,2.1870517015712652e-07,-1.628415046261954e-16,4.374103423048595e-07,-2.9731093664010624e-16,4.938203624262612e-19,-1.9288593285539877e-15,4.3741034083666364e-07,1.4860433976788915e-13,9.810785890005565e-12,1.1543876527823001e-10,-4.325451778846463e-11,-1.8413792385697388e-19,4.3711024131900113e-07,9.810785890005565e-12,1.1543876527823001e-10,-2.1179590886640243e-07,3.0009883446445707e-10,-2.1855292693293234e-07,-7.0571169009944224e-09,-7.057116900986596e-09,-2.3524963681448904e-16,6.148223984209825e-09,1.8340020282855775e-20,-2.7047085927538693e-12,6.145106883297399e-09,3.3101333845069565e-12,7.022842057130657e-13,1.8091566791830498e-12,4.5459033248802575e-21,2.352496329554506e-16
1.7099999999999997,548,101324.99999999997,2.771e-08,0.066,0.29999999999999993,0.6339999999999998,0.22000000000000003,548.0,1e-11,1e-22,IdealGasReactor,off,0.6328060493086812,0.0,0.0,0.292897674441891,0.012555226651022029,0.004182212227880162,3.0432195958870054e-12,0.057558837367482366,0.0,0.0031814565016147402,5.1551087258738056e-11,0.5112577890661706,5.94655753195081e-09,6.144646742049981e-08,1.0398819060835098e-07,8.216663737273133e-06,0.4845396070179665,5.428621011421256e-05,5.6816973126223895e-05,0.0007796294046636204,5.596419386476809e-06,3.4241823743390074e-13,1.765113226379841e-09,0.00011642854499822394,0.0,0.0,0.0,0.0,0.0,0.0,0.0,0.0,0.0,0.0,0.0,0.0,-3.2809042033295463e-07,6.561808404870979e-07,2.187269467539006e-07,1.627883861120502e-16,-4.3745389367190563e-07,0.0,-3.734813013952575e-15,7.217756378576926e-23,1.8122065795746684e-18,-3.978678192974887e-22,1.6035392482707973e-17,-1.3981337585616295e-19,1.3554346953416422e-19,-3.717610347202824e-15,1.4614313436734526e-21,3.147938729932008e-18,3.598737910255919e-21,-4.158960722340054e-21,7.751062261936357e-22,9.651169226202646e-23,3.71578534280495e-15,4.313161432131264e-07,3.2809042033295463e-07,6.365209589547628e-07,-6.561781388258494e-07,-5.584879822230696e-07,2.474575568867957e-10,1.348483079553458e-07,1.0271799196765817e-07,9.72120743343104e-08,1.0271799196765817e-07,2.185792705711741e-07,2.185792705711741e-07,-1.627883861120502e-16,4.3715854313125537e-07,-2.9692673651275046e-16,4.932627816393755e-19,-1.9274123107856316e-15,4.371585446971693e-07,1.4851879427063198e-13,9.797916667554174e-12,1.1531236355316994e-10,-4.3176308022832086e-11,-1.8391498922854926e-19,4.368586946402638e-07,9.797916667554174e-12,1.1531236355316994e-10,-2.11672331763458e-07,2.9984634112013835e-10,-2.184271004127762e-07,-7.054614990442604e-09,-7.054614990578147e-09,-2.3511712909780294e-16,6.140864166044118e-09,1.8319356175718248e-20,-2.7016612484525243e-12,6.1377504587791945e-09,3.3061700537014792e-12,7.01824394231602e-13,1.8071389620679426e-12,4.540891623090022e-21,2.351172256094952e-16
1.7189999999999996,548,101325.0,2.771e-08,0.066,0.29999999999999993,0.6339999999999998,0.22000000000000003,548.0,1e-11,1e-22,IdealGasReactor,off,0.632799410763339,0.0,0.0,0.2928631298123819,0.012618038824920007,0.004203149649209363,3.0588069895104825e-12,0.057516270947090754,0.0,0.0031807268045585544,5.151113068432971e-11,0.5114167167551347,5.945314965192319e-09,6.173810650786936e-08,1.0407181148598522e-07,8.22515914321236e-06,0.48438223575174605,5.426308084310856e-05,5.6761921760596745e-05,0.0007789381044566199,5.594806857168207e-06,3.421194014789294e-13,1.7654933946843613e-09,0.00011636404292045793,0.0,0.0,0.0,0.0,0.0,0.0,0.0,0.0,0.0,0.0,0.0,0.0,-3.2790130102124245e-07,6.558026018814147e-07,2.186008672074518e-07,1.627352648786102e-16,-4.3720173458615756e-07,0.0,-1.5106621517788123e-16,2.996059712773312e-23,-8.754046429128574e-18,4.740790378862821e-22,-1.734829355095214e-18,5.241016361135983e-21,-5.2162009427593925e-21,-1.4420705486757921e-16,-6.944573022262636e-22,-2.909242023611258e-19,-1.3255686244281084e-20,9.714202318669619e-23,-1.5488727342506695e-22,-7.647881343056619e-24,1.5303066521813022e-16,4.310713347907861e-07,3.2790130102124245e-07,6.36101430592289e-07,-6.557999032652474e-07,-5.581720020937396e-07,2.4716490251218915e-10,1.3483277226682813e-07,1.0263049654578233e-07,9.715036415335254e-08,1.0263049654578233e-07,2.184533702912986e-07,2.184533702912986e-07,-1.627352648786102e-16,4.3690674256980753e-07,-2.9654290928330463e-16,4.927056465428228e-19,-1.9259656365080362e-15,4.369067405640692e-07,1.484332483019949e-13,9.785059265043529e-12,1.151860566985819e-10,-4.309821582480697e-11,-1.8369225491604773e-19,4.3660714649653644e-07,9.785059265043529e-12,1.151860566985819e-10,-2.1154875427788612e-07,2.9959391450208614e-10,-2.1830127329294973e-07,-7.0521129295656805e-09,-7.052112929560464e-09,-2.3498481990446386e-16,6.133510111246941e-09,1.8298707415822254e-20,-2.698616167250098e-12,6.130399795371434e-09,3.3022098276602014e-12,7.013645629518417e-13,1.8051226811248217e-12,4.535883365528484e-21,2.349848122565825e-16
1.7279999999999998,548,101324.99999999999,2.771e-08,0.066,0.29999999999999993,0.6339999999999998,0.22000000000000003,548.0,1e-11,1e-22,IdealGasReactor,off,0.6327927761859997,0.0,0.0,0.29282860583094966,0.012680813454614583,0.00422407455578663,3.074388975918429e-12,0.05747372996957504,0.0,0.003179996652975656,5.147119348022987e-11,0.5115756531233792,5.944071930009332e-09,6.202941368315144e-08,1.0415521379881805e-07,8.233642342294512e-06,0.48422485582903857,5.4239947226303294e-05,5.670690668651923e-05,0.0007782472186298702,5.593193856977347e-06,3.418207492421608e-13,1.7658736316714573e-09,0.0001162995394785459,0.0,0.0,0.0,0.0,0.0,0.0,0.0,0.0,0.0,0.0,0.0,0.0,-3.27712181095034e-07,6.554243623383716e-07,2.184747872291611e-07,1.6268214094262463e-16,-4.369495747885755e-07,0.0,9.971372327743547e-15,-1.7522630320551298e-22,-6.305675211158799e-17,-4.7059745874528695e-20,-3.1148884893536207e-16,-1.0962459222042765e-18,1.1093385369397658e-18,9.826843433443235e-15,-1.2567406947254826e-20,1.0403611306032743e-16,-8.21238911205161e-20,-4.83445709006617e-21,7.155423836764974e-21,-1.2161798831120594e-21,-9.763241130832964e-15,4.308265198933736e-07,3.27712181095034e-07,6.356819370981403e-07,-6.554216667650217e-07,-5.578560184381643e-07,2.468724892118808e-10,1.3481719234071995e-07,1.0254302195975821e-07,9.708865583616799e-08,1.0254302195975821e-07,2.1832746943549204e-07,2.1832746943549204e-07,-1.6268214094262463e-16,4.366549408564901e-07,-2.9615945485746207e-16,4.921489571804411e-19,-1.9245193066863634e-15,4.366549288814525e-07,1.4834770194215018e-13,9.77221368266877e-12,1.1505984473903648e-10,-4.302024108408089e-11,-1.8346972088660608e-19,4.3635559708985764e-07,9.77221368266877e-12,1.1505984473903648e-10,-2.11425176509972e-07,2.993415548360144e-10,-2.181754456743382e-07,-7.049610719189125e-09,-7.049610720298463e-09,-2.3485360920697825e-16,6.1261618219476825e-09,1.8278074008928524e-20,-2.6955733499965228e-12,6.123054895201883e-09,3.2982527075276727e-12,7.009047123826228e-13,1.8031078370646493e-12,4.530878554244295e-21,2.3485239302709514e-16
1.7369999999999997,548,101324.99999999997,2.771e-08,0.066,0.29999999999999993,0.6339999999999998,0.22000000000000003,548.0,1e-11,1e-22,IdealGasReactor,off,0.6327861455764279,0.0,0.0,0.29279410249636917,0.012743550542333082,0.00424498694835387,3.0899655553072303e-12,0.057431214433425776,0.0,0.0031792660468064945,5.143127564926773e-11,0.5117345980142619,5.942828426044123e-09,6.232038895051357e-08,1.0423839763293459e-07,8.242113336714466e-06,0.48406746740650297,5.4216809268651126e-05,5.665192790216343e-05,0.0007775567471669995,5.591580386843647e-06,3.4152228074015937e-13,1.766253937556734e-09,0.00011623503472555785,0.0,0.0,0.0,0.0,0.0,0.0,0.0,0.0,0.0,0.0,0.0,0.0,-3.2752306059426603e-07,6.550461210527587e-07,2.1834870692431362e-07,1.6262901435677857e-16,-4.3669741403108174e-07,0.0,-1.6820427134629403e-14,2.3840090525216552e-21,-5.88600352534283e-18,-1.8359147469682335e-20,-2.6910024976032308e-17,5.162401115718944e-19,-5.093571416948406e-19,-1.682694558586284e-14,-6.495434750330691e-22,1.3856849233507608e-17,-6.041875222258457e-21,2.742569019707848e-21,4.193621781244684e-22,-2.0047869471425712e-22,1.6832904119935506e-14,4.305816982732571e-07,3.2752306059426603e-07,6.3526247860576e-07,-6.550434285199623e-07,-5.575400313200579e-07,2.4658031691921846e-10,1.348015681348026e-07,1.0245556824895766e-07,9.702694940026347e-08,1.0245556824895766e-07,2.1820156803082814e-07,2.1820156803082814e-07,-1.6262901435677857e-16,4.364031380454727e-07,-2.9577637315419753e-16,4.91592713458367e-19,-1.9230733223094547e-15,4.3640315272597263e-07,1.4826215520949368e-13,9.759379916529191e-12,1.149337276509323e-10,-4.2942383671993246e-11,-1.8324738710921071e-19,4.361040466307148e-07,9.759379916529191e-12,1.149337276509323e-10,-2.1130159856261132e-07,2.9908926235369064e-10,-2.1804961766196682e-07,-7.047108361702303e-09,-7.047108361192946e-09,-2.347201684305612e-16,6.118819297697705e-09,1.8257455953126597e-20,-2.692532796409744e-12,6.115715757824617e-09,3.2942986930641635e-12,7.004448427403233e-13,1.8010944298411746e-12,4.525877189349083e-21,2.347199679518665e-16
1.7459999999999996,548,101324.99999999999,2.771e-08,0.066,0.29999999999999993,0.6339999999999998,0.22000000000000003,548.0,1e-11,1e-22,IdealGasReactor,off,0.6327795189343857,0.0,0.0,0.2927596198074015,0.012806250090328805,0.00426588682766229,3.105536727875524e-12,0.057388724337116025,0.0,0.0031785349872285036,5.139137721434619e-11,0.5118935514681282,5.941584455239003e-09,6.261103233959356e-08,1.0432136309520975e-07,8.250572127091265e-06,0.48391007044223244,5.419366699598787e-05,5.659698542763835e-05,0.0007768666903536608,5.5899664476083134e-06,3.412239960323686e-13,1.7666343118252444e-09,0.00011617052871208744,0.0,0.0,0.0,0.0,0.0,0.0,0.0,0.0,0.0,0.0,0.0,0.0,-3.27333939813642e-07,6.546678793407176e-07,2.182226263904113e-07,1.6257588510700582e-16,-4.36445253043418e-07,0.0,2.2869878711675944e-14,3.493181431090493e-21,-3.268490679602218e-17,-1.369379639077732e-20,1.2374272562702552e-16,-7.973491709419153e-19,7.902163925198705e-19,2.3093104118579756e-14,-2.0863548661782927e-20,6.7145024014639e-17,-4.709957885654808e-20,1.0772476514854649e-20,-3.2629747065203087e-21,5.184250337842937e-22,-2.3060155623588395e-14,4.303368706558763e-07,3.27333939813642e-07,6.348430557397146e-07,-6.546651898462093e-07,-5.572240412344557e-07,2.4628838575833683e-10,1.347858997109943e-07,1.0236813553199074e-07,9.696524493822938e-08,1.0236813553199074e-07,2.180756662733274e-07,2.180756662733274e-07,-1.6257588510700582e-16,4.3615133452877934e-07,-2.953936640664496e-16,4.910369155367259e-19,-1.921627684320348e-15,4.3615130929097745e-07,1.481766082372162e-13,9.746557970281537e-12,1.1480770549974342e-10,-4.2864643493896205e-11,-1.8302525354868634e-19,4.358524953138581e-07,9.746557970281537e-12,1.1480770549974342e-10,-2.1117802053382121e-07,2.988370372749957e-10,-2.179237893531292e-07,-7.044605856590103e-09,-7.044605857380319e-09,-2.3458701882171976e-16,6.111482542805919e-09,1.8236853260677544e-20,-2.6894945082986453e-12,6.108382387541715e-09,3.2903477865842104e-12,6.99984954784753e-13,1.7990824608070697e-12,4.520879274533425e-21,2.3458753724675354e-16
1.7549999999999997,548,101325.0,2.771e-08,0.066,0.29999999999999993,0.6339999999999998,0.22000000000000003,548.0,1e-11,1e-22,IdealGasReactor,off,0.6327728962596318,0.0,0.0,0.29272515776279173,0.012868912100883494,0.004286774194472346,3.1211024938238563e-12,0.05734625967909946,0.0,0.003177803474225024,5.1351498178920525e-11,0.5120525133348091,5.940340017315021e-09,6.290134385675424e-08,1.0440411027322947e-07,8.259018715600782e-06,0.4837526650863595,5.417052041388612e-05,5.6542079261757234e-05,0.0007761770481824765,5.588352040209593e-06,3.4092589513633976e-13,1.7670147546686119e-09,0.000116106021491127,0.0,0.0,0.0,0.0,0.0,0.0,0.0,0.0,0.0,0.0,0.0,0.0,-3.271448188016408e-07,6.542896374504493e-07,2.1809654573246342e-07,1.6252275324379745e-16,-4.361930916224219e-07,0.0,-2.4495968238514445e-15,1.0702772321923437e-21,2.3352708507914346e-19,-1.5703989162799793e-20,-9.673857411472957e-18,1.4227506535912076e-19,-1.5844810069575756e-19,-2.464158326066371e-15,-6.646342301642984e-21,-4.7544563203542784e-18,2.942976343267085e-21,-3.043404268735727e-21,3.3090596735565583e-21,-1.910148065100942e-22,2.463921079551451e-15,4.3009203683837694e-07,3.271448188016408e-07,6.344236686497161e-07,-6.542869509919638e-07,-5.569080482595e-07,2.459966956682691e-10,1.3477018703071847e-07,1.0228072385078586e-07,9.690354247008392e-08,1.0228072385078586e-07,2.1794976419568722e-07,2.1794976419568722e-07,-1.6252275324379745e-16,4.3589953037179756e-07,-2.95011327511423e-16,4.904815633289021e-19,-1.9201823937051917e-15,4.358995306930069e-07,1.4809106104753457e-13,9.733747840241613e-12,1.1468177826456757e-10,-4.278702042221013e-11,-1.8280332017337126e-19,4.356009433492549e-07,9.733747840241613e-12,1.1468177826456757e-10,-2.1105444252631752e-07,2.985848798309158e-10,-2.1779796085261634e-07,-7.042103206145897e-09,-7.0421032059874485e-09,-2.344552919635319e-16,6.104151556966519e-09,1.821626593009405e-20,-2.6864584854441244e-12,6.101054784045003e-09,3.286399987922118e-12,6.995250487504998e-13,1.7970719299574887e-12,4.5158848100146185e-21,2.344551009487254e-16
1.7639999999999996,548,101324.99999999999,2.771e-08,0.066,0.29999999999999993,0.6339999999999998,0.22000000000000003,548.0,1e-11,1e-22,IdealGasReactor,off,0.6327662775519223,0.0,0.0,0.2926907163612697,0.012931536576306461,0.004307649049553766,3.136662853354807e-12,0.057303820457811114,0.0,0.003177071508339054,5.131163855561533e-11,0.5122114835519973,5.939095113032009e-09,6.319132351933078e-08,1.0448663926446506e-07,8.267453103734556e-06,0.4835952514004389,5.4147369537437775e-05,5.648720941339744e-05,0.0007754878207845135,5.586737165548628e-06,3.406279780900263e-13,1.7673952659476491e-09,0.00011604151311483191,0.0,0.0,0.0,0.0,0.0,0.0,0.0,0.0,0.0,0.0,0.0,0.0,-3.269556977219006e-07,6.539113947995209e-07,2.1797046505265245e-07,1.6246961878786564e-16,-4.35940927406472e-07,0.0,-1.2642690419724946e-13,-2.3750211779614258e-20,7.839926541442658e-17,4.2830893021489654e-19,4.823857928569161e-16,-1.2193568671317687e-18,1.0640909302525027e-18,-1.2880757249575386e-13,3.529189142934603e-19,-2.7818327623048307e-15,-8.808208559353585e-20,-1.6111720573731304e-20,7.810503943036365e-20,5.254914384670093e-21,1.2872808102039548e-13,4.298471944573067e-07,3.269556977219006e-07,6.340043177079283e-07,-6.539087113747923e-07,-5.565920526682553e-07,2.457052466747711e-10,1.3475443010228525e-07,1.0219333328316939e-07,9.684184204981003e-08,1.0219333328316939e-07,2.1782386190708915e-07,2.1782386190708915e-07,-1.6246961878786564e-16,4.356477257928325e-07,-2.946293633959775e-16,4.899266568642961e-19,-1.9187374514347184e-15,4.356478524591978e-07,1.4800551371463479e-13,9.720949526163582e-12,1.145559459649795e-10,-4.2709514344959684e-11,-1.8258158695054422e-19,4.3534939094086874e-07,9.720949526163582e-12,1.145559459649795e-10,-2.109308646412812e-07,2.983327902480317e-10,-2.1767213226224915e-07,-7.039600411371253e-09,-7.039600412435344e-09,-2.3431740426414177e-16,6.096826342030563e-09,1.8195693966320677e-20,-2.68342472857513e-12,6.093732949165299e-09,3.2824552980735e-12,6.99065125118169e-13,1.7950628379234586e-12,4.510893797635886e-21,2.3432265917852644e-16
1.7729999999999997,548,101325.0,2.771e-08,0.066,0.29999999999999993,0.6339999999999998,0.22000000000000003,548.0,1e-11,1e-22,IdealGasReactor,off,0.6327596628110099,0.0,0.0,0.29265629560155054,0.012994123518933975,0.004328511393685546,3.152217806673068e-12,0.057261406671667736,0.0,0.003176339090763457,5.1271798367054274e-11,0.5123704621660815,5.937849744361341e-09,6.348097135933825e-08,1.0456895017673017e-07,8.275875292097362e-06,0.4834378293365115,5.41242143926471e-05,5.6432375902176395e-05,0.0007747990084400531,5.585121824443517e-06,3.4033024494907566e-13,1.7677758451376998e-09,0.00011597700363280943,0.0,0.0,0.0,0.0,0.0,0.0,0.0,0.0,0.0,0.0,0.0,0.0,-3.2676657687159423e-07,6.535331535764778e-07,2.1784438444602975e-07,1.6241648172310974e-16,-4.3568876905105135e-07,0.0,-7.154872141582086e-15,1.7338296613221493e-22,6.5685240021784155e-19,7.174329478051334e-21,4.299221602907608e-18,5.161607022330893e-21,1.9445361839896575e-20,-7.15402571413104e-15,1.7311825952710417e-21,-2.803779735974641e-18,-2.439678945794049e-21,-1.8756320389639903e-22,3.0145705728175306e-21,4.253145167942418e-22,7.153353005620472e-15,4.2960235216384004e-07,3.2676657687159423e-07,6.33585003541939e-07,-6.535304731832383e-07,-5.562760549601858e-07,2.4541403890014477e-10,1.347386289898313e-07,1.021059639480496e-07,9.678014377061228e-08,1.021059639480496e-07,2.176979596049796e-07,2.176979596049796e-07,-1.6241648172310974e-16,4.353959211869951e-07,-2.9424777160592266e-16,4.893721962983272e-19,-1.9172928584308416e-15,4.35395926201565e-07,1.4791996637267638e-13,9.708163031613924e-12,1.1443020866584511e-10,-4.263212516690598e-11,-1.823600538411648e-19,4.350978382794703e-07,9.708163031613924e-12,1.1443020866584511e-10,-2.108072869743803e-07,2.980807687416903e-10,-2.1754630367731269e-07,-7.037097471649468e-09,-7.0370974716689135e-09,-2.341897868392371e-16,6.089506902238192e-09,1.8175137381519045e-20,-2.680393239486338e-12,6.086416887211288e-09,3.2785137193241177e-12,6.986051846518308e-13,1.793055186046026e-12,4.505906241062955e-21,2.341902121537539e-16
1.7819999999999996,548,101324.99999999999,2.771e-08,0.066,0.29999999999999993,0.6339999999999998,0.22000000000000003,548.0,1e-11,1e-22,IdealGasReactor,off,0.632753052036645,0.0,0.0,0.29262189548233325,0.013056672931131831,0.004349361227655922,3.1677673539851026e-12,0.0572190183190661,0.0,0.00317560622119271,5.123197761226468e-11,0.5125294489765072,5.936603910482393e-09,6.377028737791828e-08,1.0465104309473072e-07,8.284285283347852e-06,0.48328039909545856,5.410105498025949e-05,5.637757872214364e-05,0.0007741106110756039,5.583506017881985e-06,3.4003269572372535e-13,1.7681564926036336e-09,0.00011591249309955275,0.0,0.0,0.0,0.0,0.0,0.0,0.0,0.0,0.0,0.0,0.0,0.0,-3.2657745623933005e-07,6.531549123181341e-07,2.177183040217827e-07,1.6236334211707913e-16,-4.3543660821057394e-07,0.0,3.251296246822617e-16,-1.1216615190187821e-23,-4.876830397659084e-18,-9.02706927417257e-25,-1.8759662199314617e-18,1.6940658945086007e-21,-1.6196196393788282e-21,3.2793914859588174e-16,-5.495232833673432e-22,-2.6221351333573712e-19,-7.406344175839663e-21,-1.6264438794323907e-22,1.417149932462908e-23,-1.556289736615759e-23,-3.230239423929121e-16,4.2935750161384855e-07,3.2657745623933005e-07,6.331657261872706e-07,-6.531522349541167e-07,-5.559600551118821e-07,2.451230722397815e-10,1.3472278362973857e-07,1.0201861586890742e-07,9.671844763496021e-08,1.0201861586890742e-07,2.1757205728258079e-07,2.1757205728258079e-07,-1.6236334211707913e-16,4.351441165405078e-07,-2.9386655206839616e-16,4.88818181487643e-19,-1.9158486157065796e-15,4.351441140748591e-07,1.47834419017054e-13,9.695388351176448e-12,1.1430456632583458e-10,-4.2554852753176744e-11,-1.8213872081670302e-19,4.3484628558233444e-07,9.695388351176448e-12,1.1430456632583458e-10,-2.1068370963175035e-07,2.9782881554859243e-10,-2.1742047520623418e-07,-7.034594390032359e-09,-7.034594390030739e-09,-2.3405777543091853e-16,6.0821932362044015e-09,1.8154596170928297e-20,-2.6773640174750113e-12,6.07910659672538e-09,3.274575250922178e-12,6.98145227459465e-13,1.7910489739987867e-12,4.500922139686118e-21,2.3405775986802116e-16
1.7909999999999997,548,101324.99999999999,2.771e-08,0.066,0.29999999999999993,0.6339999999999998,0.22000000000000003,548.0,1e-11,1e-22,IdealGasReactor,off,0.6327464452285746,0.0,0.0,0.29258751600230265,0.013119184815291089,0.004370198552262418,3.1833114954997063e-12,0.057176655398385845,0.0,0.0031748729003650117,5.119217630665958e-11,0.5126884439542735,5.9353576125178596e-09,6.405927159837537e-08,1.0473291811996588e-07,8.292683078745502e-06,0.48312296070528665,5.407789131861299e-05,5.632281788508176e-05,0.0007734226288632385,5.581889746736204e-06,3.3973533045560743e-13,1.7685372080913506e-09,0.00011584798156619724,0.0,0.0,0.0,0.0,0.0,0.0,0.0,0.0,0.0,0.0,0.0,0.0,-3.2638833602837163e-07,6.527766718580527e-07,2.1759222387925318e-07,1.6231019997920812e-16,-4.3518444794871083e-07,0.0,6.421436683745107e-15,-1.0503091504617127e-21,-8.692201661677168e-18,5.945932771723511e-21,3.6307643767581957e-17,-7.917111078867538e-20,8.05971701647168e-20,6.485634219061823e-15,3.57711075211387e-21,1.914030360321655e-17,-1.7416803775444885e-20,5.618676009554725e-21,-3.687354003221343e-21,-4.019948067971198e-22,-6.476870767179079e-15,4.2911264586846867e-07,3.2638833602837163e-07,6.327464860912599e-07,-6.527739975209891e-07,-5.556440534636497e-07,2.448323467463896e-10,1.3470689404737826e-07,1.0193128913554334e-07,9.665675370843961e-08,1.0193128913554334e-07,2.1744615507520287e-07,2.1744615507520287e-07,-1.6231019997920812e-16,4.348923121240637e-07,-2.9348570468125473e-16,4.882646124958749e-19,-1.91440472421133e-15,4.3489230350246544e-07,1.4774887173970728e-13,9.682625485657788e-12,1.1417901897729006e-10,-4.24776969964636e-11,-1.8191758784103556e-19,4.3459473304844583e-07,9.682625485657788e-12,1.1417901897729006e-10,-2.1056013271223308e-07,2.9757693089037524e-10,-2.1729464694836424e-07,-7.032091167020096e-09,-7.032091167100693e-09,-2.3392570446559586e-16,6.074885346442259e-09,1.8134070341519393e-20,-2.674337063569667e-12,6.071802080242176e-09,3.270639894220361e-12,6.976852541055357e-13,1.7890442026114456e-12,4.495941495859873e-21,2.3392530247078907e-16
1.7999999999999996,548,101325.00000000003,2.771e-08,0.066,0.29999999999999993,0.6339999999999998,0.22000000000000003,548.0,1e-11,1e-22,IdealGasReactor,off,0.6327398423865429,0.0,0.0,0.2925531571601275,0.013181659173832693,0.004391023368311781,3.1988502314273977e-12,0.05713431790798631,0.0,0.0031741391287723334,5.115239446174429e-11,0.5128474470296368,5.934110851131263e-09,6.434792403941904e-08,1.0481457535052523e-07,8.301068679906413e-06,0.4829655142350574,5.405472342189418e-05,5.626809339852307e-05,0.0007727350619163167,5.580273011907248e-06,3.394381491787098e-13,1.7689179914932538e-09,0.00011578346908468727,0.0,0.0,0.0,0.0,0.0,0.0,0.0,0.0,0.0,0.0,0.0,0.0,-3.261992163911378e-07,6.523984325947598e-07,2.1746614412020953e-07,1.6225705533273355e-16,-4.349322884374732e-07,0.0,-3.072714062955603e-14,1.0489061729506388e-21,-1.0458279244339578e-17,-3.867654614248509e-20,2.5177842598897264e-17,9.841199358114885e-19,-9.646083995225877e-19,-3.0666124334922245e-14,-2.2596931787704527e-20,2.4211481639936295e-17,-1.3204643990218055e-20,4.262048106179475e-21,5.9926726510402755e-21,-3.302045267241917e-22,3.067669689201601e-14,4.28867785098137e-07,3.261992163911378e-07,6.323272836036073e-07,-6.523957612823814e-07,-5.553280502696587e-07,2.4454186243498773e-10,1.3469096024714776e-07,1.0184398382200164e-07,9.659506204168989e-08,1.0184398382200164e-07,2.1732025308449864e-07,2.1732025308449864e-07,-1.6225705533273355e-16,4.3464050814095435e-07,-2.9310522934882275e-16,4.877114893369234e-19,-1.912961184909203e-15,4.3464053667285896e-07,1.4766332460970654e-13,9.669874434369569e-12,1.1405356663493793e-10,-4.240065778290531e-11,-1.8169665487958253e-19,4.3434318088117e-07,9.669874434369569e-12,1.1405356663493793e-10,-2.1043655631648811e-07,2.9732511499204407e-10,-2.17168819005237e-07,-7.029587803721411e-09,-7.029587802756803e-09,-2.3379317027913017e-16,6.067583234523592e-09,1.81135598974528e-20,-2.6713123783841397e-12,6.064503339336259e-09,3.266707650065883e-12,6.97225265046436e-13,1.7870408724366684e-12,4.4909643112283366e-21,2.3379284007460344e-16
1.8089999999999997,548,101324.99999999999,2.771e-08,0.066,0.29999999999999993,0.6339999999999998,0.22000000000000003,548.0,1e-11,1e-22,IdealGasReactor,off,0.6327332435102913,0.0,0.0,0.29251881895446114,0.013244096009204918,0.004411835676620019,3.2143835619807547e-12,0.057092005846208396,0.0,0.0031734049068578777,5.111263208818735e-11,0.5130064581249779,5.932863626894512e-09,6.463624471911671e-08,1.0489601488409088e-07,8.309442088526951e-06,0.4828080597617724,5.403155130345635e-05,5.621340526907138e-05,0.000772047910335499,5.578655814300996e-06,3.391411519250499e-13,1.7692988427312582e-09,0.00011571895570706704,0.0,0.0,0.0,0.0,0.0,0.0,0.0,0.0,0.0,0.0,0.0,0.0,-3.260100974698519e-07,6.520201946670065e-07,2.1734006484676217e-07,1.6220390820355986e-16,-4.346801298512735e-07,0.0,2.6431952036714795e-15,-1.3401758962565866e-21,3.9936820287377684e-18,2.266408849214943e-20,1.105206471995043e-16,9.542355546411727e-20,-9.365173459202869e-20,2.749339410303533e-15,1.1213556541085325e-20,-4.2106364360013784e-19,-1.283908508943217e-21,-4.105193982524107e-21,-1.3031933567469798e-20,-1.3095912871820617e-22,-2.753369325473641e-15,4.2862291947589216e-07,3.260100974698519e-07,6.319081190543457e-07,-6.520175263770441e-07,-5.550120457667941e-07,2.4425161931257294e-10,1.3467498222937196e-07,1.0175669999909836e-07,9.653337268233318e-08,1.0175669999909836e-07,2.1719435140536602e-07,2.1719435140536602e-07,-1.6220390820355986e-16,4.3438870478101766e-07,-2.9272512597592494e-16,4.871588120138315e-19,-1.9115179987651226e-15,4.343886998992019e-07,1.4757777769153236e-13,9.657135196301554e-12,1.1392820930978129e-10,-4.2323734997251666e-11,-1.814759218976233e-19,4.340916292844924e-07,9.657135196301554e-12,1.1392820930978129e-10,-2.103129805454004e-07,2.9707336807885194e-10,-2.170429914786851e-07,-7.027084301361765e-09,-7.027084301268114e-09,-2.3366050374376646e-16,6.060286901830865e-09,1.8093064842293056e-20,-2.668289962444251e-12,6.05721037538132e-09,3.2627785191977e-12,6.967652607167869e-13,1.7850389839682525e-12,4.485990587285499e-21,2.3366037278463774e-16
1.8179999999999996,548,101324.99999999999,2.771e-08,0.066,0.29999999999999993,0.6339999999999998,0.22000000000000003,548.0,1e-11,1e-22,IdealGasReactor,off,0.6327266485995577,0.0,0.0,0.292484501383942,0.013306495323883593,0.0044326354780123865,3.2299114873743824e-12,0.05704971921137426,0.0,0.003172670235244586,5.107288919953061e-11,0.5131654771912278,5.931615940713467e-09,6.492423365987853e-08,1.0497723682178731e-07,8.317803306093125e-06,0.4826505973336531,5.4008374979698234e-05,5.615875350644422e-05,0.0007713611742645575,5.577038154808684e-06,3.388443387326095e-13,1.7696797616204201e-09,0.00011565444148498179,0.0,0.0,0.0,0.0,0.0,0.0,0.0,0.0,0.0,0.0,0.0,0.0,-3.2582097944349993e-07,6.516419587248816e-07,2.172139861597044e-07,1.621507586079166e-16,-4.3442797248293976e-07,0.0,-5.634601966042392e-17,-1.1923687135262983e-23,-1.6524866652549835e-18,2.577888913453086e-22,-4.5951537388545793e-20,5.823351512373315e-21,-5.743942173568224e-21,-5.4992601631415685e-17,5.768302400269841e-23,-2.8306969875720894e-19,-2.5057750388222973e-21,-7.434285755320336e-23,1.2004677760583381e-22,1.0584764936477169e-23,5.66583862207811e-17,4.283780492925172e-07,3.2582097944349993e-07,6.314889928441494e-07,-6.51639293455065e-07,-5.54696040254219e-07,2.4396161741321125e-10,1.346589600095369e-07,1.0166943774903366e-07,9.647168568883103e-08,1.0166943774903366e-07,2.1706845015707608e-07,2.1706845015707608e-07,-1.621507586079166e-16,4.3413690228273487e-07,-2.9234539446320224e-16,4.866065805655655e-19,-1.9100751667367125e-15,4.341369002069939e-07,1.474922310662262e-13,9.644407771513336e-12,1.1380294702551119e-10,-4.224692852909606e-11,-1.812553888596169e-19,4.3384007845996154e-07,9.644407771513336e-12,1.1380294702551119e-10,-2.1018940549896137e-07,2.968216903739887e-10,-2.1691716446933047e-07,-7.024580660743016e-09,-7.024580660737272e-09,-2.3352789014796196e-16,6.052996350402568e-09,1.807258518161807e-20,-2.6652698165729932e-12,6.049923190422576e-09,3.2588525027161172e-12,6.963052416296441e-13,1.7830385378987513e-12,4.481020326033097e-21,2.335279007327269e-16
1.8269999999999997,548,101324.99999999997,2.771e-08,0.066,0.29999999999999993,0.6339999999999998,0.22000000000000003,548.0,1e-11,1e-22,IdealGasReactor,off,0.6327200576540783,0.0,0.0,0.2924502044471931,0.01336885712037274,0.004453422773323385,3.2454340078248343e-12,0.05700745800178702,0.0,0.0031719351143548635,5.103316580602175e-11,0.5133245041471537,5.930367793119986e-09,6.521189088021782e-08,1.050582412617647e-07,8.326152334365006e-06,0.48249312703134206,5.398519446361406e-05,5.610413811674804e-05,0.0007706748537976008,5.575420034339576e-06,3.385477096321843e-13,1.7700607480957496e-09,0.00011558992647050942,0.0,0.0,0.0,0.0,0.0,0.0,0.0,0.0,0.0,0.0,0.0,0.0,-3.256318624496857e-07,6.512637247372687e-07,2.17087908161228e-07,1.6209760657293207e-16,-4.341758164911629e-07,0.0,3.9988509481425754e-16,4.659088398062973e-23,-6.878327969854657e-18,-3.651382659176398e-22,-4.944554829596978e-20,-1.3155480462043352e-20,1.3249779051874397e-20,4.064860821292144e-16,-6.905872642212197e-22,-3.127186662638967e-19,-1.0490822526022301e-20,-1.6972712193822437e-22,1.3311791871681249e-22,-4.7326851136424044e-24,-3.995531244352744e-16,4.281331747054383e-07,3.256318624496857e-07,6.310699052939481e-07,-6.512610624853274e-07,-5.543800339610134e-07,2.4367185673966044e-10,1.346428935862728e-07,1.015821971410933e-07,9.641000110743844e-08,1.015821971410933e-07,2.1694254943146182e-07,2.1694254943146182e-07,-1.6209760657293207e-16,4.338851008298173e-07,-2.919660347149942e-16,4.86054794989261e-19,-1.9086326897884113e-15,4.3388509829433985e-07,1.4740668479618612e-13,9.631692158820481e-12,1.1367777979121571e-10,-4.217023826251485e-11,-1.8103505573040272e-19,4.335885286117905e-07,9.631692158820481e-12,1.1367777979121571e-10,-2.1006583127808477e-07,2.9657008210245513e-10,-2.1679133807912567e-07,-7.02207688314325e-09,-7.0220768831565e-09,-2.3339542875339017e-16,6.0457115815093575e-09,1.8052120918679616e-20,-2.6622519412499742e-12,6.0426417857246046e-09,3.2549296013013642e-12,6.95845208209805e-13,1.7810395346909752e-12,4.476053528886011e-21,2.3339542402070506e-16
1.8359999999999996,548,101324.99999999999,2.771e-08,0.066,0.29999999999999993,0.6339999999999998,0.22000000000000003,548.0,1e-11,1e-22,IdealGasReactor,off,0.6327134706735849,0.0,0.0,0.2924159281428231,0.013431181401201914,0.0044741975633967885,3.2609511235509516e-12,0.05696522221573242,0.0,0.0031711995446286477,5.09934619181546e-11,0.513483538914155,5.92911918467815e-09,6.549921639962817e-08,1.0513902830286064e-07,8.334489175098091e-06,0.48233564893282727,5.3962009768494305e-05,5.604955910633851e-05,0.0007699889490323131,5.573801453802269e-06,3.3825126465491633e-13,1.7704418020823125e-09,0.00011552541071569128,0.0,0.0,0.0,0.0,0.0,0.0,0.0,0.0,0.0,0.0,0.0,0.0,-3.2544274662946236e-07,6.508854930904697e-07,2.1696183095338159e-07,1.6204445212484206e-16,-4.339236620612498e-07,0.0,4.1011183395689666e-15,1.8615375397342046e-22,4.182039679122079e-18,-4.5325497491236105e-21,6.4469795197892935e-18,-1.3446648037662018e-20,1.91790096826545e-20,4.099952390445265e-15,1.2591035918829964e-21,-3.3621506336467307e-18,4.969645382462471e-21,4.1426239052421317e-22,-2.8646347448549357e-22,-3.1223374459708304e-23,-4.104165807465859e-15,4.2788829589864453e-07,3.2544274662946236e-07,6.306508567312156e-07,-6.508828338541326e-07,-5.540640271221129e-07,2.4338233729689755e-10,1.3462678295971497e-07,1.0149497824559707e-07,9.634831898543221e-08,1.0149497824559707e-07,2.1681664932264043e-07,2.1681664932264043e-07,-1.6204445212484206e-16,4.3363330061048667e-07,-2.9158704663483254e-16,4.855034552848455e-19,-1.9071905688835015e-15,4.3363329438328435e-07,1.4732113894536223e-13,9.618988357123338e-12,1.1355270761705077e-10,-4.209366408201989e-11,-1.8081492247451863e-19,4.333369799439613e-07,9.618988357123338e-12,1.1355270761705077e-10,-2.0994225798358071e-07,2.9631854348886117e-10,-2.1666551240989848e-07,-7.019572969800884e-09,-7.019572969820063e-09,-2.332629739762633e-16,6.038432596468845e-09,1.803167205689446e-20,-2.6592363369793542e-12,6.035366162605253e-09,3.251009815662267e-12,6.953851608894605e-13,1.7790419748239693e-12,4.471090197300186e-21,2.332629427528888e-16
1.8449999999999995,548,101325.00000000004,2.771e-08,0.066,0.29999999999999993,0.6339999999999998,0.22000000000000003,548.0,1e-11,1e-22,IdealGasReactor,off,0.632706887657807,0.0,0.0,0.2923816724694241,0.013493468168930888,0.004494959849085575,3.276462834773251e-12,0.056923011851475726,0.0,0.0031704635268312046,5.095377755164009e-11,0.513642581465624,5.927870116555822e-09,6.57862102446452e-08,1.052195980499825e-07,8.342813829659266e-06,0.48217816306369143,5.39388209131284e-05,5.599501648724732e-05,0.000769303460144586,5.572182414077796e-06,3.3795500384287236e-13,1.770822923310482e-09,0.00011546089427183753,0.0,0.0,0.0,0.0,0.0,0.0,0.0,0.0,0.0,0.0,0.0,0.0,-3.2525363219047613e-07,6.505072638739863e-07,2.1683575463607352e-07,1.6199129527226463e-16,-4.3367150952447143e-07,0.0,9.302610904765815e-14,-1.6080599053641228e-20,-4.456708511869545e-17,8.7445386951471e-21,3.4456982656949717e-16,-3.0592447774661176e-18,3.0005960176748828e-18,9.345842339608244e-14,6.153557872962453e-20,4.5420295097618976e-17,-4.1900387219031096e-20,5.1581483733946553e-20,-3.200176766404225e-20,4.34510113739805e-21,-9.341343660321633e-14,4.27643413200866e-07,3.2525363219047613e-07,6.302318476116039e-07,-6.505046076509815e-07,-5.537480200851566e-07,2.430930591391114e-10,1.3461062815742313e-07,1.014077811534591e-07,9.628663938968028e-08,1.014077811534591e-07,2.1669074996885532e-07,2.1669074996885532e-07,-1.6199129527226463e-16,4.333815019012606e-07,-2.9120843011895597e-16,4.849525615176024e-19,-1.9057488049712946e-15,4.333814063173236e-07,1.4723559360768716e-13,9.606296367265197e-12,1.1342773053617717e-10,-4.2017205880858743e-11,-1.8059498905508997e-19,4.3308543265600597e-07,9.606296367265197e-12,1.1342773053617717e-10,-2.0981868571488348e-07,2.960670747542146e-10,-2.1653968756126064e-07,-7.017068921190036e-09,-7.017068924190632e-09,-2.331261119808327e-16,6.0311593978401825e-09,1.8011238603339994e-20,-2.656223004804954e-12,6.028096323605448e-09,3.2470931471660577e-12,6.949251002426761e-13,1.7770458591378747e-12,4.466130333655822e-21,2.331304570819701e-16
1.8539999999999994,548,101325.00000000003,2.771e-08,0.066,0.29999999999999993,0.6339999999999998,0.22000000000000003,548.0,1e-11,1e-22,IdealGasReactor,off,0.6327003086064719,0.0,0.0,0.2923474374255737,0.013555717426146528,0.004515709631251976,3.2919691417143443e-12,0.05688082690726396,0.0,0.003169727061004886,5.091411271045231e-11,0.5138016316590149,5.926620588577464e-09,6.60728724278289e-08,1.0529995059583584e-07,8.351126300337707e-06,0.4820206695663753,5.391562790408123e-05,5.5940510258687526e-05,0.000768618387134321,5.570562916111049e-06,3.376589272130496e-13,1.7712041119450883e-09,0.000115396377191846,0.0,0.0,0.0,0.0,0.0,0.0,0.0,0.0,0.0,0.0,0.0,0.0,-3.250645191918521e-07,6.501290381816431e-07,2.1670967931384353e-07,1.6193813606310242e-16,-4.334193588550168e-07,0.0,-7.545596197877429e-15,3.2991540490541245e-21,-2.4576785279802932e-17,2.6944628846765266e-20,3.990838082635999e-17,2.531834418902307e-19,-2.540569446170867e-19,-7.439813485716673e-15,-2.1186131127271743e-21,4.065425107952105e-17,-3.27558536465207e-20,8.637213161125577e-21,-8.826347991747937e-21,-9.245497973092827e-22,7.464588430404385e-15,4.2739852658651555e-07,3.250645191918521e-07,6.29812878104658e-07,-6.501263849696985e-07,-5.534320129464707e-07,2.428040222095056e-10,1.345944291461384e-07,1.013206059095303e-07,9.622496234336438e-08,1.013206059095303e-07,2.165648514100082e-07,2.165648514100082e-07,-1.6193813606310242e-16,4.3312970478185636e-07,-2.908301850782782e-16,4.844021136050019e-19,-1.90430739902998e-15,4.3312971009790147e-07,1.471500488102731e-13,9.593616185699438e-12,1.1330284853000053e-10,-4.1940863532724865e-11,-1.8037525543757372e-19,4.328338869571863e-07,9.593616185699438e-12,1.1330284853000053e-10,-2.0969511457435503e-07,2.958156761267291e-10,-2.1641386363771594e-07,-7.014564739488503e-09,-7.014564739234446e-09,-2.3299889160262205e-16,6.023891985347687e-09,1.7990820556835702e-20,-2.653211944553359e-12,6.0208322685012246e-09,3.2431795956916796e-12,6.944650265272076e-13,1.7750511876588509e-12,4.4611739382500334e-21,2.3299796705282474e-16
1.8629999999999995,548,101325.0,2.771e-08,0.066,0.29999999999999993,0.6339999999999998,0.22000000000000003,548.0,1e-11,1e-22,IdealGasReactor,off,0.6326937335193025,0.0,0.0,0.2923132230098339,0.013617929175463048,0.004536446910767456,3.3074700445988792e-12,0.05683866738132545,0.0,0.0031689901478681236,5.087446740947555e-11,0.5139606894598853,5.925370601822093e-09,6.635920297538978e-08,1.0538008604537433e-07,8.359426588597853e-06,0.48186316847435784,5.38924307593354e-05,5.588604043174054e-05,0.0007679337301643697,5.568942960789035e-06,3.373630348053718e-13,1.7715853677447317e-09,0.00011533185952715598,0.0,0.0,0.0,0.0,0.0,0.0,0.0,0.0,0.0,0.0,0.0,0.0,-3.248754078312947e-07,6.497508155007487e-07,2.165836050870231e-07,1.6188497450862783e-16,-4.3316721033385973e-07,0.0,9.851464338644423e-17,-2.8043256970678234e-23,2.1025627717595317e-18,6.234907223855425e-22,-2.795208725939191e-20,1.9322939109238726e-21,-1.84957584966857e-21,9.640089251890583e-17,3.037725883856878e-22,4.446099629491967e-20,3.1737033905680852e-21,-4.327188579418026e-23,-1.6326596206812659e-22,2.1323553189761704e-24,-9.852020188506422e-17,4.2715363633423313e-07,3.248754078312947e-07,6.293939486466812e-07,-6.497481652975915e-07,-5.531160060368535e-07,2.425152265540912e-10,1.3457818594950386e-07,1.0123345260151776e-07,9.616328791039836e-08,1.0123345260151776e-07,2.1643895377767735e-07,2.1643895377767735e-07,-1.6188497450862783e-16,4.328779095154999e-07,-2.9045231140915677e-16,4.838521116011128e-19,-1.902866352009347e-15,4.32877907297069e-07,1.4706450464252388e-13,9.58094781293572e-12,1.1317806162788842e-10,-4.1864636929480416e-11,-1.8015572158471782e-19,4.3258234304776165e-07,9.58094781293572e-12,1.1317806162788842e-10,-2.0957154466173595e-07,2.9556434782753973e-10,-2.1628804073919564e-07,-7.012060425287156e-09,-7.012060425285306e-09,-2.328654706785397e-16,6.016630361385364e-09,1.7970417923858402e-20,-2.650203157179512e-12,6.013573999626599e-09,3.2392691624950867e-12,6.940049402958558e-13,1.7730579611666617e-12,4.456221013308476e-21,2.32865472810895e-16
1.8719999999999994,548,101324.99999999999,2.771e-08,0.066,0.29999999999999993,0.6339999999999998,0.22000000000000003,548.0,1e-11,1e-22,IdealGasReactor,off,0.6326871623960202,0.0,0.0,0.2922790292207517,0.013680103419523,0.004557171688512712,3.3229655436534384e-12,0.05679653327186945,0.0,0.003168252788030856,5.08348416617676e-11,0.5141197548164094,5.924120157167234e-09,6.664520191232771e-08,1.0546000450201805e-07,8.367714696055927e-06,0.481705659838639,5.3869229495045616e-05,5.583160701549692e-05,0.0007672494893707368,5.5673225490081895e-06,3.370673266557824e-13,1.7719666905343884e-09,0.00011526734132937562,0.0,0.0,0.0,0.0,0.0,0.0,0.0,0.0,0.0,0.0,0.0,0.0,-3.2468629828403195e-07,6.493725964290788e-07,2.1645753205636222e-07,1.6183181062600198e-16,-4.329150642706016e-07,0.0,-1.3568508088634344e-14,1.3911063731170953e-21,3.7233575426057625e-18,-8.562332088339344e-21,-2.2825632104372072e-17,-9.002372042537111e-20,9.508937449664585e-20,-1.3595404056503047e-14,-1.5254432283247837e-21,-2.326556067822641e-19,5.3985502430779365e-21,-1.4470490840849528e-22,9.762223714008398e-22,-3.4798589210668885e-23,1.3591667246424046e-14,4.269087427517153e-07,3.2468629828403195e-07,6.289750596306212e-07,-6.493699492324354e-07,-5.527999996490925e-07,2.4222667220170783e-10,1.3456189858211546e-07,1.0114632131015038e-07,9.610161614811175e-08,1.0114632131015038e-07,2.1631305718867435e-07,2.1631305718867435e-07,-1.6183181062600198e-16,4.326261163358074e-07,-2.9007480900962844e-16,4.833025555370648e-19,-1.901425664862759e-15,4.3262612781092e-07,1.4697896118380992e-13,9.568291248806826e-12,1.1305336985128375e-10,-4.178852596001921e-11,-1.799363874594127e-19,4.323308011291743e-07,9.568291248806826e-12,1.1305336985128375e-10,-2.0944797607693301e-07,2.9531309007845265e-10,-2.1616221896628883e-07,-7.009555979429198e-09,-7.0095559795242874e-09,-2.327330092839679e-16,6.009374527831881e-09,1.7950030709597798e-20,-2.6471966434491318e-12,6.0063215188862755e-09,3.235361848600797e-12,6.935448420536895e-13,1.7710661803158328e-12,4.451271560736754e-21,2.327329744853787e-16
1.8809999999999996,548,101324.99999999999,2.771e-08,0.066,0.29999999999999993,0.6339999999999998,0.22000000000000003,548.0,1e-11,1e-22,IdealGasReactor,off,0.6326805952363423,0.0,0.0,0.2922448560568588,0.013742240160995803,0.004577883965377678,3.338455639106707e-12,0.05675442457708694,0.0,0.0031675149819432222,5.079523547777712e-11,0.5142788276509775,5.922869255192745e-09,6.69308692606337e-08,1.055397060668473e-07,8.375990624548615e-06,0.48154814373620713,5.3846024124657586e-05,5.577721001617255e-05,0.0007665656648498438,5.565701681680184e-06,3.367718027944758e-13,1.7723480802348131e-09,0.00011520282265049574,0.0,0.0,0.0,0.0,0.0,0.0,0.0,0.0,0.0,0.0,0.0,0.0,-3.2449719069235414e-07,6.489943812325617e-07,2.1633146032379955e-07,1.6177864444112438e-16,-4.326629208244939e-07,0.0,-8.130923205142083e-16,3.835834847764843e-23,-5.8176526307137516e-18,-1.1849312728463335e-20,-9.677880817972415e-18,-1.7665930906172501e-19,1.805884169713519e-19,-8.077905659350537e-16,2.43826732653581e-22,9.24289598840761e-18,-5.059587945483758e-21,-4.748275209995802e-21,1.5279542401323172e-21,1.0958060178411187e-22,8.136639385066342e-16,4.2666384599693036e-07,3.2449719069235414e-07,6.285562113859429e-07,-6.489917370401579e-07,-5.524839940202708e-07,2.419383591563222e-10,1.3454556704513003e-07,1.0105921210588996e-07,9.603994710413216e-08,1.0105921210588996e-07,2.161871617379494e-07,2.161871617379494e-07,-1.6177864444112438e-16,4.3237432543267234e-07,-2.8969767778068803e-16,4.827534454107089e-19,-1.899985338549497e-15,4.323743241219091e-07,1.4689341849864723e-13,9.555646492156043e-12,1.1292877321002009e-10,-4.1712530508869516e-11,-1.7971725302485317e-19,4.320792614051424e-07,9.555646492156043e-12,1.1292877321002009e-10,-2.0932440892065994e-07,2.950619031028095e-10,-2.1603639842070065e-07,-7.007051403139606e-09,-7.007051403320195e-09,-2.326003626009389e-16,6.002124485979121e-09,1.792965891739922e-20,-2.6441924038557797e-12,5.9990748275635145e-09,3.231457654699102e-12,6.9308473223558e-13,1.7690758455780096e-12,4.446325581972097e-21,2.326004721815407e-16
1.8899999999999995,548,101325.00000000003,2.771e-08,0.066,0.29999999999999993,0.6339999999999998,0.22000000000000003,548.0,1e-11,1e-22,IdealGasReactor,off,0.6326740320399841,0.0,0.0,0.29221070351667167,0.013804339402578882,0.004598583742261519,3.353940331189339e-12,0.05671234129514991,0.0,0.003166776730006799,5.075564886712856e-11,0.5144379078779799,5.9216178963872074e-09,6.721620504173863e-08,1.0561919084047187e-07,8.384254375990684e-06,0.4813906202521139,5.382281466079103e-05,5.572284943906743e-05,0.0007658822566856516,5.56408035972191e-06,3.3647646324976175e-13,1.772729536796625e-09,0.00011513830354262472,0.0,0.0,0.0,0.0,0.0,0.0,0.0,0.0,0.0,0.0,0.0,0.0,-3.24308085188441e-07,6.486161702150725e-07,2.1620538999158712e-07,1.6172547598260321e-16,-4.324107801439651e-07,0.0,-2.2126624285786993e-16,-3.0620790300087876e-23,1.444575543210452e-18,5.227113407096031e-22,9.486769009248164e-20,1.6305384234645282e-20,-1.6300421150969963e-20,-2.22100251019199e-16,2.7558695427360107e-22,5.190888182039504e-19,2.2542297376623484e-21,4.81315718929293e-23,-1.484322652402195e-22,-8.0009631582819e-24,2.206441362423956e-16,4.2641894621722135e-07,3.24308085188441e-07,6.281374042224966e-07,-6.486135290246337e-07,-5.521679893702939e-07,2.4165028741400793e-10,1.3452919133562064e-07,1.0097212505601378e-07,9.597828082310017e-08,1.0097212505601378e-07,2.1606126751373362e-07,2.1606126751373362e-07,-1.6172547598260321e-16,4.3212253698255856e-07,-2.8932091762392583e-16,4.822047812092751e-19,-1.8985453740303394e-15,4.3212253508784215e-07,1.468078766469865e-13,9.543013541511805e-12,1.1280427171027508e-10,-4.163665045921602e-11,-1.7949831824417551e-19,4.3182772408007376e-07,9.543013541511805e-12,1.1280427171027508e-10,-2.0920084329382713e-07,2.9481078712426063e-10,-2.1591057920446286e-07,-7.004546697759978e-09,-7.004546697743678e-09,-2.32467973998261e-16,5.9948802369095136e-09,1.7909302550021228e-20,-2.641190438806508e-12,5.9918339267437956e-09,3.2275565813737696e-12,6.926246112548481e-13,1.7670869573670417e-12,4.441383078304126e-21,2.3246796599729786e-16
1.8989999999999996,548,101324.99999999999,2.771e-08,0.066,0.29999999999999993,0.6339999999999998,0.22000000000000003,548.0,1e-11,1e-22,IdealGasReactor,off,0.6326674728066576,0.0,0.0,0.29217657159869165,0.013866401146997564,0.004619271020072615,3.369419620133961e-12,0.0566702834242115,0.0,0.003166038032808264,5.0716081842387126e-11,0.5145969954414503,5.92036608158294e-09,6.750120928145193e-08,1.0569845892717124e-07,8.392505952084853e-06,0.48123308944153215,5.379960111919288e-05,5.566852529267185e-05,0.0007651992650061749,5.562458584034452e-06,3.361813080559906e-13,1.7731110600593738e-09,0.00011507378405742206,0.0,0.0,0.0,0.0,0.0,0.0,0.0,0.0,0.0,0.0,0.0,0.0,-3.2411898194222926e-07,6.482379637246408e-07,2.160793211606726e-07,1.616723052690025e-16,-4.3215864248264766e-07,0.0,-2.852940043169431e-16,3.521508113107347e-23,1.1465644434514884e-18,6.3209974987165e-23,-1.845896550303934e-18,-1.7205356741102976e-21,1.6899299914458355e-21,-2.87520099546556e-16,3.3531147456836455e-22,7.838503729632616e-19,1.4728895924979985e-21,1.4956459450724432e-22,-2.880675750157453e-23,-1.0223572349247245e-23,2.8636474882954905e-16,4.2617404366444844e-07,3.2411898194222926e-07,6.277186385227849e-07,-6.482353255338918e-07,-5.518519859830336e-07,2.413624569985118e-10,1.345127714663057e-07,1.0088506023944994e-07,9.591661736077187e-08,1.0088506023944994e-07,2.1593537462929822e-07,2.1593537462929822e-07,-1.616723052690025e-16,4.318707512120045e-07,-2.889445284365174e-16,4.816565629566474e-19,-1.8971057722574144e-15,4.3187074938444425e-07,1.4672233570579243e-13,9.5303923964931e-12,1.126798653711843e-10,-4.156088569915951e-11,-1.7927958307955968e-19,4.315761893557153e-07,9.5303923964931e-12,1.126798653711843e-10,-2.0907727929647688e-07,2.9455974236420895e-10,-2.1578476141830836e-07,-7.002041864195733e-09,-7.002041864197423e-09,-2.323354662815749e-16,5.987641782397671e-09,1.7888961612280483e-20,-2.638190749011894e-12,5.984598818199232e-09,3.223658629578105e-12,6.921644796052617e-13,1.765099516299812e-12,4.436444051541935e-21,2.3233545605800257e-16
1.9079999999999995,548,101324.99999999997,2.771e-08,0.066,0.29999999999999993,0.6339999999999998,0.22000000000000003,548.0,1e-11,1e-22,IdealGasReactor,off,0.6326609175360715,0.0,0.0,0.29214246030140417,0.013928425397005286,0.004639945799728563,3.3848935061751417e-12,0.05662825096240573,0.0,0.0031652988908382872,5.06765344145278e-11,0.5147560902698609,5.919113811432988e-09,6.778588200400822e-08,1.05777510429946e-07,8.400745354672401e-06,0.48107555137531954,5.377638351398283e-05,5.561423758372379e-05,0.0007645166899154399,5.560836355528171e-06,3.3588633724398225e-13,1.7734926499207626e-09,0.00011500926424676864,0.0,0.0,0.0,0.0,0.0,0.0,0.0,0.0,0.0,0.0,0.0,0.0,-3.2392988110380665e-07,6.478597620478217e-07,2.1595325393266114e-07,1.6161913232415853e-16,-4.3190650803112835e-07,0.0,3.040434855772784e-16,8.283754575717275e-23,-3.67582152348472e-18,-9.39971281664646e-22,-1.8562727039077992e-18,-1.138200522872966e-21,9.678013166870424e-22,3.0640176757749975e-16,-9.136015995192124e-22,4.873727538114739e-19,-5.422799196215706e-21,3.7311015504970005e-22,1.9350811637752213e-22,-9.472842712209515e-24,-3.0269617870693694e-16,4.259291385278049e-07,3.2392988110380665e-07,6.272999146309982e-07,-6.478571268544867e-07,-5.515359841087473e-07,2.4107486791844234e-10,1.3449630744184035e-07,1.0079801772892775e-07,9.585495676705581e-08,1.0079801772892775e-07,2.158094831847567e-07,2.158094831847567e-07,-1.6161913232415853e-16,4.3161896832123884e-07,-2.8856851011722014e-16,4.811087906564284e-19,-1.8956665341862014e-15,4.316189659014924e-07,1.466367957430895e-13,9.517783056117176e-12,1.125555542048415e-10,-4.1485236114173465e-11,-1.790610474932829e-19,4.3132465743514373e-07,9.517783056117176e-12,1.125555542048415e-10,-2.0895371702907945e-07,2.9430876904485335e-10,-2.1565894516361614e-07,-6.999536903581706e-09,-6.999536903582674e-09,-2.322029519474439e-16,5.980409123838499e-09,1.7868636107868634e-20,-2.6351933350165793e-12,5.977369503323411e-09,3.2197638000617128e-12,6.917043377383105e-13,1.7631135228821454e-12,4.431508503210549e-21,2.322029424746012e-16
1.9169999999999996,548,101324.99999999999,2.771e-08,0.066,0.29999999999999993,0.6339999999999998,0.22000000000000003,548.0,1e-11,1e-22,IdealGasReactor,off,0.6326543662279321,0.0,0.0,0.29210836962328096,0.013990412155381366,0.004660608082156216,3.4003619895496984e-12,0.056586243907849144,0.0,0.0031645593045719076,5.063700659423334e-11,0.5149151922889941,5.917861086560466e-09,6.80702232337667e-08,1.0585634545192891e-07,8.408972585632707e-06,0.4809180061270437,5.375316185901069e-05,5.5559986318624594e-05,0.0007638345315129561,5.559213675115959e-06,3.35591550843781e-13,1.7738743062884079e-09,0.00011494474416258811,0.0,0.0,0.0,0.0,0.0,0.0,0.0,0.0,0.0,0.0,0.0,0.0,-3.237407828198982e-07,6.474815654861325e-07,2.1582718840927736e-07,1.615659571728191e-16,-4.3165437697981237e-07,0.0,-1.2168804538139075e-17,3.822978828012977e-21,-5.236710208847585e-18,6.798890328643205e-21,-7.991755857344324e-18,-5.820969232209162e-19,5.826378993415259e-19,-2.0955952457096013e-17,1.5722186561826843e-20,-5.622881403059087e-18,-1.8217491586279557e-20,-4.832699331264495e-21,1.4868111713201303e-22,-1.0511965780023186e-21,2.6277610190860697e-17,4.2568423099637563e-07,3.237407828198982e-07,6.268812328847276e-07,-6.474789332879352e-07,-5.512199839919615e-07,2.407875201795282e-10,1.3447979926557848e-07,1.0071099759607827e-07,9.579329909085981e-08,1.0071099759607827e-07,2.1568359327797625e-07,2.1568359327797625e-07,-1.615659571728191e-16,4.313671885059963e-07,-2.8819286256469954e-16,4.805614643082536e-19,-1.8942276607722393e-15,4.3136718641534344e-07,1.4655125682537582e-13,9.505185519283932e-12,1.1243133822202247e-10,-4.140970158926712e-11,-1.7884271144743976e-19,4.3107312852167745e-07,9.505185519283932e-12,1.1243133822202247e-10,-2.0883015659218517e-07,2.9405786738837614e-10,-2.155331305418895e-07,-6.9970318170921736e-09,-6.9970318176748115e-09,-2.320714765521623e-16,5.973182262549795e-09,1.7848326040263795e-20,-2.6321981973337277e-12,5.970145983436717e-09,3.2158720935347585e-12,6.912441860982948e-13,1.761128977598763e-12,4.426576434781073e-21,2.320704253555843e-16
1.9259999999999995,548,101324.99999999997,2.771e-08,0.066,0.29999999999999993,0.6339999999999998,0.22000000000000003,548.0,1e-11,1e-22,IdealGasReactor,off,0.6326478188819425,0.0,0.0,0.2920742995627772,0.014052361424934207,0.0046812578682916125,3.415825070496257e-12,0.05654426225863854,0.0,0.0031638192744601486,5.0597498391763765e-11,0.5150743014207948,5.916607907545137e-09,6.835423299529414e-08,1.0593496409618995e-07,8.417187646890625e-06,0.48076045377414084,5.372993616773084e-05,5.5505771503306815e-05,0.0007631527898917381,5.55759054371272e-06,3.352969488843188e-13,1.7742560290847575e-09,0.00011488022385682775,0.0,0.0,0.0,0.0,0.0,0.0,0.0,0.0,0.0,0.0,0.0,0.0,-3.2355168723214737e-07,6.471033749151481e-07,2.1570112469231895e-07,1.6151277984103151e-16,-4.3140224927841556e-07,0.0,1.1193463796077773e-13,-2.804777127454471e-21,1.0663468447569392e-17,-2.6879119223380215e-20,-6.121078299377281e-16,-2.4379990502142916e-18,2.447506664174976e-18,1.1105206557900817e-13,1.0323940554001058e-19,-2.570276424976746e-16,4.632327712180917e-20,1.627296909439086e-20,2.5671966604315813e-20,-2.394136071547308e-21,-1.1106298123748853e-13,4.25439321018661e-07,3.2355168723214737e-07,6.264625936120745e-07,-6.471007457098117e-07,-5.509039858689095e-07,2.4050041378350227e-10,1.3446324693895653e-07,1.0062399991096407e-07,9.57316443796497e-08,1.0062399991096407e-07,2.1555770500353673e-07,2.1555770500353673e-07,-1.6151277984103151e-16,4.311154119554108e-07,-2.8781758567764143e-16,4.800145839061888e-19,-1.892789152971222e-15,4.311152987934719e-07,1.464657190169158e-13,9.492599784729279e-12,1.1230721743164023e-10,-4.133428200876847e-11,-1.7862457490390282e-19,4.3082160281883626e-07,9.492599784729279e-12,1.1230721743164023e-10,-2.0870659808636138e-07,2.938070376168606e-10,-2.1540731765471158e-07,-6.994526605957564e-09,-6.99452660840507e-09,-2.319402989419012e-16,5.965961199762112e-09,1.782803141264256e-20,-2.629205336432334e-12,5.962928259754567e-09,3.211983510651826e-12,6.907840251188791e-13,1.7591458809040742e-12,4.421647847646634e-21,2.3193790480582964e-16
1.9349999999999996,548,101324.99999999999,2.771e-08,0.066,0.29999999999999993,0.6339999999999998,0.22000000000000003,548.0,1e-11,1e-22,IdealGasReactor,off,0.6326412754978032,0.0,0.0,0.29204025011833346,0.014114273208499884,0.004701895159080011,3.431282749255447e-12,0.05650230601285197,0.0,0.003163078801197191,5.0558009821219974e-11,0.5152334176259287,5.915354275412593e-09,6.863791131777083e-08,1.0601336647063086e-07,8.425390540096032e-06,0.48060289435501985,5.3706706457669386e-05,5.5451593147834385e-05,0.0007624714652025873,5.555966962213172e-06,3.3500253140255917e-13,1.7746378180854086e-09,0.00011481570338086445,0.0,0.0,0.0,0.0,0.0,0.0,0.0,0.0,0.0,0.0,0.0,0.0,-3.2336259453176203e-07,6.467251888378301e-07,2.155750628819795e-07,1.6145960034172408e-16,-4.311501259476635e-07,0.0,4.845187493693529e-15,1.0567111458297646e-22,-9.192989342453583e-18,1.8306270350916043e-21,6.416909850161766e-17,3.332545251853638e-19,-3.3233800906665503e-19,4.931994905941083e-15,-2.0061022312789885e-20,1.3009917323053178e-17,-5.3862097827040894e-21,1.4461702046841152e-21,5.560353874901305e-21,-7.360455466451187e-22,-4.922742814792459e-15,4.251944096132689e-07,3.2336259453176203e-07,6.260439972353217e-07,-6.46722562623077e-07,-5.505879900589384e-07,2.4021354876791705e-10,1.3444665048378638e-07,1.0053702475881035e-07,9.566999269532356e-08,1.0053702475881035e-07,2.154318184886985e-07,2.154318184886985e-07,-1.6145960034172408e-16,4.308636389240743e-07,-2.8744267934892815e-16,4.794681494921449e-19,-1.8913510117275475e-15,4.308636318839376e-07,1.463801824041795e-13,9.480025852613677e-12,1.121831918594879e-10,-4.125897726341537e-11,-1.7840663782344187e-19,4.305700805267308e-07,9.480025852613677e-12,1.121831918594879e-10,-2.0858304161113888e-07,2.9355627994960696e-10,-2.1528150660203083e-07,-6.992021270840632e-09,-6.992021270508294e-09,-2.318061170116553e-16,5.958745937574716e-09,1.780775223086539e-20,-2.626214753175939e-12,5.955716334394602e-09,3.2080980525492722e-12,6.903238553388561e-13,1.7571642335188681e-12,4.416722743883419e-21,2.3180538096610864e-16
1.9439999999999995,548,101325.00000000003,2.771e-08,0.066,0.29999999999999993,0.6339999999999998,0.22000000000000003,548.0,1e-11,1e-22,IdealGasReactor,off,0.6326347360752119,0.0,0.0,0.29200622128837483,0.014176147508941746,0.004722519955475887,3.4467350260699523e-12,0.05646037516854902,0.0,0.003162337885126306,5.051854089106121e-11,0.5153925408087014,5.914100190542613e-09,6.892125822499728e-08,1.0609155267722028e-07,8.433581267343488e-06,0.4804453279648948,5.368347274045382e-05,5.539745125615708e-05,0.0007617905575110684,5.5543429315441334e-06,3.347082984233058e-13,1.7750196732789689e-09,0.00011475118278691928,0.0,0.0,0.0,0.0,0.0,0.0,0.0,0.0,0.0,0.0,0.0,0.0,-3.2317350483799077e-07,6.463470094735951e-07,2.1544900308083947e-07,1.6140641870691905e-16,-4.3089800638584473e-07,0.0,-2.4338733886401267e-14,-1.4509657098676394e-24,-1.976035123592868e-17,1.405164970792423e-20,4.0803588772489376e-17,2.8192962253767353e-19,-3.0821245932093343e-19,-2.423468143094118e-14,1.1931683204565074e-20,4.291237720945356e-17,-3.396784348640512e-20,-1.0831930121381897e-21,-5.2870634319845994e-21,1.9754211892450103e-22,2.4254608861906447e-14,4.249494961777083e-07,3.2317350483799077e-07,6.256254440396421e-07,-6.463443862471472e-07,-5.502719967605449e-07,2.3992692511735513e-10,1.3443000989247566e-07,1.0045007220265476e-07,9.560834407877917e-08,1.0045007220265476e-07,2.1530593381320182e-07,2.1530593381320182e-07,-1.6140641870691905e-16,4.306118695714123e-07,-2.870681434788389e-16,4.789221610369615e-19,-1.889913238000293e-15,4.306118916996837e-07,1.4629464704134818e-13,9.467463720981099e-12,1.1205926150646373e-10,-4.1183787234572035e-11,-1.7818890016784587e-19,4.3031856185046536e-07,9.467463720981099e-12,1.1205926150646373e-10,-2.0845948726760888e-07,2.933055946095002e-10,-2.151556974862037e-07,-6.989515813230586e-09,-6.989515812922374e-09,-2.3167265638290353e-16,5.9515364767806684e-09,1.778748849682507e-20,-2.623226447844922e-12,5.94851020813647e-09,3.2042157196491255e-12,6.898636771442176e-13,1.7551840357702192e-12,4.411801124558522e-21,2.3167285392502245e-16
1.9529999999999996,548,101325.0,2.771e-08,0.066,0.29999999999999993,0.6339999999999998,0.22000000000000003,548.0,1e-11,1e-22,IdealGasReactor,off,0.6326282006138623,0.0,0.0,0.29197221307131116,0.014237984329151073,0.0047431322584429135,3.4621819011844156e-12,0.05641846972377033,0.0,0.0031615965266749185,5.0479091611033506e-11,0.5155516708866806,5.912845653466506e-09,6.920427374181406e-08,1.061695228198054e-07,8.441759830642926e-06,0.48028775468561186,5.366023502912001e-05,5.534334583357813e-05,0.0007611100669022926,5.5527184526261045e-06,3.344142499739553e-13,1.7754015946036035e-09,0.00011468666212701245,0.0,0.0,0.0,0.0,0.0,0.0,0.0,0.0,0.0,0.0,0.0,0.0,-3.229844182871574e-07,6.459688364215052e-07,2.1532294539084487e-07,1.6135323496414658e-16,-4.306458909479269e-07,0.0,-3.7958705203788416e-15,7.173687700294379e-23,1.0619669754038517e-18,-1.9646266947377567e-21,-8.53703331713928e-18,-5.505714157152952e-21,6.28657265540301e-21,-3.7995370546922645e-15,5.0035126326276746e-21,5.945629663734654e-18,-2.0964403910048484e-21,-2.5141120742783585e-22,1.0184607402998565e-21,-2.21929368549464e-22,3.798470005919238e-15,4.2470458106586267e-07,3.229844182871574e-07,6.252069343421265e-07,-6.459662161810843e-07,-5.499560062006163e-07,2.396405428282606e-10,1.3441332516449924e-07,1.003631423107338e-07,9.554669857584827e-08,1.003631423107338e-07,2.151800510680291e-07,2.151800510680291e-07,-1.6135323496414658e-16,4.3036010407938187e-07,-2.8669397796515203e-16,4.783766185274042e-19,-1.888475832744414e-15,4.303601057742412e-07,1.46209112990242e-13,9.454913388355659e-12,1.1193542637915007e-10,-4.110871180580433e-11,-1.779713618983708e-19,4.300670469939529e-07,9.454913388355659e-12,1.1193542637915007e-10,-2.0833593515642356e-07,2.9305498181832005e-10,-2.1502989040902733e-07,-6.987010234421296e-09,-6.987010234427583e-09,-2.3154054571291146e-16,5.944332818461815e-09,1.776724021331565e-20,-2.6202404208512033e-12,5.941309882064208e-09,3.200336512533531e-12,6.89403490957191e-13,1.7532052880753082e-12,4.406882990970314e-21,2.315403237835429e-16
1.9619999999999995,548,101325.0,2.771e-08,0.066,0.29999999999999993,0.6339999999999998,0.22000000000000003,548.0,1e-11,1e-22,IdealGasReactor,off,0.6326216691134463,0.0,0.0,0.2919382254655377,0.014299783672045983,0.0047637320689539915,3.4776233748455973e-12,0.056376589676538344,0.0,0.003160854726619775,5.043966199644892e-11,0.5157108078337057,5.911590665365214e-09,6.948695790148905e-08,1.0624727700902875e-07,8.449926231597967e-06,0.4801301745423029,5.3636993342592e-05,5.52892768914515e-05,0.000760429993544724,5.551093526346949e-06,3.341203860934433e-13,1.7757835817856061e-09,0.00011462214145225218,0.0,0.0,0.0,0.0,0.0,0.0,0.0,0.0,0.0,0.0,0.0,0.0,-3.227953350867808e-07,6.455906700447421e-07,2.1519688991148857e-07,1.6130004912186974e-16,-4.303937800434101e-07,0.0,1.3196542811109422e-14,1.1135377598026308e-21,-2.3585237049124207e-17,-2.229146012420286e-20,-3.266794319323023e-17,-8.716498422838784e-20,8.749916519585927e-20,1.3223105124097522e-14,-1.132459645064294e-20,3.538590215143818e-17,-3.58715730090082e-20,-1.5168424482691145e-21,3.672354684158916e-21,4.386573347970533e-23,-1.3199313965112955e-14,4.2445966468485e-07,3.227953350867808e-07,6.247884685969095e-07,-6.455880527880689e-07,-5.496400187266329e-07,2.393544019493926e-10,1.3439659632882626e-07,1.0027623517321849e-07,9.548505625330579e-08,1.0027623517321849e-07,2.150541703913621e-07,2.150541703913621e-07,-1.6130004912186974e-16,4.301083427243672e-07,-2.8632018269768894e-16,4.778315220196084e-19,-1.887038796897961e-15,4.301083273983153e-07,1.4612358034475173e-13,9.442374855320634e-12,1.1181168650859693e-10,-4.1033750869883695e-11,-1.777540229746156e-19,4.298155361558357e-07,9.442374855320634e-12,1.1181168650859693e-10,-2.0821238537660637e-07,2.9280444179352867e-10,-2.1490408546969538e-07,-6.984504534882212e-09,-6.984504534969711e-09,-2.3140774682864975e-16,5.937134965001335e-09,1.7747007387018953e-20,-2.6172566731804145e-12,5.9341153585601124e-09,3.1964604324839272e-12,6.889432973514936e-13,1.7512279912349604e-12,4.401968345399228e-21,2.3140779069438323e-16
1.9709999999999996,548,101324.99999999997,2.771e-08,0.066,0.29999999999999993,0.6339999999999998,0.22000000000000003,548.0,1e-11,1e-22,IdealGasReactor,off,0.6326151415736527,0.0,0.0,0.2919042584694338,0.014361545540573319,0.004784319387991202,3.4930594473021086e-12,0.05633473502485607,0.0,0.0031601124851905744,5.04002520538028e-11,0.5158699515352051,5.910335226401867e-09,6.976931072577452e-08,1.0632481534596683e-07,8.458080472498058e-06,0.4799725876492054,5.361374769055824e-05,5.523524443151236e-05,0.0007597503374742941,5.5494681536471696e-06,3.3382670680196774e-13,1.7761656348838996e-09,0.00011455762081514362,0.0,0.0,0.0,0.0,0.0,0.0,0.0,0.0,0.0,0.0,0.0,0.0,-3.2260625533243324e-07,6.452125105742411e-07,2.1507083674615981e-07,1.6124686121850639e-16,-4.30141673686267e-07,0.0,3.538855296649857e-16,-5.536933212212773e-22,-1.532956991989815e-17,1.3000824238196484e-20,-7.074757988646818e-17,-1.44524996625265e-19,1.4656151529337055e-19,3.1582236213774367e-16,-2.42995250540284e-21,1.7276858811228356e-17,-1.9710391033224383e-20,-8.754672808108107e-22,-5.6361003170165156e-21,2.803147613672284e-22,-3.0037485348212325e-16,4.242147470483312e-07,3.2260625533243324e-07,6.24370047042705e-07,-6.452098962990362e-07,-5.49324034496576e-07,2.3906850244640214e-10,1.34379823368316e-07,1.0018935084564262e-07,9.542341714499727e-08,1.0018935084564262e-07,2.149282918471612e-07,2.149282918471612e-07,-1.6124686121850639e-16,4.298565856342975e-07,-2.8594675757764993e-16,4.772868714590037e-19,-1.8856021314231813e-15,4.298565832172585e-07,1.4603804914833667e-13,9.429848119172023e-12,1.1168804188700792e-10,-4.095890430503263e-11,-1.7753688335807412e-19,4.295640295428747e-07,9.429848119172023e-12,1.1168804188700792e-10,-2.0808883802977895e-07,2.9255397475867105e-10,-2.1477828277140319e-07,-6.981998716380865e-09,-6.9819987165274265e-09,-2.3127497441416763e-16,5.929942916715121e-09,1.7726790018434685e-20,-2.614275204906468e-12,5.926926637935778e-09,3.1925874796676473e-12,6.884830966625775e-13,1.7492521454393254e-12,4.3970571885628395e-21,2.31275254728929e-16
1.9799999999999995,548,101325.0,2.771e-08,0.066,0.29999999999999993,0.6339999999999998,0.22000000000000003,548.0,1e-11,1e-22,IdealGasReactor,off,0.6326086179941668,0.0,0.0,0.2918703120813638,0.01442326993770663,0.004804894216545838,3.5084901188046824e-12,0.05629290576670836,0.0,0.003159369802994098,5.036086179559852e-11,0.5160291019373182,5.9090793374403045e-09,7.005133224510625e-08,1.0640213793896655e-07,8.46622255519056e-06,0.4798149940593699,5.3590498089069176e-05,5.518124846201945e-05,0.0007590710988171087,5.547842335432508e-06,3.335332121322169e-13,1.7765477537288445e-09,0.00011449310026722768,0.0,0.0,0.0,0.0,0.0,0.0,0.0,0.0,0.0,0.0,0.0,0.0,-3.224171791965593e-07,6.448343582476598e-07,2.1494478599551474e-07,1.6119367127190493e-16,-4.2988957214709397e-07,0.0,-1.414092744371156e-15,-7.8081841820232445e-22,-2.3842070033682616e-18,4.5397882274977455e-21,-1.574644836857585e-17,-3.5996253280347595e-19,3.5855715294274835e-19,-1.435317399832795e-15,1.132453707781577e-20,-7.520561297843102e-18,-1.0058651957964064e-20,1.8687561001221432e-21,9.929531963684464e-22,1.8975992918055749e-22,1.437707453426754e-15,4.239698284251884e-07,3.224171791965593e-07,6.23951670065995e-07,-6.448317469516431e-07,-5.490080537986127e-07,2.38782844341379e-10,1.3436300629766836e-07,1.0010248940724859e-07,9.536178130738201e-08,1.0010248940724859e-07,2.148024155503705e-07,2.148024155503705e-07,-1.6119367127190493e-16,4.29604833039033e-07,-2.8557370249763554e-16,4.767426668659746e-19,-1.8841658372645317e-15,4.296048323748636e-07,1.459525194790983e-13,9.417333179433464e-12,1.1156449253302682e-10,-4.088417199943161e-11,-1.773199430085243e-19,4.293125273562234e-07,9.417333179433464e-12,1.1156449253302682e-10,-2.0796529321572225e-07,2.923035809327323e-10,-2.146524824145806e-07,-6.979492779792494e-09,-6.979492780151051e-09,-2.3114252625448564e-16,5.922756675314707e-09,1.7706588112262377e-20,-2.611296016722608e-12,5.919743721905557e-09,3.1887176550067974e-12,6.880228893895369e-13,1.747277751293343e-12,4.392149522239946e-21,2.3114271601441482e-16
1.9889999999999994,548,101324.99999999997,2.771e-08,0.066,0.29999999999999993,0.6339999999999998,0.22000000000000003,548.0,1e-11,1e-22,IdealGasReactor,off,0.6326020983746717,0.0,0.0,0.29183638629967745,0.014484956866447489,0.004825456555618388,3.523915389606007e-12,0.05625110190006117,0.0,0.0031586266805888647,5.03214912335201e-11,0.5161882589782933,5.907822999253789e-09,7.033302248946217e-08,1.0647924489590834e-07,8.474352481600698e-06,0.479657393833798,5.35672445533564e-05,5.512728899032045e-05,0.0007583922776867841,5.54621607261378e-06,3.332399021149736e-13,1.776929938180308e-09,0.00011442857986014912,0.0,0.0,0.0,0.0,0.0,0.0,0.0,0.0,0.0,0.0,0.0,0.0,-3.2222810684155196e-07,6.444562135416956e-07,2.1481873776051945e-07,1.6114047930258595e-16,-4.29637475683931e-07,0.0,-7.116753172450721e-15,5.123989841612611e-22,8.540683225155962e-19,-4.651715429401433e-21,-1.973184426452574e-17,-1.284313706274333e-19,1.1849444992883377e-19,-7.134853282188616e-15,-2.776158287911826e-22,2.6229541415224075e-18,-5.333461064730887e-22,-1.1109035626587162e-21,1.9608940140839805e-21,-2.2106137508399183e-22,7.134001988847617e-15,4.237249090719439e-07,3.2222810684155196e-07,6.235333380338218e-07,-6.444536052225864e-07,-5.486920769038333e-07,2.384974276485695e-10,1.3434614512754786e-07,1.0001565093411949e-07,9.530014879395554e-08,1.0001565093411949e-07,2.146765416092486e-07,2.146765416092486e-07,-1.6114047930258595e-16,4.293530851551125e-07,-2.852010173508074e-16,4.761989082503092e-19,-1.8827299153677896e-15,4.2935309019220824e-07,1.458669914105954e-13,9.404830035314758e-12,1.1144103846165066e-10,-4.080955383991698e-11,-1.7710320188564423e-19,4.290610297976713e-07,9.404830035314758e-12,1.1144103846165066e-10,-2.0784175103441112e-07,2.920532605349659e-10,-2.1452668449997456e-07,-6.9769867261083365e-09,-6.976986726226831e-09,-2.3101039573215887e-16,5.9155762423188765e-09,1.76864016726179e-20,-2.6083191092361386e-12,5.912566611987078e-09,3.1848509593175355e-12,6.875626760100639e-13,1.745304809344252e-12,4.387245348062186e-21,2.310101746707838e-16
1.9979999999999998,548,101325.0,2.771e-08,0.066,0.29999999999999993,0.6339999999999998,0.22000000000000003,548.0,1e-11,1e-22,IdealGasReactor,off,0.6325955827148471,0.0,0.0,0.2918024811227085,0.014546606329824793,0.004846006406218535,3.539335259960808e-12,0.05620932342286184,0.0,0.0031578831184529525,5.028214037792303e-11,0.5163474225832739,5.906566212465777e-09,7.061438148746094e-08,1.065561363235917e-07,8.482470253769211e-06,0.4794997870466999,5.354398709729251e-05,5.507336602230279e-05,0.0007577138741769289,5.544589366110168e-06,3.32946776778068e-13,1.7773121881474219e-09,0.00011436405964575426,0.0,0.0,0.0,0.0,0.0,0.0,0.0,0.0,0.0,0.0,0.0,0.0,-3.2203903841321136e-07,6.440780768257907e-07,2.1469269214269583e-07,1.6108728533551064e-16,-4.293853844146397e-07,0.0,4.032148567687861e-15,-1.6143457983363903e-22,2.836408894230465e-18,1.4629671974615114e-21,-1.6040887608953286e-16,3.883116667568933e-20,-4.2515429124000516e-20,3.839899782668043e-15,-1.5690054553217636e-20,-2.894260043417204e-17,1.7845227796939625e-20,-6.4537148379270065e-21,-3.896212888471216e-21,2.6556863539676424e-22,-3.84278077700284e-15,4.234799891052578e-07,3.2203903841321136e-07,6.231150512813225e-07,-6.440754714813078e-07,-5.483761040553322e-07,2.3821225236963913e-10,1.3432923986187585e-07,9.992883549717121e-08,9.523851965333984e-08,9.992883549717121e-08,2.1455067012108613e-07,2.1455067012108613e-07,-1.6108728533551064e-16,4.2910134217711845e-07,-2.848287020316408e-16,4.75655595604918e-19,-1.8812943666817176e-15,4.2910133624118885e-07,1.4578146500893432e-13,9.392338685525091e-12,1.1131767968202013e-10,-4.073504971116481e-11,-1.7688665994919194e-19,4.288095370701843e-07,9.392338685525091e-12,1.1131767968202013e-10,-2.0771821158618415e-07,2.918030137853196e-10,-2.1440088912890683e-07,-6.974480556511677e-09,-6.9744805564691615e-09,-2.3087736523732565e-16,5.908401618933752e-09,1.766623070268081e-20,-2.6053444829162284e-12,5.9053953093819e-09,3.1809873932462923e-12,6.871024569665617e-13,1.7433333200467079e-12,4.382344667424077e-21,2.3087763080596104e-16
2.0069999999999997,548,101324.99999999999,2.771e-08,0.066,0.29999999999999993,0.6339999999999998,0.22000000000000003,548.0,1e-11,1e-22,IdealGasReactor,off,0.6325890710143699,0.0,0.0,0.2917685965487761,0.014608218330895187,0.004866543769365153,3.5547497301257897e-12,0.05616757033303897,0.0,0.0031571391171707265,5.024280924081582e-11,0.5165065926944368,5.905308977895777e-09,7.089540927033807e-08,1.0663281233119588e-07,8.490575873627577e-06,0.47934217375511784,5.3520725736530024e-05,5.501947956562959e-05,0.0007570358884058335,5.542962216831268e-06,3.326538361526003e-13,1.7776945034750067e-09,0.00011429953967560126,0.0,0.0,0.0,0.0,0.0,0.0,0.0,0.0,0.0,0.0,0.0,0.0,-3.218499740788419e-07,6.436999480058371e-07,2.1456664924278578e-07,1.6103408938986836e-16,-4.291332986843885e-07,0.0,3.0395009887135465e-15,-1.8295547141524246e-21,-1.7631381601656738e-17,1.3915776547006173e-20,-9.32900912282205e-18,8.740321224480312e-20,-8.900794263315599e-20,3.0681888696714166e-15,4.6092248565559306e-21,2.0054092294188214e-17,-2.8608211727640696e-20,-3.052296460320672e-21,-5.354470027735129e-21,6.820411958108474e-23,-3.0504245486816095e-15,4.232350688687138e-07,3.218499740788419e-07,6.226968101847293e-07,-6.436973456336987e-07,-5.480601355324877e-07,2.3792731852163564e-10,1.343122905135452e-07,9.98420431738734e-08,9.517689394044644e-08,9.98420431738734e-08,2.1442480119738852e-07,2.1442480119738852e-07,-1.6103408938986836e-16,4.2884960432805043e-07,-2.8445675643180496e-16,4.751127289430142e-19,-1.879859192149125e-15,4.288495991655594e-07,1.4569594034987995e-13,9.379859129378365e-12,1.1119441621051083e-10,-4.06606595005912e-11,-1.766703171582226e-19,4.2855804937508174e-07,9.379859129378365e-12,1.1119441621051083e-10,-2.0759467497084972e-07,2.9155284090223637e-10,-2.1427509640188194e-07,-6.971974271936056e-09,-6.971974271847048e-09,-2.3074501633931716e-16,5.901232806744317e-09,1.7646075206778867e-20,-2.6023721384011276e-12,5.898229815674712e-09,3.1771269576450077e-12,6.866422327470772e-13,1.7413632839688094e-12,4.3774474820104056e-21,2.3074508454343674e-16
2.0159999999999996,548,101324.99999999999,2.771e-08,0.066,0.29999999999999993,0.6339999999999998,0.22000000000000003,548.0,1e-11,1e-22,IdealGasReactor,off,0.6325825632729142,0.0,0.0,0.2917347325761839,0.014669792872743235,0.004887068646086297,3.5701588003596187e-12,0.05612584262850221,0.0,0.0031563946770121216,5.020349782914429e-11,0.5166657692029285,5.904051295778947e-09,7.117610586309457e-08,1.0670927302247179e-07,8.498669343506855e-06,0.4791845540675254,5.3497460481427694e-05,5.4965629622442656e-05,0.0007563583204156847,5.5413346257186206e-06,3.3236108025893007e-13,1.778076884200244e-09,0.00011423502000209387,0.0,0.0,0.0,0.0,0.0,0.0,0.0,0.0,0.0,0.0,0.0,0.0,-3.2166091394146633e-07,6.433218277175297e-07,2.1444060916392363e-07,1.6098089150213808e-16,-4.288812184724307e-07,0.0,5.133106279406084e-15,-7.878466365630997e-22,7.404277256591003e-18,8.067509561729196e-21,4.473075115331553e-18,-4.1163154258598827e-19,3.9441295095508444e-19,5.1207338842125e-15,9.277778616507213e-21,-8.915980672110368e-18,6.0978371410925805e-21,6.795288732123122e-22,2.2455825528146258e-21,-1.3809869516172817e-22,-5.128199105126862e-15,4.229901483411699e-07,3.2166091394146633e-07,6.222786149967124e-07,-6.433192283154538e-07,-5.47744171505961e-07,2.3764262607397985e-10,1.3429529706896928e-07,9.9755274021855e-08,9.511527169131723e-08,9.9755274021855e-08,2.1429893490706877e-07,2.1429893490706877e-07,-1.6098089150213808e-16,4.2859787174572984e-07,-2.8408518044944135e-16,4.745703082143555e-19,-1.878424392727454e-15,4.2859786453242066e-07,1.4561041748025684e-13,9.367391364304359e-12,1.1107124804123112e-10,-4.0586383087319723e-11,-1.7645417347285596e-19,4.2830656691851203e-07,9.367391364304359e-12,1.1107124804123112e-10,-2.074711412898569e-07,2.9130274210773155e-10,-2.1414930642179866e-07,-6.9694678740667195e-09,-6.9694678744611324e-09,-2.306126740587536e-16,5.894069806142827e-09,1.762593518569253e-20,-2.599402075806361e-12,5.891070131260807e-09,3.173269652726244e-12,6.86182003703032e-13,1.7393947013281524e-12,4.37255379260914e-21,2.306125359600584e-16
2.0249999999999995,548,101324.99999999999,2.771e-08,0.066,0.29999999999999993,0.6339999999999998,0.22000000000000003,548.0,1e-11,1e-22,IdealGasReactor,off,0.6325760594901512,0.0,0.0,0.2917008892032206,0.014731329958480048,0.00490758103741922,3.585562470923098e-12,0.056084140307143246,0.0,0.003155649798788153,5.016420615845931e-11,0.5168249520874182,5.9027931673557185e-09,7.145647130316547e-08,1.0678551851158293e-07,8.506750665099172e-06,0.47902692800418667,5.3474191351457794e-05,5.491181620422492e-05,0.0007556811703777248,5.5397065936607596e-06,3.3206850913525633e-13,1.7784593300300318e-09,0.00011417050067615044,0.0,0.0,0.0,0.0,0.0,0.0,0.0,0.0,0.0,0.0,0.0,0.0,-3.214718582142471e-07,6.429437163020678e-07,2.143145720050023e-07,1.6092769167914505e-16,-4.2862914418460026e-07,0.0,-1.0219033326575916e-15,-8.942807307996796e-22,-7.366718357352628e-18,8.5211284409793e-21,-3.456010891827793e-17,-9.166484676067631e-20,9.14696321361138e-20,-1.0428285570092925e-15,-5.216767206049822e-22,6.2642986880661776e-18,-1.4012469666958658e-20,1.2942791647040655e-21,-2.0657668200555668e-22,-1.4142469667329683e-22,1.0502461963751707e-15,4.227452279260578e-07,3.214718582142471e-07,6.21860466181614e-07,-6.429411198677717e-07,-5.474282123328671e-07,2.373581750767764e-10,1.3427825956026755e-07,9.966852813265462e-08,9.505365297436383e-08,9.966852813265462e-08,2.1417307139207306e-07,2.1417307139207306e-07,-1.6092769167914505e-16,4.2834614471406813e-07,-2.837139739703524e-16,4.740283334758295e-19,-1.8769899693472174e-15,4.283461436660474e-07,1.4552489649651364e-13,9.354935390915256e-12,1.1094817520608409e-10,-4.0512220364632484e-11,-1.7623822885069436e-19,4.280550898981842e-07,9.354935390915256e-12,1.1094817520608409e-10,-2.0734761064170393e-07,2.910527176169829e-10,-2.140235192873851e-07,-6.966961363298373e-09,-6.966961363389843e-09,-2.304801266373981e-16,5.886912619537106e-09,1.7605810646208498e-20,-2.5964342961330164e-12,5.88391625854246e-09,3.1694154797822185e-12,6.857217704201124e-13,1.7374275729355464e-12,4.367663601526534e-21,2.304799852127014e-16
2.0339999999999994,548,101325.0,2.771e-08,0.066,0.29999999999999993,0.6339999999999998,0.22000000000000003,548.0,1e-11,1e-22,IdealGasReactor,off,0.6325695596657491,0.0,0.0,0.29166706642815965,0.014792829591245777,0.004928080944410337,3.6009607420788426e-12,0.05604246336683408,0.0,0.003154904482803957,5.012493423618294e-11,0.516984141244471,5.901534592924731e-09,7.173650561699945e-08,1.0686154890373215e-07,8.514819840730182e-06,0.478869295668113,5.345091835755835e-05,5.4858039313600195e-05,0.0007550044383410596,5.538078121597348e-06,3.3177612280257684e-13,1.7788418409809669e-09,0.00011410598175006954,0.0,0.0,0.0,0.0,0.0,0.0,0.0,0.0,0.0,0.0,0.0,0.0,-3.2128280700704667e-07,6.425656138532082e-07,2.141885378688939e-07,1.6087448995553094e-16,-4.283770759022772e-07,0.0,4.1786600286280044e-17,-7.286392061880095e-24,-3.442236423789809e-18,-4.583841692388453e-22,-1.598774687942492e-20,2.1440521477374477e-21,-2.091112588534054e-21,4.541398248694963e-17,-6.438556995540042e-22,1.5106491757706938e-19,-5.047944409009794e-21,-7.439455634148793e-23,1.5413390115330053e-22,5.3683504143608535e-24,-4.194482122250008e-17,4.225003077042589e-07,3.2128280700704667e-07,6.214423640050089e-07,-6.425630203844086e-07,-5.471122581953864e-07,2.370739655036936e-10,1.3426117797686737e-07,9.95818055658867e-08,9.499203782760914e-08,9.95818055658867e-08,2.140472107258253e-07,2.140472107258253e-07,-1.6087448995553094e-16,4.2809442337990023e-07,-2.8334313689099007e-16,4.734868046825325e-19,-1.875555922962501e-15,4.280944212453619e-07,1.4543937744853986e-13,9.342491206801947e-12,1.1082519770122434e-10,-4.043817121248857e-11,-1.7602248325119175e-19,4.278036185196556e-07,9.342491206801947e-12,1.1082519770122434e-10,-2.0722408312765653e-07,2.9080276765110723e-10,-2.1389773510124282e-07,-6.964454741237355e-09,-6.964454741235264e-09,-2.3034742701480987e-16,5.87976124742431e-09,1.758570158942627e-20,-2.593468799543382e-12,5.8767681980182515e-09,3.1655644390807303e-12,6.852615332642009e-13,1.7354618990399824e-12,4.362776909630875e-21,2.303474323831603e-16
2.0429999999999997,548,101325.00000000004,2.771e-08,0.066,0.29999999999999993,0.6339999999999998,0.22000000000000003,548.0,1e-11,1e-22,IdealGasReactor,off,0.6325630637993732,0.0,0.0,0.2916332642492596,0.014854291774206394,0.004948568368115266,3.6163536140916967e-12,0.05600081180542916,0.0,0.0031541587295548885,5.008568207274034e-11,0.5171433366013384,5.900275573138168e-09,7.201620883589318e-08,1.0693736430801428e-07,8.522876872511104e-06,0.47871165713138764,5.342764151387422e-05,5.480429895644162e-05,0.0007543281243998067,5.536449210449708e-06,3.3148392128805104e-13,1.7792244169538642e-09,0.00011404146327561623,0.0,0.0,0.0,0.0,0.0,0.0,0.0,0.0,0.0,0.0,0.0,0.0,-3.210937604683477e-07,6.421875207852791e-07,2.1406250685691495e-07,1.6082128635554126e-16,-4.281250137937323e-07,0.0,-6.83756823494348e-14,-2.6070309961535982e-23,2.3706840376383407e-17,2.290314362546111e-20,-9.192530939195701e-18,1.2096689277975477e-19,-1.2374208373487018e-19,-6.846586104876538e-14,9.971646431377997e-21,-5.700716090557863e-17,2.2744192252036252e-20,2.8709371110184208e-21,-2.0706119347248962e-20,-3.7920646995588054e-22,6.844194036006943e-14,4.2225538784284884e-07,3.210937604683477e-07,6.210243088067034e-07,-6.421849302796925e-07,-5.467963093411391e-07,2.367899973564999e-10,1.3424405232430157e-07,9.949510639304334e-08,9.493042630044199e-08,9.949510639304334e-08,2.139213530073906e-07,2.139213530073906e-07,-1.6082128635554126e-16,4.278427079413805e-07,-2.8297266910319906e-16,4.729457218268296e-19,-1.8741222545176326e-15,4.278427743198421e-07,1.4535386040364757e-13,9.330058810662074e-12,1.107023155359933e-10,-4.0364235515813e-11,-1.758069366327788e-19,4.275521529854731e-07,9.330058810662074e-12,1.107023155359933e-10,-2.07100558847879e-07,2.905528924286362e-10,-2.1377195396448352e-07,-6.961948009035935e-09,-6.9619480089121925e-09,-2.302152567878137e-16,5.872615691002724e-09,1.7565608018535935e-20,-2.5905055865082047e-12,5.869625950883492e-09,3.1617165312646354e-12,6.848012926833873e-13,1.7334976800969564e-12,4.357893718319282e-21,2.3021487758134374e-16
2.0519999999999996,548,101325.0,2.771e-08,0.066,0.29999999999999993,0.6339999999999998,0.22000000000000003,548.0,1e-11,1e-22,IdealGasReactor,off,0.6325565718906858,0.0,0.0,0.29159948266476315,0.014915716510557358,0.004969043309598768,3.631741087228248e-12,0.05595918562076303,0.0,0.0031534125398434043,5.00464496834072e-11,0.5173025381350093,5.899016109218378e-09,7.22955809985947e-08,1.0701296483973108e-07,8.530921762204198e-06,0.4785540124159695,5.340436083971701e-05,5.475059514387455e-05,0.0007536522287206461,5.534819861109325e-06,3.311919046286916e-13,1.779607057661198e-09,0.00011397694530370177,0.0,0.0,0.0,0.0,0.0,0.0,0.0,0.0,0.0,0.0,0.0,0.0,-3.2090471880896166e-07,6.418094374571252e-07,2.1393647906800143e-07,1.6076808088656924e-16,-4.278729583045104e-07,0.0,-4.684234523012477e-16,3.9339358211126085e-24,-7.904563119769908e-18,-1.9270240541922744e-22,-3.134021904840911e-20,-9.423241538204091e-21,9.547318630087045e-21,-4.60663467488457e-16,-8.024742463079746e-22,-2.1426588694321466e-19,-1.1667505930527806e-20,-1.9206099847715611e-22,-5.330120075108638e-23,2.0251560244895556e-24,4.686295794026437e-16,4.220104687850494e-07,3.2090471880896166e-07,6.206063010461514e-07,-6.418068499124672e-07,-5.464803661232202e-07,2.3650627068230874e-10,1.3422688263406927e-07,9.940843070476203e-08,9.486881846056137e-08,9.940843070476203e-08,2.1379549837712188e-07,2.1379549837712188e-07,-1.6076808088656924e-16,4.2759099867915186e-07,-2.826025704915546e-16,4.724050849610863e-19,-1.8726889649408187e-15,4.2759099705413917e-07,1.4526834545720276e-13,9.317638202978626e-12,1.1057952874098232e-10,-4.029041316747458e-11,-1.7559158895226713e-19,4.273006934933455e-07,9.317638202978626e-12,1.1057952874098232e-10,-2.0697703790088562e-07,2.903030921640932e-10,-2.1364617597583747e-07,-6.959441167115812e-09,-6.959441167125359e-09,-2.300823189372091e-16,5.865475952595867e-09,1.7545529940103923e-20,-2.5875446579961013e-12,5.862489519461002e-09,3.1578717575831718e-12,6.843410492582909e-13,1.7315349168953076e-12,4.353014029841138e-21,2.300823209623651e-16
2.0609999999999995,548,101324.99999999996,2.771e-08,0.066,0.29999999999999993,0.6339999999999998,0.22000000000000003,548.0,1e-11,1e-22,IdealGasReactor,off,0.6325500839393466,0.0,0.0,0.2915657216728993,0.014977103803518762,0.004989505769934833,3.647123161757485e-12,0.055917584810653495,0.0,0.003152665913809746,5.0007237072858694e-11,0.51746174571485,5.89775620115574e-09,7.25746221291378e-08,1.0708835060209548e-07,8.53895451238435e-06,0.47839636165227944,5.338107634324019e-05,5.469692787548791e-05,0.0007529767513112339,5.533190074534696e-06,3.309000728393502e-13,1.7799897632224274e-09,0.00011391242788706037,0.0,0.0,0.0,0.0,0.0,0.0,0.0,0.0,0.0,0.0,0.0,0.0,-3.2071568210471205e-07,6.41431364035307e-07,2.1381045460619095e-07,1.6071487359247087e-16,-4.276209093592123e-07,0.0,3.2129412284685704e-15,8.503499545729465e-22,7.24607470248573e-18,-1.2315860990405973e-21,1.3461153476883748e-17,4.383395502041004e-20,-2.0557092583167844e-20,3.212482182933273e-15,6.5104451703916876e-21,-6.6392255138984934e-18,7.476348979989973e-21,-2.154598700547499e-21,-1.7846576781726673e-21,-8.172436206502651e-23,-3.2197839581801725e-15,4.21765550455617e-07,3.2071568210471205e-07,6.201883409233092e-07,-6.414287794492932e-07,-5.461644286662511e-07,2.3622278542875835e-10,1.3420966888177238e-07,9.932177855003593e-08,9.480721433598446e-08,9.932177855003593e-08,2.1366964688590794e-07,2.1366964688590794e-07,-1.6071487359247087e-16,4.2733929569505596e-07,-2.8223284095484003e-16,4.718648940054749e-19,-1.871256055192338e-15,4.273392903986206e-07,1.4518283264378304e-13,9.305229380306426e-12,1.1045683730025136e-10,-4.0216704043043346e-11,-1.7537644016910396e-19,4.270492402513247e-07,9.305229380306426e-12,1.1045683730025136e-10,-2.0685352038870997e-07,2.9005336707989803e-10,-2.135204012391343e-07,-6.956934217480966e-09,-6.956934217460409e-09,-2.299498443077475e-16,5.858342032047857e-09,1.7525467353292563e-20,-2.58458601388373e-12,5.855358903595278e-09,3.1540301179523506e-12,6.838808032824352e-13,1.7295736094925661e-12,4.348137844575644e-21,2.299497625833854e-16
2.0699999999999994,548,101325.00000000004,2.771e-08,0.066,0.29999999999999993,0.6339999999999998,0.22000000000000003,548.0,1e-11,1e-22,IdealGasReactor,off,0.6325435999450117,0.0,0.0,0.29153198127188046,0.015038453656340604,0.0050099557502065635,3.6624998379500655e-12,0.05587600937289805,0.0,0.003151918852252936,4.9968044256233623e-11,0.5176209593170518,5.8964958501651975e-09,7.285333226719348e-08,1.0716352171117931e-07,8.54697512485697e-06,0.4782387048630794,5.33577880436911e-05,5.464329716222211e-05,0.000752301692336,5.531559851618628e-06,3.3060842595645615e-13,1.7803725333526944e-09,0.0001138479110765799,0.0,0.0,0.0,0.0,0.0,0.0,0.0,0.0,0.0,0.0,0.0,0.0,-3.205266505653408e-07,6.410533009900983e-07,2.1368443357044858e-07,1.6066166448090924e-16,-4.273688673262531e-07,0.0,1.6701534297973952e-15,6.404408330209324e-22,-1.1628590261865199e-17,-1.70492043073377e-20,-2.016986617737462e-17,-7.117723734896293e-20,6.918704079516034e-20,1.6746979369217044e-15,-6.398131572327389e-21,1.2981672297130771e-17,-1.5075115641928e-20,1.2841979009885755e-21,2.317252433928667e-21,2.4320209173331684e-22,-1.6629636559945073e-15,4.215206332206867e-07,3.205266505653408e-07,6.197704288954203e-07,-6.410507193604432e-07,-5.458484973215603e-07,2.359395416414288e-10,1.3419241109869167e-07,9.923515001907373e-08,9.474561399409525e-08,9.923515001907373e-08,2.1354379867341417e-07,2.1354379867341417e-07,-1.6066166448090924e-16,4.2708759926839533e-07,-2.81863480376827e-16,4.713251490100882e-19,-1.8698235261990617e-15,4.2708759551146613e-07,1.4509732205828725e-13,9.292832343061524e-12,1.1033424124373922e-10,-4.014310803521171e-11,-1.7516149023962654e-19,4.2679779345703973e-07,9.292832343061524e-12,1.1033424124373922e-10,-2.0673000640988215e-07,2.8980371739005683e-10,-2.1339462985305653e-07,-6.95442716056644e-09,-6.954427160635627e-09,-2.2981695939670207e-16,5.85121393164227e-09,1.7505420264554836e-20,-2.581629655123034e-12,5.8482341055663935e-09,3.1501916135986906e-12,6.834205553341704e-13,1.7276137586662857e-12,4.343265164743694e-21,2.298172025987938e-16
2.0789999999999997,548,101324.99999999997,2.771e-08,0.066,0.29999999999999993,0.6339999999999998,0.22000000000000003,548.0,1e-11,1e-22,IdealGasReactor,off,0.6325371199073353,0.0,0.0,0.2914982614599046,0.015099766072300222,0.005030393251506245,3.67787111607869e-12,0.05583445930527579,0.0,0.0031511713554386064,4.9928871240122845e-11,0.5177801788310693,5.895235056468769e-09,7.313171144049715e-08,1.0723847827330206e-07,8.55498360208069e-06,0.4780810421585443,5.333449595132795e-05,5.4589703005715146e-05,0.0007516270518310931,5.529929193309043e-06,3.3031696399846516e-13,1.7807553680955598e-09,0.00011378339492464724,0.0,0.0,0.0,0.0,0.0,0.0,0.0,0.0,0.0,0.0,0.0,0.0,-3.203376242918879e-07,6.40675248413358e-07,2.1355841606378186e-07,1.6060845358893407e-16,-4.271168322651144e-07,0.0,1.2393978782566062e-14,-1.6763128072641229e-21,5.946727175433264e-18,2.2141551599981898e-20,9.864545703723582e-18,-7.006550660569166e-20,6.86857693439532e-20,1.238066472992623e-14,5.008732594657282e-21,-1.704581377316245e-17,9.363552055955294e-21,7.200607232274106e-22,-5.163913629973388e-21,2.4234358303833096e-22,-1.2386684374654987e-14,4.2127571713945593e-07,3.203376242918879e-07,6.193525652107353e-07,-6.406726697377762e-07,-5.455325722564273e-07,2.3565653928574607e-10,1.3417510927108712e-07,9.914854516854082e-08,9.468401747031183e-08,9.914854516854082e-08,2.134179538072324e-07,2.134179538072324e-07,-1.6060845358893407e-16,4.26835909534371e-07,-2.814944886526101e-16,4.707858499183685e-19,-1.868391378913543e-15,4.268358950731965e-07,1.4501181374664226e-13,9.280447088494138e-12,1.102117405638824e-10,-4.006962502274567e-11,-1.7494673912221383e-19,4.265463533165659e-07,9.280447088494138e-12,1.102117405638824e-10,-2.0660649606570198e-07,2.89554143315018e-10,-2.1326886192046546e-07,-6.9519199980798815e-09,-6.951919998148567e-09,-2.2968439874045677e-16,5.844091651664899e-09,1.7485388674377588e-20,-2.5786755817859583e-12,5.8411151256584745e-09,3.146356244674529e-12,6.829603057606411e-13,1.7256553646046826e-12,4.338395991058511e-21,2.296846410840398e-16
2.0879999999999996,548,101324.99999999999,2.771e-08,0.066,0.29999999999999993,0.6339999999999998,0.22000000000000003,548.0,1e-11,1e-22,IdealGasReactor,off,0.632530643825968,0.0,0.0,0.29146456223515443,0.015161041054701308,0.0050508182749353335,3.693236996418204e-12,0.055792934605547816,0.0,0.0031504234241345732,4.988971803907925e-11,0.517939404227787,5.893973821221948e-09,7.340975968902043e-08,1.0731322040475343e-07,8.562979945935298e-06,0.47792337356678516,5.331120008485993e-05,5.4536145416230504e-05,0.0007509528299519183,5.528298100502934e-06,3.3002568700024906e-13,1.781138267185747e-09,0.00011371887948220687,0.0,0.0,0.0,0.0,0.0,0.0,0.0,0.0,0.0,0.0,0.0,0.0,-3.2014860348735463e-07,6.4029720687657e-07,2.1343240218527517e-07,1.6055524092600598e-16,-4.268648045733381e-07,0.0,-2.3001043100282142e-14,-5.0320694777412725e-22,-1.147231703004099e-17,4.138281527825596e-20,-6.25506302976515e-17,2.1832803611071625e-18,-2.1733153162677362e-18,-2.3019050992616628e-14,-4.8425019061993886e-21,3.065535572943171e-17,-1.8688587100999846e-20,1.5485441452452093e-20,-3.739885778085419e-21,5.114196513481546e-22,2.303061935677768e-14,4.210308026073332e-07,3.2014860348735463e-07,6.189347503132636e-07,-6.402946311527752e-07,-5.452166538107401e-07,2.3537377840152493e-10,1.3415776342765867e-07,9.906196408644599e-08,9.462242483001942e-08,9.906196408644599e-08,2.1329211242254425e-07,2.1329211242254425e-07,-1.6055524092600598e-16,4.265842267633258e-07,-2.811258656657396e-16,4.702469967724852e-19,-1.8669596142624986e-15,4.265842477035875e-07,1.4492630780070021e-13,9.268073616786109e-12,1.100893352879888e-10,-3.999625489741902e-11,-1.7473218677282688e-19,4.262949200278995e-07,9.268073616786109e-12,1.100893352879888e-10,-2.0648298945474247e-07,2.893046450686242e-10,-2.131430975402165e-07,-6.949412730532689e-09,-6.9494127283593735e-09,-2.2955156676897055e-16,5.836975194245053e-09,1.7465372588786513e-20,-2.575723794761486e-12,5.83400196600487e-09,3.142524012327209e-12,6.825000551257903e-13,1.7236984280430667e-12,4.333530325633133e-21,2.295520781886219e-16
2.0969999999999995,548,101325.00000000004,2.771e-08,0.066,0.29999999999999993,0.6339999999999998,0.22000000000000003,548.0,1e-11,1e-22,IdealGasReactor,off,0.6325241717005574,0.0,0.0,0.2914308835957971,0.015222278606876685,0.005071230821604417,3.708597479245242e-12,0.05575143527145558,0.0,0.003149675058601904,4.9850584659544366e-11,0.5180986353956516,5.892712144637633e-09,7.368747704120324e-08,1.0738774821257243e-07,8.570964158922295e-06,0.4777656991989909,5.328790045446781e-05,5.448262439521311e-05,0.000750279026732195,5.526666574150729e-06,3.297345949796317e-13,1.7815212306707454e-09,0.00011365436480165528,0.0,0.0,0.0,0.0,0.0,0.0,0.0,0.0,0.0,0.0,0.0,0.0,-3.1995958825153734e-07,6.399191763259038e-07,2.133063920380908e-07,1.6050202652951496e-16,-4.2661278421603614e-07,0.0,3.0838838970189576e-14,2.8329607085850642e-21,8.196128212970684e-18,-3.2811544356032015e-20,1.6752617630795552e-17,-5.584858798162026e-19,5.491139234759768e-19,3.083431076679514e-14,-1.7047096147873358e-20,-1.2387547061530044e-17,1.7906271343155016e-20,4.498363267428218e-21,4.419585323474639e-21,-5.64151680032135e-22,-3.0842561075220333e-14,4.207858895891904e-07,3.1995958825153734e-07,6.185169844487982e-07,-6.399166035516097e-07,-5.449007421498216e-07,2.350912589526297e-10,1.341403735543644e-07,9.897540682899844e-08,9.456083610828538e-08,9.897540682899844e-08,2.1316627458614564e-07,2.1316627458614564e-07,-1.6050202652951496e-16,4.2633255108885367e-07,-2.8075761131054403e-16,4.697085895135258e-19,-1.865528233197424e-15,4.2633251817747464e-07,1.4484080426584726e-13,9.25571192511955e-12,1.0996702540781612e-10,-3.9922997537823064e-11,-1.745178331493768e-19,4.2604349379716477e-07,9.25571192511955e-12,1.0996702540781612e-10,-2.0635948667844074e-07,2.890552228709453e-10,-2.1301733681521048e-07,-6.9469053596500476e-09,-6.9469053601991615e-09,-2.294200781387991e-16,5.829864559624824e-09,1.744537200815241e-20,-2.572774294104371e-12,5.8268946268457466e-09,3.1386949166857656e-12,6.820398037741925e-13,1.721742949157852e-12,4.328668169150492e-21,2.294195139871191e-16
2.1059999999999994,548,101325.00000000004,2.771e-08,0.066,0.29999999999999993,0.6339999999999998,0.22000000000000003,548.0,1e-11,1e-22,IdealGasReactor,off,0.6325177035307488,0.0,0.0,0.2913972255399864,0.015283478732183331,0.005091630892633312,3.723952564838896e-12,0.055709961300724115,0.0,0.003148926259548904,4.9811471115035e-11,0.5182578722956628,5.891450027758776e-09,7.396486353660937e-08,1.0746206181268749e-07,8.578936243028484e-06,0.47760801909323436,5.326459707784619e-05,5.4429139951764773e-05,0.0007496056423115339,5.525034615156435e-06,3.2944368796897174e-13,1.7819042583223393e-09,0.00011358985093407021,0.0,0.0,0.0,0.0,0.0,0.0,0.0,0.0,0.0,0.0,0.0,0.0,-3.1977057877496473e-07,6.395411573895738e-07,2.1318038572162816e-07,1.6044881041226997e-16,-4.2636077159863165e-07,0.0,-1.0529169609478301e-16,1.0753194244254273e-23,1.0591968923884646e-17,-1.1872642101443684e-22,-1.1117307432712692e-20,8.973255284975244e-21,-8.996416342126729e-21,-1.1044929129114302e-16,1.0669164766352008e-21,5.584069185604891e-18,1.5298679377825713e-20,-1.3927653563861603e-22,-1.6658684091419196e-22,6.855143580916898e-24,9.977559037778728e-17,4.205409784885676e-07,3.1977057877496473e-07,6.180992680371804e-07,-6.395385875624933e-07,-5.445848375923311e-07,2.3480898096892545e-10,1.3412293967493997e-07,9.888887348024384e-08,9.449925136680334e-08,9.888887348024384e-08,2.130404404249361e-07,2.130404404249361e-07,-1.6044881041226997e-16,4.2608088276477317e-07,-2.8038972547096703e-16,4.691706281701203e-19,-1.8640972366461813e-15,4.2608088079987283e-07,1.4475530322830808e-13,9.243362013276978e-12,1.0984481094606905e-10,-3.9849852834086616e-11,-1.7430367820755027e-19,4.2579207482316124e-07,9.243362013276978e-12,1.0984481094606905e-10,-2.0623598783554064e-07,2.888058769360009e-10,-2.1289157984469212e-07,-6.944397886087512e-09,-6.944397886078516e-09,-2.292869417648475e-16,5.822759749696908e-09,1.7425386937761016e-20,-2.569827080594512e-12,5.81979311006405e-09,3.1348689587625877e-12,6.815795522431907e-13,1.7197889286112721e-12,4.3238095235369236e-21,2.2928694861999107e-16
2.1149999999999998,548,101325.00000000003,2.771e-08,0.066,0.29999999999999993,0.6339999999999998,0.22000000000000003,548.0,1e-11,1e-22,IdealGasReactor,off,0.6325112393161842,0.0,0.0,0.2913635880658583,0.015344641434011113,0.005112018489150868,3.7393022534795265e-12,0.05566851269105624,0.0,0.0031481770274910596,4.9772377415957305e-11,0.5184171148573755,5.8901874712701565e-09,7.424191921064256e-08,1.0753616131779548e-07,8.586896200489922e-06,0.47745033331927644,5.3241289969449243e-05,5.4375692091597336e-05,0.0007489326767828866,5.5234022244453885e-06,3.2915296599400536e-13,1.7822873500318244e-09,0.00011352533793109512,0.0,0.0,0.0,0.0,0.0,0.0,0.0,0.0,0.0,0.0,0.0,0.0,-3.195815752087853e-07,6.391631502836081e-07,2.1305438333695485e-07,1.6039559259773287e-16,-4.2610876685108104e-07,0.0,1.269987751679765e-14,-7.964578612750867e-22,-3.775730689421945e-18,6.6565170060101195e-21,-2.6461626909579563e-17,-1.1411121986291527e-19,1.1432132373850374e-19,1.2690108073703312e-14,3.1661571850140645e-21,1.2982200692270473e-17,-5.974063173745623e-21,-1.5479651188164222e-21,-2.5687336480286756e-21,-1.7096305092742527e-22,-1.2686307663257976e-14,4.202960694342679e-07,3.195815752087853e-07,6.176816014226117e-07,-6.391605834014534e-07,-5.442689403905074e-07,2.345269444511237e-10,1.3410546179689707e-07,9.880236411208938e-08,9.443767065572364e-08,9.880236411208938e-08,2.1291461003975066e-07,2.1291461003975066e-07,-1.6039559259773287e-16,4.258292219927395e-07,-2.800222080347963e-16,4.68633112732045e-19,-1.8626666255458264e-15,4.258292072290004e-07,1.4466980475659752e-13,9.231023879887756e-12,1.0972269191182967e-10,-3.977682067130853e-11,-1.7408972190364234e-19,4.25540663307828e-07,9.231023879887756e-12,1.0972269191182967e-10,-2.0611249302598954e-07,2.885566074801008e-10,-2.1276582672947496e-07,-6.941890310965313e-09,-6.941890311079634e-09,-2.291545531621696e-16,5.815660765607552e-09,1.740541738072733e-20,-2.5668821546914785e-12,5.8126974168131375e-09,3.1310461391780755e-12,6.811193009865135e-13,1.717836366850837e-12,4.3189543901691554e-21,2.2915438219911867e-16
2.1239999999999997,548,101325.00000000003,2.771e-08,0.066,0.29999999999999993,0.6339999999999998,0.22000000000000003,548.0,1e-11,1e-22,IdealGasReactor,off,0.6325047790565026,0.0,0.0,0.2913299711715354,0.015405766715773098,0.005132393612295169,3.754646545450065e-12,0.05562708944013892,0.0,0.003147427362828461,4.973330357084225e-11,0.5185763629913865,5.8889244756405796e-09,7.451864409641364e-08,1.0761004683872438e-07,8.59484403369656e-06,0.4772926419659842,5.321797914178106e-05,5.4322280818367426e-05,0.0007482601302109362,5.521769402955646e-06,3.288624290763985e-13,1.7826705057621724e-09,0.0001134608258446997,0.0,0.0,0.0,0.0,0.0,0.0,0.0,0.0,0.0,0.0,0.0,0.0,-3.1939257768055464e-07,6.387851552028107e-07,2.129283849859974e-07,1.603423731157887e-16,-4.258567701339095e-07,0.0,3.5091017423652226e-16,4.157780641414261e-23,-1.4892031924196975e-18,-1.1793880483788032e-22,-2.0558548421045937e-18,-8.787966827763366e-21,8.721792378759124e-21,3.5043001739763115e-16,-4.729500068016052e-23,7.374074155699543e-20,-2.3165849386820684e-21,-7.697949575571614e-23,1.967894820190097e-23,-5.633125857956723e-24,-3.48928864652727e-16,4.2005116258610285e-07,3.1939257768055464e-07,6.172639849038129e-07,-6.38782591263294e-07,-5.439530507565196e-07,2.342451493822809e-10,1.3408793991800795e-07,9.871587878911678e-08,9.437609401823908e-08,9.871587878911678e-08,2.12788783515751e-07,2.12788783515751e-07,-1.603423731157887e-16,4.255775689430731e-07,-2.796550588919527e-16,4.680960431654606e-19,-1.8612364008385865e-15,4.2557756652072953e-07,1.4458430890858044e-13,9.21869752288201e-12,1.0960066830593511e-10,-3.970390093157034e-11,-1.738759641942132e-19,4.252892594549376e-07,9.21869752288201e-12,1.0960066830593511e-10,-2.0598900235031571e-07,2.8830741472078324e-10,-2.1264007757127655e-07,-6.939382635681686e-09,-6.939382635690408e-09,-2.290218204523569e-16,5.8085676080716255e-09,1.7385463338853044e-20,-2.5639395166611638e-12,5.8056075478066676e-09,3.127226458315588e-12,6.806590504076617e-13,1.7158852641943197e-12,4.314102770091926e-21,2.2902181481923104e-16
2.1329999999999996,548,101325.0,2.771e-08,0.066,0.29999999999999993,0.6339999999999998,0.22000000000000003,548.0,1e-11,1e-22,IdealGasReactor,off,0.6324983227513404,0.0,0.0,0.29129637485512566,0.015466854580909956,0.005152756263213451,3.769985441035441e-12,0.05558569154564056,0.0,0.0031466772661283993,4.9694249590836554e-11,0.5187356166354368,5.887661041649567e-09,7.479503823149983e-08,1.0768371848992091e-07,8.602779744858427e-06,0.4771349450948696,5.3194664610156256e-05,5.426890613855389e-05,0.0007475880026994686,5.520136151608387e-06,3.285720772430726e-13,1.7830537253734184e-09,0.00011339631472634837,0.0,0.0,0.0,0.0,0.0,0.0,0.0,0.0,0.0,0.0,0.0,0.0,-3.1920358635160696e-07,6.384071725429702e-07,2.1280239076930927e-07,1.602891519871252e-16,-4.2560478169541546e-07,0.0,-5.1381327945994953e-17,-2.7819176641256556e-23,3.581519133209768e-18,1.419079452969678e-22,-1.7575933655526732e-20,-3.3087224502121107e-21,3.2442023624329745e-21,-5.492206628622206e-17,7.672804981316492e-22,1.1143925482823602e-19,5.2876323103489296e-21,6.788050901763283e-23,-2.357047483223731e-22,6.655841718909723e-24,5.131261663744959e-17,4.198062581910536e-07,3.1920358635160696e-07,6.168464188443513e-07,-6.384046115438032e-07,-5.436371689597764e-07,2.339635957698052e-10,1.3407037405022187e-07,9.862941758625099e-08,9.431452150747314e-08,9.862941758625099e-08,2.126629609605113e-07,2.126629609605113e-07,-1.602891519871252e-16,4.253259238309302e-07,-2.7928827792815885e-16,4.6755941946873e-19,-1.85980656345714e-15,4.2532592181565576e-07,1.4449881575735073e-13,9.206382941146423e-12,1.0947874014065891e-10,-3.963109350122996e-11,-1.7366240503480583e-19,4.2503786346547e-07,9.206382941146423e-12,1.0947874014065891e-10,-2.0586551590807354e-07,2.880582988731518e-10,-2.1251433247043607e-07,-6.93687486123574e-09,-6.936874861238984e-09,-2.288892399437769e-16,5.801480278410049e-09,1.7365524815752717e-20,-2.5609991670369003e-12,5.798523504361863e-09,3.1234099168833337e-12,6.801988009819492e-13,1.7139356211384846e-12,4.309254664808182e-21,2.288892465996186e-16
2.1419999999999995,548,101324.99999999999,2.771e-08,0.066,0.29999999999999993,0.6339999999999998,0.22000000000000003,548.0,1e-11,1e-22,IdealGasReactor,off,0.6324918704003311,0.0,0.0,0.29126279911472025,0.015527905032892142,0.00517310644306203,3.785318940522261e-12,0.05554431900520925,0.0,0.003145926737849674,4.9655215485323186e-11,0.5188948757094045,5.8863971698739206e-09,7.507110165126373e-08,1.0775717638411148e-07,8.610703336331278e-06,0.4769772427854441,5.3171346388059806e-05,5.4215568056704786e-05,0.0007469162943257534,5.518502471337228e-06,3.2828191051714673e-13,1.7834370087932009e-09,0.00011333180462782924,0.0,0.0,0.0,0.0,0.0,0.0,0.0,0.0,0.0,0.0,0.0,0.0,-3.190146013610869e-07,6.380292024282824e-07,2.1267640078829684e-07,1.6023592923848253e-16,-4.253528016790742e-07,0.0,-1.9724072846422523e-14,3.135390153006185e-21,2.8620157189301246e-17,-1.608503025906425e-20,1.3387122797293722e-16,-3.347103630634571e-19,3.685941624954668e-19,-1.9648536006594658e-14,1.0731726762524866e-20,-2.9040665353834934e-17,3.0036937428298214e-20,-3.813095828716319e-21,-1.4812778344931394e-21,-3.7222099836898923e-22,1.961971838525284e-14,4.195613563916928e-07,3.190146013610869e-07,6.164289035650379e-07,-6.380266443671762e-07,-5.433212952320982e-07,2.336822836045193e-10,1.340527641963379e-07,9.854298057154016e-08,9.425295317001933e-08,9.854298057154016e-08,2.1253714246688322e-07,2.1253714246688322e-07,-1.6023592923848253e-16,4.2507428684201234e-07,-2.7892186503116283e-16,4.670232416180679e-19,-1.858377114339257e-15,4.250743044220684e-07,1.444133253659985e-13,9.19408013291112e-12,1.0935690742053533e-10,-3.955839826381899e-11,-1.7344904438123466e-19,4.247864755421965e-07,9.19408013291112e-12,1.0935690742053533e-10,-2.0574203379940863e-07,2.8780926015352025e-10,-2.123885915281772e-07,-6.934366988888205e-09,-6.934366989256799e-09,-2.28757049864446e-16,5.794398777522267e-09,1.734560181380678e-20,-2.5580611061698892e-12,5.791445287381375e-09,3.1195965153665748e-12,6.79738553137506e-13,1.7119874380581765e-12,4.304410075508852e-21,2.2875667764344765e-16
2.151,548,101324.99999999997,2.771e-08,0.066,0.29999999999999993,0.6339999999999998,0.22000000000000003,548.0,1e-11,1e-22,IdealGasReactor,off,0.6324854220031046,0.0,0.0,0.29122924394839705,0.01558891807521468,0.005193444153006428,3.800647044199528e-12,0.05550297181647651,0.0,0.0031451757788505583,4.96162012699785e-11,0.5190541401983666,5.8851328616337175e-09,7.534683440134993e-08,1.0783042064225326e-07,8.618614810022489e-06,0.47681953505151675,5.314802449569281e-05,5.416226658417524e-05,0.0007462450052611781,5.5168683630327854e-06,3.2799192893453345e-13,1.7838203557012603e-09,0.00011326729559967665,0.0,0.0,0.0,0.0,0.0,0.0,0.0,0.0,0.0,0.0,0.0,0.0,-3.18825622928965e-07,6.376512456978123e-07,2.1255041514110728e-07,1.601827048745105e-16,-4.2510083049197697e-07,0.0,-2.33156231281297e-16,-2.1370039320617888e-21,-2.2507956933544935e-17,-5.7614767317218755e-21,-2.294400495875086e-19,-1.904500642342091e-19,1.88990090453053e-19,-1.8382437399743894e-16,4.488706802154746e-21,2.693394580019201e-17,-2.9574324149927645e-20,-4.181863285550116e-21,-8.480969058677836e-21,8.212558204623303e-23,2.0651060119808109e-16,4.1931645759275306e-07,3.18825622928965e-07,6.160114395419278e-07,-6.376486905724772e-07,-5.430054299422385e-07,2.3340121293587105e-10,1.3403511039300357e-07,9.845656783782899e-08,9.419138907623446e-08,9.845656783782899e-08,2.1241132818133774e-07,2.1241132818133774e-07,-1.601827048745105e-16,4.248226582692662e-07,-2.7855582007921016e-16,4.664875096673376e-19,-1.8569480544002964e-15,4.2482265638632555e-07,1.4432783783404691e-13,9.18178909871215e-12,1.0923517017759412e-10,-3.948581511306655e-11,-1.7323588218715463e-19,4.2453509588104244e-07,9.18178909871215e-12,1.0923517017759412e-10,-2.0561855612216228e-07,2.8756029877250495e-10,-2.1226285484233332e-07,-6.931859018944998e-09,-6.931859019133988e-09,-2.286240259870577e-16,5.787323107780315e-09,1.7325694339760483e-20,-2.555125335055364e-12,5.784372899223883e-09,3.1157862550340195e-12,6.792783074742649e-13,1.7100407157592195e-12,4.299569004487788e-21,2.2862410811263974e-16
2.1599999999999997,548,101324.99999999999,2.771e-08,0.066,0.29999999999999993,0.6339999999999998,0.22000000000000003,548.0,1e-11,1e-22,IdealGasReactor,off,0.6324789775592892,0.0,0.0,0.2911957093542175,0.01564989371140259,0.005213769394221245,3.815969752357895e-12,0.055461649977053516,0.0,0.0031444243892193168,4.957720694822247e-11,0.5192134099614143,5.883868116814593e-09,7.562223650905317e-08,1.079034513706029e-07,8.626514168758704e-06,0.4766618220338577,5.3124698940300034e-05,5.410900171901175e-05,0.0007455741354935057,5.515233827670415e-06,3.277021325056974e-13,1.784203766256182e-09,0.00011320278769480441,0.0,0.0,0.0,0.0,0.0,0.0,0.0,0.0,0.0,0.0,0.0,0.0,-3.1863665111888507e-07,6.372733020976394e-07,2.124244339321335e-07,1.6012947894254253e-16,-4.2484886808722985e-07,0.0,2.8707457990319883e-15,1.620090023378135e-21,-2.7020018423590893e-17,-1.0840351928967536e-20,-2.0209147330303538e-17,1.7734752333136913e-21,1.5732975250758586e-21,2.9135779208709497e-15,1.899939254212776e-21,3.562240269080922e-17,-3.6185144941154515e-20,-3.036993618988441e-21,3.1711614034961587e-21,-2.515301212574612e-22,-2.8863391644450202e-15,4.1907156174783057e-07,3.1863665111888507e-07,6.155940269505581e-07,-6.37270749905786e-07,-5.426895731941079e-07,2.3312038369881856e-10,1.340174126117329e-07,9.837017942985274e-08,9.412982925050639e-08,9.837017942985274e-08,2.1228551814664435e-07,2.1228551814664435e-07,-1.6012947894254253e-16,4.245710381982063e-07,-2.7819014296751804e-16,4.659522235182883e-19,-1.855519384596314e-15,4.2457103321957845e-07,1.442423531905566e-13,9.169509834572638e-12,1.0911352839025491e-10,-3.9413343922923124e-11,-1.7302291840961767e-19,4.242837246909667e-07,9.169509834572638e-12,1.0911352839025491e-10,-2.0549508297857434e-07,2.8731141495092023e-10,-2.121371225171859e-07,-6.929350953559155e-09,-6.9293509535607286e-09,-2.284917895856125e-16,5.7802532686768465e-09,1.7305802391835138e-20,-2.552191853431e-12,5.777306339399283e-09,3.111979135621269e-12,6.788180642598505e-13,1.7080954542056548e-12,4.294731451884545e-21,2.2849153805549126e-16
2.1689999999999996,548,101325.0,2.771e-08,0.066,0.29999999999999993,0.6339999999999998,0.22000000000000003,548.0,1e-11,1e-22,IdealGasReactor,off,0.6324725370685093,0.0,0.0,0.2911621953302288,0.015710831945006665,0.005234082167890245,3.831287065290245e-12,0.055420353484533995,0.0,0.0031436725695638836,4.9538232531683255e-11,0.5193726849424417,5.882602936269342e-09,7.589730801476153e-08,1.0797626868597681e-07,8.634401414776111e-06,0.47650410378777697,5.3101369737865215e-05,5.405577346814242e-05,0.0007449036851332475,5.5135988661695895e-06,3.274125212578837e-13,1.7845872402941372e-09,0.0001131382809645077,0.0,0.0,0.0,0.0,0.0,0.0,0.0,0.0,0.0,0.0,0.0,0.0,-3.1844768609972084e-07,6.368953720440167e-07,2.122984572615405e-07,1.6007625146118057e-16,-4.2459691470194807e-07,0.0,2.511350118213044e-15,-2.4186945229325e-22,-9.642293910183607e-18,-3.486750400185481e-23,-4.722843955653165e-18,-8.41738991333961e-20,8.217212205101777e-20,2.5254060145503533e-15,-5.320342497203679e-22,9.08970821882107e-18,-1.2577322007443917e-20,4.4297589753746015e-21,9.709097286672762e-22,5.630480610126291e-23,-2.5156933116516403e-15,4.188266690926309e-07,3.1844768609972084e-07,6.151766661686355e-07,-6.368928227833549e-07,-5.423737252699345e-07,2.3283979590480837e-10,1.3399967086805708e-07,9.828381542465146e-08,9.406827374816445e-08,9.828381542465146e-08,2.1215971247538398e-07,2.1215971247538398e-07,-1.6007625146118057e-16,4.2431942685402707e-07,-2.778248335791192e-16,4.654173831740859e-19,-1.8540911058546708e-15,4.2431942226528463e-07,1.441568715120233e-13,9.157242339525288e-12,1.0899198207279844e-10,-3.93409845806367e-11,-1.728101530029715e-19,4.2403236217207565e-07,9.157242339525288e-12,1.0899198207279844e-10,-2.053716144678998e-07,2.870626089022867e-10,-2.1201139465263622e-07,-6.926842793640694e-09,-6.926842793722866e-09,-2.28358911292012e-16,5.773189261637339e-09,1.7285925973948385e-20,-2.5492606618748344e-12,5.770245609317204e-09,3.1081751578863656e-12,6.783578239855756e-13,1.7061516539237653e-12,4.2898974192778474e-21,2.283589675968181e-16
2.1779999999999995,548,101325.0,2.771e-08,0.066,0.29999999999999993,0.6339999999999998,0.22000000000000003,548.0,1e-11,1e-22,IdealGasReactor,off,0.6324661005303862,0.0,0.0,0.29112870187446255,0.015771732779605637,0.0052543824752063085,3.846598983291387e-12,0.05537908233649266,0.0,0.0031429203205078356,4.9499278032185314e-11,0.5195319650877909,5.881337320878985e-09,7.61720489597221e-08,1.0804887270589695e-07,8.64227655031063e-06,0.47634638036611837,5.307803690462693e-05,5.4002581838694015e-05,0.0007442336542938078,5.511963479448807e-06,3.2712309521854825e-13,1.7849707776418227e-09,0.0001130737754600179,0.0,0.0,0.0,0.0,0.0,0.0,0.0,0.0,0.0,0.0,0.0,0.0,-3.182587280433124e-07,6.365174559279625e-07,2.121724852292778e-07,1.600230224481973e-16,-4.243449706104768e-07,0.0,1.554626134628432e-15,-4.333755617984232e-23,8.211356709555596e-19,-3.138388914411849e-21,-1.3473117817263715e-18,7.90387618906669e-20,-8.260804623383321e-20,1.5452473408132628e-15,4.544422242976755e-21,-7.268985161991012e-18,2.6519359951352133e-21,-1.2847665876597057e-21,-1.4755765808817746e-21,1.4548946873988387e-22,-1.5460775750147459e-15,4.1858177990004766e-07,3.182587280433124e-07,6.147593575794062e-07,-6.365149095962014e-07,-5.420578864569293e-07,2.3255944956702627e-10,1.3398188517885592e-07,9.819747590010686e-08,9.400672262539502e-08,9.819747590010686e-08,2.1203391128208892e-07,2.1203391128208892e-07,-1.600230224481973e-16,4.2406782446577945e-07,-2.7745989179623924e-16,4.648829886400235e-19,-1.852663219100923e-15,4.240678208589088e-07,1.4407139287626855e-13,9.14498661266781e-12,1.0887053124035298e-10,-3.926873697379973e-11,-1.7259758592122853e-19,4.2378100852414674e-07,9.14498661266781e-12,1.0887053124035298e-10,-2.0524815068921565e-07,2.868138808396476e-10,-2.118856713484346e-07,-6.924334540062152e-09,-6.924334539979544e-09,-2.282262513740932e-16,5.766131088106804e-09,1.7266065090146432e-20,-2.5463317609838526e-12,5.763190710429117e-09,3.1043743226097446e-12,6.778975871489953e-13,1.7042093154527224e-12,4.2850669082792504e-21,2.2822639686356193e-16
2.187,548,101325.00000000003,2.771e-08,0.066,0.29999999999999993,0.6339999999999998,0.22000000000000003,548.0,1e-11,1e-22,IdealGasReactor,off,0.6324596679445393,0.0,0.0,0.291095228984936,0.01583259621880511,0.005274670317371452,3.861905506658209e-12,0.0553378365304861,0.0,0.003142167642669545,4.946034346142788e-11,0.5196912503428619,5.880071271514126e-09,7.644645938554063e-08,1.0812126354819336e-07,8.650139577622789e-06,0.47618865182267317,5.305470045673187e-05,5.3949426837635727e-05,0.0007435640430865938,5.510327668427283e-06,3.2683385441472274e-13,1.785354378129213e-09,0.00011300927123256205,0.0,0.0,0.0,0.0,0.0,0.0,0.0,0.0,0.0,0.0,0.0,0.0,-3.1806977712024207e-07,6.361395541232014e-07,2.120465179352882e-07,1.599697919216839e-16,-4.2409303609460737e-07,0.0,-1.558584355656026e-14,-5.371713708071441e-22,-2.2848423845276356e-17,3.025041348023412e-20,-4.289036031716875e-17,-1.8814719340886146e-19,1.8685679165327874e-19,-1.5564646821753018e-14,-4.699778313462221e-22,4.1072141499963894e-17,-3.489931166208966e-20,5.6251383580902956e-21,-1.062624302993055e-20,2.8746515916680196e-22,1.5587678457191887e-14,4.183368944504556e-07,3.1806977712024207e-07,6.143421015635834e-07,-6.361370107180501e-07,-5.417420570401568e-07,2.3227934469733138e-10,1.339640555606093e-07,9.811116093365851e-08,9.394517593800909e-08,9.811116093365851e-08,2.119081146804653e-07,2.119081146804653e-07,-1.599697919216839e-16,4.238162312608822e-07,-2.770953175007612e-16,4.643490399195112e-19,-1.8512357252600074e-15,4.2381624476561797e-07,1.4398591736055262e-13,9.13274265304299e-12,1.0874917590746225e-10,-3.919660098982282e-11,-1.7238521711817182e-19,4.235296639469637e-07,9.13274265304299e-12,1.0874917590746225e-10,-2.0512469174157898e-07,2.8656523097580886e-10,-2.117599527043111e-07,-6.92182619370922e-09,-6.921826193896077e-09,-2.280935385166152e-16,5.759078749505928e-09,1.7246219744378303e-20,-2.5434051513407002e-12,5.756141644151752e-09,3.1005766305530914e-12,6.77437354244975e-13,1.702268439322061e-12,4.280239920475748e-21,2.2809382598177435e-16
2.1959999999999997,548,101324.99999999999,2.771e-08,0.066,0.29999999999999993,0.6339999999999998,0.22000000000000003,548.0,1e-11,1e-22,IdealGasReactor,off,0.6324532393105847,0.0,0.0,0.29106177665965055,0.015893422266239174,0.005294945695596788,3.877206635689452e-12,0.05529661606405162,0.0,0.00314141453628473,4.9421428825018174e-11,0.5198505405902897,5.878804788333023e-09,7.672053932487561e-08,1.0819344132351029e-07,8.657990499438807e-06,0.4760309182744854,5.303136040389766e-05,5.389630846532121e-05,0.0007428948515316605,5.508691434067986e-06,3.265447988607247e-13,1.7857380418255926e-09,0.00011294476833458025,0.0,0.0,0.0,0.0,0.0,0.0,0.0,0.0,0.0,0.0,0.0,0.0,-3.1788083342344314e-07,6.357616667070373e-07,2.1192055548280953e-07,1.5991655992099565e-16,-4.2384111111715204e-07,0.0,-1.1347832117915327e-14,-1.6909852490407102e-22,8.595944568290862e-19,1.9728653561876583e-20,-2.0066104641335968e-17,-8.954726439254056e-20,8.877136897796582e-20,-1.1376369038411406e-14,4.420147241669899e-21,-7.504113264938573e-18,8.292764329624699e-22,-2.2699386972103616e-21,-3.504555004312827e-21,1.448118146411556e-22,1.1375491420254208e-14,4.1809201270666656e-07,3.1788083342344314e-07,6.139248983527731e-07,-6.357591262262045e-07,-5.414262371732692e-07,2.3199948125075815e-10,1.3394618199745938e-07,9.802487057887555e-08,9.388363371901321e-08,9.802487057887555e-08,2.117823227327313e-07,2.117823227327313e-07,-1.5991655992099565e-16,4.2356464736374865e-07,-2.767311105828468e-16,4.638155369403602e-19,-1.8498086252772836e-15,4.2356465668191845e-07,1.4390044500715108e-13,9.120510457451777e-12,1.0862791606204984e-10,-3.9124576506340396e-11,-1.7217304654917835e-19,4.2327832864689837e-07,9.120510457451777e-12,1.0862791606204984e-10,-2.0500123772641618e-07,2.8631665952865937e-10,-2.116342388232801e-07,-6.9193177563933585e-09,-6.91931775648213e-09,-2.279611102092679e-16,5.752032245833996e-09,1.7226389936360055e-20,-2.5404808329036455e-12,5.749098410485463e-09,3.0967820817162256e-12,6.769771256034484e-13,1.7003290256428624e-12,4.275416456383153e-21,2.2796125502108254e-16
2.2049999999999996,548,101324.99999999999,2.771e-08,0.066,0.29999999999999993,0.6339999999999998,0.22000000000000003,548.0,1e-11,1e-22,IdealGasReactor,off,0.6324468146281351,0.0,0.0,0.291028344896593,0.015954210925568,0.005315208611102568,3.8925023706860285e-12,0.05525542093470873,0.0,0.0031406610021704555,4.9382534137713226e-11,0.5200098358077764,5.877537872574752e-09,7.699428882515928e-08,1.0826540615439522e-07,8.665829317823874e-06,0.4758731797427944,5.3008016765599845e-05,5.384322673199635e-05,0.0007422260797859552,5.507054777269358e-06,3.262559285895325e-13,1.7861217684375012e-09,0.00011288026681664327,0.0,0.0,0.0,0.0,0.0,0.0,0.0,0.0,0.0,0.0,0.0,0.0,-3.1769189716337247e-07,6.353837942636393e-07,2.1179459797003883e-07,1.5986332645328035e-16,-4.235891961213889e-07,0.0,2.0905988929954824e-14,-2.8508561412888823e-21,-1.1237371624517376e-17,4.3505922199225465e-20,-9.684688845285972e-17,-1.0106955945315922e-18,1.0017173761629416e-18,2.0829683356442128e-14,-2.5878479456479388e-20,1.0199168592841158e-17,7.849124506554566e-21,3.3163738708782262e-21,-1.24559495703368e-20,1.908058746384473e-21,-2.0818391563582702e-14,4.178471351098424e-07,3.1769189716337247e-07,6.135077484040358e-07,-6.353812567048327e-07,-5.411104272088509e-07,2.3171985926742848e-10,1.339282645227721e-07,9.793860492532622e-08,9.382209603592291e-08,9.793860492532622e-08,2.116565355790264e-07,2.116565355790264e-07,-1.5986332645328035e-16,4.233130730546902e-07,-2.763672709189598e-16,4.632824797432117e-19,-1.8483819200650336e-15,4.233130501685167e-07,1.43814975911285e-13,9.108290026043305e-12,1.0850675173196632e-10,-3.9052663415741987e-11,-1.7196107416655887e-19,4.2302700282020056e-07,9.108290026043305e-12,1.0850675173196632e-10,-2.048777887415139e-07,2.8606816670772934e-10,-2.1150852980332213e-07,-6.9168092285249185e-09,-6.916809229526636e-09,-2.278267760777893e-16,5.74499157921272e-09,1.7206575672146678e-20,-2.5375588065660043e-12,5.742061011546493e-09,3.0929906772370846e-12,6.765169018039518e-13,1.698391075152569e-12,4.270596518120882e-21,2.2782868413653567e-16
2.2139999999999995,548,101324.99999999999,2.771e-08,0.066,0.29999999999999993,0.6339999999999998,0.22000000000000003,548.0,1e-11,1e-22,IdealGasReactor,off,0.6324403938968011,0.0,0.0,0.29099493369373514,0.016014962200480123,0.0053354590651181425,3.907792711950724e-12,0.05521425113995786,0.0,0.0031399070406617716,4.93436594066084e-11,0.5201691358939244,5.876270524580811e-09,7.726770792228294e-08,1.0833715815420567e-07,8.673656035423596e-06,0.4757154363285524,5.298466955321072e-05,5.3790181639592546e-05,0.0007415577278916541,5.505417698984773e-06,3.259672436182037e-13,1.7865055579734395e-09,0.00011281576673085586,0.0,0.0,0.0,0.0,0.0,0.0,0.0,0.0,0.0,0.0,0.0,0.0,-3.1750296845273805e-07,6.350059367337014e-07,2.1166864549928754e-07,1.5981009155248259e-16,-4.233372911686954e-07,0.0,1.3553512824486724e-16,-7.300186657300404e-22,-5.334954738462362e-18,3.152792978988014e-21,1.1926541534695769e-17,3.835471064285879e-20,-3.879807945118721e-20,1.5784855357033422e-16,-3.6201515079737074e-21,4.945798326819096e-18,-2.0978039465458538e-21,9.983553005632198e-22,-8.455104612872267e-22,1.6422000369227938e-22,-1.5247797368680616e-16,4.1760226172102375e-07,3.1750296845273805e-07,6.130906519866981e-07,-6.350034020946289e-07,-5.407946273340069e-07,2.314404787160304e-10,1.3391030312913774e-07,9.785236403252252e-08,9.376056292752952e-08,9.785236403252252e-08,2.1153075329467574e-07,2.1153075329467574e-07,-1.5981009155248259e-16,4.2306150848432036e-07,-2.7600379839614165e-16,4.627498682737354e-19,-1.846955610561484e-15,4.230615062716936e-07,1.4372951012413564e-13,9.096081356150065e-12,1.0838568291160085e-10,-3.898086159813113e-11,-1.7174929992473621e-19,4.2277568667144254e-07,9.096081356150065e-12,1.0838568291160085e-10,-2.0475434488760827e-07,2.858197527290218e-10,-2.1138282574655807e-07,-6.914300611679259e-09,-6.914300611640461e-09,-2.276959491921079e-16,5.737956749971727e-09,1.7186776952472526e-20,-2.534639072436138e-12,5.735029447671662e-09,3.0892024172963773e-12,6.760566832183213e-13,1.6964545880628818e-12,4.265780106462252e-21,2.276961134121116e-16
2.223,548,101325.00000000003,2.771e-08,0.066,0.29999999999999993,0.6339999999999998,0.22000000000000003,548.0,1e-11,1e-22,IdealGasReactor,off,0.6324339771161893,0.0,0.0,0.2909615430490344,0.016075676094688525,0.005355697058882023,3.923077659788721e-12,0.05517310667728271,0.0,0.0031391526522949755,4.930480464194074e-11,0.5203284407802142,5.87500274506674e-09,7.754079665776972e-08,1.084086974406928e-07,8.68147065466679e-06,0.4755576880995776,5.296131878148728e-05,5.3737173193425595e-05,0.0007408897959377941,5.503780200145697e-06,3.2567874397008615e-13,1.786889410315957e-09,0.0001127512681286708,0.0,0.0,0.0,0.0,0.0,0.0,0.0,0.0,0.0,0.0,0.0,0.0,-3.173140474448147e-07,6.346280947298526e-07,2.115426981711548e-07,1.5975685524140835e-16,-4.2308539648727184e-07,0.0,-3.4199360563892527e-16,-3.525611365629033e-23,1.5303768031814015e-17,3.751288677465805e-22,1.3753697481041702e-19,4.393983413881683e-21,-4.364204911829774e-21,-3.56763984193411e-16,1.6857909581829985e-21,6.031623126359429e-19,2.2132886796210742e-20,-1.3141831981936227e-22,9.311721718015036e-23,-4.3932000063719e-24,3.4134238195569633e-16,4.173573927673509e-07,3.173140474448147e-07,6.126736094479075e-07,-6.346255630082216e-07,-5.404788378045125e-07,2.311613395943964e-10,1.3389229782624598e-07,9.776614797240249e-08,9.369903444455471e-08,9.776614797240249e-08,2.1140497598190579e-07,2.1140497598190579e-07,-1.5975685524140835e-16,4.228099538571234e-07,-2.756406928963785e-16,4.622177025161389e-19,-1.8455296976930353e-15,4.228099521608186e-07,1.4364404771516321e-13,9.083884446249698e-12,1.0826470960902882e-10,-3.890917093868976e-11,-1.7153772377688267e-19,4.2252438040167076e-07,9.083884446249698e-12,1.0826470960902882e-10,-2.0463090626420687e-07,2.855714178054829e-10,-2.1125712675334936e-07,-6.9117919069479374e-09,-6.911791906943573e-09,-2.275635473545402e-16,5.730927759178253e-09,1.7166993780242047e-20,-2.531721630942777e-12,5.7280037199209555e-09,3.085417302463789e-12,6.755964703046591e-13,1.6945195647997995e-12,4.2609672227296004e-21,2.275635429613402e-16
2.2319999999999998,548,101324.99999999999,2.771e-08,0.066,0.29999999999999993,0.6339999999999998,0.22000000000000003,548.0,1e-11,1e-22,IdealGasReactor,off,0.6324275642859051,0.0,0.0,0.29092817296043055,0.016136352611940262,0.005375922593641691,3.938357214506281e-12,0.0551319875441441,0.0,0.0031383978377397216,4.926596985600753e-11,0.5204877504198883,5.873734534995598e-09,7.781355507673377e-08,1.0848002413466909e-07,8.689273177846596e-06,0.4753999351017605,5.2937964467415185e-05,5.368420140102621e-05,0.000740222284044185,5.502142281668962e-06,3.2539042967257353e-13,1.7872733252646351e-09,0.00011268677106108363,0.0,0.0,0.0,0.0,0.0,0.0,0.0,0.0,0.0,0.0,0.0,0.0,-3.171251343196426e-07,6.342502684374107e-07,2.1141675608500527e-07,1.5970361753549093e-16,-4.2283351230362157e-07,0.0,3.3004468754517096e-15,-1.941595055058144e-22,9.871875897367005e-18,5.879414142164791e-21,4.2244285936650534e-17,1.6623021589865644e-20,-1.8475906161984426e-20,3.316544018621506e-15,3.789894684809075e-21,-1.6157357650816728e-17,1.4381419887086976e-20,1.5509119497486423e-21,-5.337990230732123e-22,-3.363346009328111e-23,-3.326494683442971e-15,4.1711252847379584e-07,3.171251343196426e-07,6.122566211860832e-07,-6.34247739630928e-07,-5.401630589215232e-07,2.3088244191941005e-10,1.3387424863509545e-07,9.767995682503489e-08,9.363751064556807e-08,9.767995682503489e-08,2.1127920376069754e-07,2.1127920376069754e-07,-1.5970361753549093e-16,4.2255840941305217e-07,-2.7527795429817785e-16,4.616859824797603e-19,-1.8441041823775157e-15,4.22558404045148e-07,1.4355858876589147e-13,9.071699295565723e-12,1.0814383184129253e-10,-3.883759132593423e-11,-1.713263456752681e-19,4.222730842094948e-07,9.071699295565723e-12,1.0814383184129253e-10,-2.045074729699032e-07,2.8532316214787343e-10,-2.1113143292285554e-07,-6.909283115102083e-09,-6.909283115083607e-09,-2.274310065506296e-16,5.723904608364343e-09,1.7147226159780117e-20,-2.5288064827238947e-12,5.720983829825721e-09,3.0816353335629813e-12,6.751362635778283e-13,1.6925860059295762e-12,4.256157868603944e-21,2.274309729171695e-16
2.2409999999999997,548,101325.0,2.771e-08,0.066,0.29999999999999993,0.6339999999999998,0.22000000000000003,548.0,1e-11,1e-22,IdealGasReactor,off,0.6324211554055493,0.0,0.0,0.2908948234258515,0.01619699175600253,0.005396135670653878,3.953631376412654e-12,0.05509089373798899,0.0,0.00313764259743417,4.922715505740929e-11,0.5206470647281114,5.872465894899043e-09,7.808598321912558e-08,1.085511383526904e-07,8.697063607541919e-06,0.47524217741936015,5.291460662409004e-05,5.363126626590108e-05,0.000739555192275171,5.500503944498334e-06,3.2510230074529656e-13,1.7876573027644095e-09,0.0001126222755798326,0.0,0.0,0.0,0.0,0.0,0.0,0.0,0.0,0.0,0.0,0.0,0.0,-3.1693622921028176e-07,6.338724582630062e-07,2.1129081934219746e-07,1.5965037846306284e-16,-4.2258163884057e-07,0.0,3.6706574779042806e-17,9.226657418675455e-24,3.3961218563084577e-18,4.099698148064751e-22,-2.06718390777412e-18,-3.679299364635867e-21,3.667718836060125e-21,3.1134634887687633e-17,4.747694608369559e-22,-5.804824645746366e-20,4.7033986422808826e-21,-1.1957929730219706e-22,8.025200214411142e-23,-9.428741344695521e-24,-3.4557061223009765e-17,4.168676690625116e-07,3.1693622921028176e-07,6.118396875093368e-07,-6.338699323693781e-07,-5.39847290906605e-07,2.3060378567346147e-10,1.3385615555712873e-07,9.759379065603161e-08,9.35759915753356e-08,9.759379065603161e-08,2.111534367198708e-07,2.111534367198708e-07,-1.5965037846306284e-16,4.223068753297435e-07,-2.7491558248486673e-16,4.611547081280214e-19,-1.8426790655449747e-15,4.2230687324895655e-07,1.4347313333667117e-13,9.059525901961064e-12,1.0802304960929139e-10,-3.876612264248278e-11,-1.7111516557304246e-19,4.2202179829754364e-07,9.059525901961064e-12,1.0802304960929139e-10,-2.0438404510472434e-07,2.8507498596996724e-10,-2.110057443562275e-07,-6.906774237473134e-09,-6.906774237476802e-09,-2.272984128071598e-16,5.7168872982020895e-09,1.71274740928424e-20,-2.5258936280387045e-12,5.713969778058437e-09,3.0778565109548678e-12,6.746760634528928e-13,1.6906539117645933e-12,4.2513520451166245e-21,2.2729840337841847e-16
2.2499999999999996,548,101325.0,2.771e-08,0.066,0.29999999999999993,0.6339999999999998,0.22000000000000003,548.0,1e-11,1e-22,IdealGasReactor,off,0.6324147504747212,0.0,0.0,0.2908614944432088,0.01625759353067293,0.005416336291184346,3.968900145818673e-12,0.055049825256243884,0.0,0.003136886931871225,4.9188360255572324e-11,0.520806383628862,5.871196825409783e-09,7.835808112658028e-08,1.0862204021279191e-07,8.704841946286695e-06,0.47508441512775645,5.289124526552378e-05,5.357836779243764e-05,0.0007388885207073638,5.498865189572349e-06,3.248143572094362e-13,1.788041342726405e-09,0.00011255778173647876,0.0,0.0,0.0,0.0,0.0,0.0,0.0,0.0,0.0,0.0,0.0,0.0,-3.167473322606923e-07,6.334946643618156e-07,2.1116488804361827e-07,1.5959713804947095e-16,-4.223297762414399e-07,0.0,4.206205325005755e-16,1.6662082974592832e-24,5.57820363124213e-18,6.085841333641011e-22,1.4293680984916318e-20,2.6999175193730823e-21,-1.6039032077403207e-21,4.1520020488933394e-16,8.0599077365328365e-22,2.1653262395062243e-19,7.724023738273899e-21,4.683910218581519e-23,3.014743868943025e-23,8.770698032248215e-24,-4.208212878910736e-16,4.166228146759623e-07,3.167473322606923e-07,6.114228087466375e-07,-6.334921413787484e-07,-5.395315339997831e-07,2.303253708465229e-10,1.3383801859844976e-07,9.750764953429997e-08,9.351447728182038e-08,9.750764953429997e-08,2.110276749554726e-07,2.110276749554726e-07,-1.5959713804947095e-16,4.220553517992933e-07,-2.745535773381394e-16,4.606238794342701e-19,-1.841254348121763e-15,4.2205534933614786e-07,1.433876814927636e-13,9.047364263594024e-12,1.0790236291750268e-10,-3.869476477231551e-11,-1.7090418342286338e-19,4.217705228674846e-07,9.047364263594024e-12,1.0790236291750268e-10,-2.0426062276835508e-07,2.848268894845478e-10,-2.108800611541348e-07,-6.904265275263173e-09,-6.904265275261569e-09,-2.271658256811349e-16,5.709875829551497e-09,1.7107737581749365e-20,-2.522983067229582e-12,5.706961565477612e-09,3.074080835100913e-12,6.742158703680703e-13,1.6887232826729578e-12,4.2465497534416575e-21,2.2716583445183294e-16
2.259,548,101325.00000000003,2.771e-08,0.066,0.29999999999999993,0.6339999999999998,0.22000000000000003,548.0,1e-11,1e-22,IdealGasReactor,off,0.6324083494930162,0.0,0.0,0.2908281860103981,0.016318157939777655,0.005436524456507923,3.98416352303699e-12,0.05500878209631587,0.0,0.0031361308414744994,4.914958545879441e-11,0.520965707034573,5.869927327030912e-09,7.862984883953329e-08,1.0869272983197196e-07,8.712608196712239e-06,0.474926648313961,5.2867880404560785e-05,5.352550598377735e-05,0.0007382222694003379,5.49722601783847e-06,3.2452659908370934e-13,1.7884254451059075e-09,0.00011249328958281008,0.0,0.0,0.0,0.0,0.0,0.0,0.0,0.0,0.0,0.0,0.0,0.0,-3.1655844360068097e-07,6.331168870691831e-07,2.1103896229074825e-07,1.5954389632397318e-16,-4.2207792466620186e-07,0.0,-3.0118333185742304e-14,-4.910263650026471e-21,4.603309287923947e-17,-7.783527206517697e-21,-2.7046291401421844e-17,1.595015979239051e-18,-1.5824114010649679e-18,-3.021894238278863e-14,-2.0984488384426058e-20,-2.8551669844529454e-17,5.581814591754278e-20,-3.901966045777485e-21,-1.4659440315240875e-20,-1.0708170922694377e-21,3.017261500658299e-14,4.1637796547352567e-07,3.1655844360068097e-07,6.110059851996314e-07,-6.331143669943825e-07,-5.392157884170875e-07,2.3004719741794707e-10,1.3381983775932055e-07,9.742153352435703e-08,9.345296780882272e-08,9.742153352435703e-08,2.1090191855415533e-07,2.1090191855415533e-07,-1.5954389632397318e-16,4.218038389950204e-07,-2.7419193874084184e-16,4.600934963576656e-19,-1.839830031037528e-15,4.218038671677249e-07,1.4330223329304676e-13,9.035214378202594e-12,1.0778177176545892e-10,-3.8623517597642477e-11,-1.7069339917750434e-19,4.215192581222047e-07,9.035214378202594e-12,1.0778177176545892e-10,-2.041372060609041e-07,2.8457887290516936e-10,-2.1075438341785567e-07,-6.901756229844138e-09,-6.901756228261727e-09,-2.270343370509635e-16,5.702870203010967e-09,1.7088016628032145e-20,-2.520074800522595e-12,5.699959192676164e-09,3.0703083063194174e-12,6.737556847314976e-13,1.6867941189446902e-12,4.241750994553288e-21,2.270332662338712e-16
2.268,548,101325.00000000003,2.771e-08,0.066,0.29999999999999993,0.6339999999999998,0.22000000000000003,548.0,1e-11,1e-22,IdealGasReactor,off,0.6324019524600272,0.0,0.0,0.29079489812530207,0.016378684987166853,0.005456700167908602,3.9994215083827214e-12,0.05496776425559574,0.0,0.003135374327189562,4.911083068353351e-11,0.5211250349435794,5.868657401237179e-09,7.890128641191597e-08,1.0876320733822182e-07,8.720362360866966e-06,0.47476887697842496,5.2844512062800925e-05,5.3472680851898236e-05,0.0007375564385358318,5.495586430183068e-06,3.2423902640325156e-13,1.7888096095294768e-09,0.00011242879916880389,0.0,0.0,0.0,0.0,0.0,0.0,0.0,0.0,0.0,0.0,0.0,0.0,-3.163695634652378e-07,6.327391267402128e-07,2.1091304218034207e-07,1.5949065328672498e-16,-4.2182608449582677e-07,0.0,9.243507837033523e-15,-9.887473114484025e-22,6.088296316283621e-18,9.164791310063443e-21,3.082554065383372e-17,-1.0238510749936355e-19,1.005123705925435e-19,9.249831017394115e-15,-1.1305167904641727e-21,-1.820381231308166e-17,9.814535126445753e-21,1.8764075207882587e-21,-9.480545408933077e-22,1.1364285373592957e-22,-9.255981230928201e-15,4.1613312183369673e-07,3.163695634652378e-07,6.105892173719753e-07,-6.327366095713839e-07,-5.389000545528671e-07,2.297692654429335e-10,1.3380161308430455e-07,9.733544272289068e-08,9.339146323104625e-08,9.733544272289068e-08,2.1077616767237891e-07,2.1077616767237891e-07,-1.5949065328672498e-16,4.2155233722980154e-07,-2.738306665632832e-16,4.595635589576617e-19,-1.838406115190116e-15,4.21552325935437e-07,1.432167888438309e-13,9.023076246502842e-12,1.0766127618828048e-10,-3.855238101374879e-11,-1.7048281278675437e-19,4.2126800425498087e-07,9.023076246502842e-12,1.0766127618828048e-10,-2.0401379507901863e-07,2.8433093643737114e-10,-2.1062871124390283e-07,-6.899247101323435e-09,-6.899247101423947e-09,-2.269005852546361e-16,5.6958704210444395e-09,1.7068311238866707e-20,-2.5171688289762443e-12,5.692962662130015e-09,3.066538925942361e-12,6.732955071746579e-13,1.6848664214276039e-12,4.2369557708531396e-21,2.2690069889748984e-16
2.2769999999999997,548,101324.99999999999,2.771e-08,0.066,0.29999999999999993,0.6339999999999998,0.22000000000000003,548.0,1e-11,1e-22,IdealGasReactor,off,0.6323955593753443,0.0,0.0,0.29076163078578704,0.016439174676719934,0.005476863426679413,4.014674102172713e-12,0.054926771731454535,0.0,0.0031346173891389642,4.907209593327042e-11,0.5212843672184778,5.867387047969583e-09,7.917239387754518e-08,1.088334728431928e-07,8.728104441765095e-06,0.4746111012583789,5.2821140248026566e-05,5.341989239468205e-05,0.0007368910281010323,5.493946427590481e-06,3.2395163917663586e-13,1.789193836142827e-09,0.00011236431054725566,0.0,0.0,0.0,0.0,0.0,0.0,0.0,0.0,0.0,0.0,0.0,0.0,-3.161806919230265e-07,6.323613836824658e-07,2.107871278165186e-07,1.5943740898386665e-16,-4.215742557846451e-07,0.0,-4.53960171001181e-15,4.677552389907944e-22,1.388312280331344e-18,-3.6836926393546287e-22,4.161684628097191e-18,1.8685017420837832e-19,-1.8194830189838907e-19,-4.5431015790123325e-15,-1.6333444559780296e-22,-6.441528569593115e-18,2.2831632876432315e-21,-8.933550615572699e-23,2.5192092925093416e-21,2.1869513369858172e-23,4.5416992660271235e-15,4.158882838113361e-07,3.161806919230265e-07,6.101725054476337e-07,-6.323588694173135e-07,-5.385843325195012e-07,2.294915748557915e-10,1.3378334454820155e-07,9.724937717557327e-08,9.332996357431323e-08,9.724937717557327e-08,2.1065042235621147e-07,2.1065042235621147e-07,-1.5943740898386665e-16,4.2130084659581165e-07,-2.7346976069440973e-16,4.590340671334603e-19,-1.836982601525274e-15,4.2130084909608456e-07,1.4313134817641808e-13,9.010949864455473e-12,1.0754087616443783e-10,-3.848135489520767e-11,-1.7027242420445924e-19,4.2101676147408667e-07,9.010949864455473e-12,1.0754087616443783e-10,-2.0389038992471226e-07,2.8408308029862883e-10,-2.1050304473622485e-07,-6.896737891806321e-09,-6.8967378916243724e-09,-2.267681106251745e-16,5.688876483133292e-09,1.704862141243212e-20,-2.5142651523222647e-12,5.685971973309028e-09,3.062772693683355e-12,6.728353379757905e-13,1.6829401900803297e-12,4.2321640824674605e-21,2.267681324946879e-16
2.2859999999999996,548,101325.00000000003,2.771e-08,0.066,0.29999999999999993,0.6339999999999998,0.22000000000000003,548.0,1e-11,1e-22,IdealGasReactor,off,0.632389170238555,0.0,0.0,0.2907283839897043,0.016499627012344007,0.005497014234122465,4.029921304725754e-12,0.05488580452124449,0.0,0.0031338600279825863,4.9033381219890215e-11,0.5214437038103032,5.866116268169499e-09,7.944317128408744e-08,1.0890352646984381e-07,8.735834441820478e-06,0.47445332120193806,5.279776497703586e-05,5.3367140619111996e-05,0.0007362260382089528,5.492306010982203e-06,3.236644374293624e-13,1.789578124753316e-09,0.00011229982376910275,0.0,0.0,0.0,0.0,0.0,0.0,0.0,0.0,0.0,0.0,0.0,0.0,-3.1599182915100943e-07,6.319836581426256e-07,2.1066121929857145e-07,1.5938416343157837e-16,-4.213224387617484e-07,0.0,3.533482146457672e-16,-4.527481578327357e-23,-5.168591551949331e-18,4.378245113418369e-22,-3.05990652195616e-20,-4.791030107907136e-21,4.941576979391787e-21,3.5857386860856682e-16,-3.067068985176203e-22,2.0899321597946753e-20,-7.399268913935172e-21,2.5229008682867344e-23,-1.2770485083457066e-22,-2.665015797248678e-24,-3.533658620788469e-16,4.156434516341262e-07,3.1599182915100943e-07,6.097558498186031e-07,-6.319811467788545e-07,-5.38268622612991e-07,2.2921412566895593e-10,1.337650321714261e-07,9.716333696121214e-08,9.326846889627035e-08,9.716333696121214e-08,2.10524682723609e-07,2.10524682723609e-07,-1.5938416343157837e-16,4.210493673289586e-07,-2.7310922101028095e-16,4.585050208875936e-19,-1.8355594909561253e-15,4.2104936492926015e-07,1.4304591137095614e-13,8.998835231089245e-12,1.0742057170905776e-10,-3.841043913006218e-11,-1.700622333814079e-19,4.207655299779278e-07,8.998835231089245e-12,1.0742057170905776e-10,-2.0376699069647434e-07,2.8383530469819586e-10,-2.103773839938734e-07,-6.894228602097115e-09,-6.894228602102057e-09,-2.266355698212639e-16,5.681888390687252e-09,1.7028947152722038e-20,-2.511363771149819e-12,5.678987127622211e-09,3.059009610300132e-12,6.723751776431283e-13,1.6810154254360316e-12,4.227375930992796e-21,2.266355671562481e-16
2.295,548,101324.99999999999,2.771e-08,0.066,0.29999999999999993,0.6339999999999998,0.22000000000000003,548.0,1e-11,1e-22,IdealGasReactor,off,0.6323827850492427,0.0,0.0,0.2906951577348912,0.01656004199797113,0.005517152591548984,4.045163116362951e-12,0.0548448626223009,0.0,0.003133102244258684,4.899468655332348e-11,0.52160304464992,5.864845062551037e-09,7.971361867666288e-08,1.0897336833903092e-07,8.74355236360443e-06,0.47429553687754017,5.277438626457972e-05,5.331442553003309e-05,0.0007355614689432183,5.490665181294741e-06,3.2337742118278014e-13,1.7899624752453325e-09,0.0001122353388856837,0.0,0.0,0.0,0.0,0.0,0.0,0.0,0.0,0.0,0.0,0.0,0.0,-3.1580297530141096e-07,6.316059504677458e-07,2.1053531672681632e-07,1.5933091665287124e-16,-4.210706336540371e-07,0.0,-6.723060586621329e-15,6.60943782989532e-22,-1.5832329188691542e-17,3.0346936470752986e-21,-2.438533739762246e-17,-5.52159602491397e-20,5.571392297789663e-20,-6.706295182432625e-15,-1.4450405053807408e-21,2.5138363425876725e-17,-2.422524520437342e-20,-5.986719683352538e-23,-1.5824527312189477e-21,7.064823499777935e-24,6.722256628535787e-15,4.153986255280148e-07,3.1580297530141096e-07,6.093392508292133e-07,-6.316034420030599e-07,-5.379529250873796e-07,2.289369178765618e-10,1.3374667596410444e-07,9.707732215097474e-08,9.320697924728605e-08,9.707732215097474e-08,2.10398948876099e-07,2.10398948876099e-07,-1.5933091665287124e-16,4.2079789963229004e-07,-2.7274904738933516e-16,4.579764201982039e-19,-1.8341367844021113e-15,4.2079790429916386e-07,1.4296047849643038e-13,8.986732344710314e-12,1.073003628287175e-10,-3.833963360326415e-11,-1.698522402687762e-19,4.205143099670604e-07,8.986732344710314e-12,1.073003628287175e-10,-2.0364359749352037e-07,2.8358760984684575e-10,-2.1025172911696997e-07,-6.891719233295953e-09,-6.891719233351667e-09,-2.265029959301288e-16,5.6749061446568486e-09,1.7009288462368245e-20,-2.5084646858472886e-12,5.672008126022309e-09,3.055249676304593e-12,6.719150266323248e-13,1.6790921278932777e-12,4.222591317681202e-21,2.265030029949523e-16
2.304,548,101325.00000000003,2.771e-08,0.066,0.29999999999999993,0.6339999999999998,0.22000000000000003,548.0,1e-11,1e-22,IdealGasReactor,off,0.6323764038069893,0.0,0.0,0.290661952019169,0.016620419637563034,0.005537278500279231,4.060399537407083e-12,0.054803946031939006,0.0,0.003132344038416802,4.895601194206807e-11,0.5217623896534508,5.863573431662619e-09,7.998373609854606e-08,1.0904299857017157e-07,8.751258209807808e-06,0.47413774836848005,5.2751004123920074e-05,5.3261747130724384e-05,0.0007348973203659038,5.489023939475946e-06,3.230905904551588e-13,1.7903468875597898e-09,0.00011217085594863912,0.0,0.0,0.0,0.0,0.0,0.0,0.0,0.0,0.0,0.0,0.0,0.0,-3.1561413050840374e-07,6.312282608806571e-07,2.1040942020238646e-07,1.592776686757526e-16,-4.208188405771626e-07,0.0,-1.577892779730748e-14,1.2306716949138182e-22,-7.546830995791913e-18,9.144583273330267e-21,-2.3191444458467523e-17,3.17954992575583e-19,-3.1769525786324134e-19,-1.5788625090400067e-14,-2.680726565654747e-22,5.5194082723459514e-18,-9.973672680566486e-21,6.704815852625135e-22,-2.0320358485699685e-22,2.4688926601198517e-23,1.5796227149114827e-14,4.151538056080357e-07,3.1561413050840374e-07,6.089227087891048e-07,-6.312257553127605e-07,-5.376372401661584e-07,2.286599514593641e-10,1.3372827592888903e-07,9.699133281046142e-08,9.314549467242942e-08,9.699133281046142e-08,2.102732209032427e-07,2.102732209032427e-07,-1.592776686757526e-16,4.205464436849269e-07,-2.7238923971165607e-16,4.574482650255529e-19,-1.832714482787261e-15,4.205464574358331e-07,1.4287504961369518e-13,8.974641203095638e-12,1.0718024952374038e-10,-3.8268938197522305e-11,-1.6964244481796526e-19,4.202631016436495e-07,8.974641203095638e-12,1.0718024952374038e-10,-2.0352021041566557e-07,2.8333999595643834e-10,-2.1012608020643028e-07,-6.889209786720891e-09,-6.889209786403196e-09,-2.263704154215488e-16,5.667929745662931e-09,1.6989645343005655e-20,-2.505567896655988e-12,5.665034969126901e-09,3.051492892028499e-12,6.714548853607278e-13,1.6771702977519878e-12,4.217810243532248e-21,2.263704401104754e-16
2.3129999999999997,548,101325.00000000003,2.771e-08,0.066,0.29999999999999993,0.6339999999999998,0.22000000000000003,548.0,1e-11,1e-22,IdealGasReactor,off,0.6323700265113733,0.0,0.0,0.29062876684034433,0.016680759935107866,0.005557391961642544,4.075630568183038e-12,0.05476305474745614,0.0,0.0031315854110443107,4.8917357396743594e-11,0.5219217387596249,5.862301376308577e-09,8.025352359699522e-08,1.0911241728589187e-07,8.758951982981823e-06,0.47397995573527074,5.27276185706221e-05,5.320910542673986e-05,0.0007342335925707222,5.487382286457943e-06,3.22803945268912e-13,1.7907313615508188e-09,0.0001121063750091159,0.0,0.0,0.0,0.0,0.0,0.0,0.0,0.0,0.0,0.0,0.0,0.0,-3.1542529493376424e-07,6.308505897027178e-07,2.1028352982511898e-07,1.5922441952056865e-16,-4.2056705980197713e-07,0.0,8.627192149245905e-16,-5.334709040576822e-23,3.87644475972808e-18,1.3345068810933585e-21,5.617098989716893e-18,2.6416840042493492e-20,-2.6491286297623264e-20,8.60847452436532e-16,1.0211510330740531e-21,-3.581738920941261e-18,4.543936960991412e-21,1.3958672836832342e-23,-7.009067590490096e-22,4.0049230632525704e-24,-8.647554810441153e-16,4.149089921439385e-07,3.1542529493376424e-07,6.085062240607295e-07,-6.308480870293137e-07,-5.373215681195678e-07,2.283832264176786e-10,1.3370983208014067e-07,9.690536901365262e-08,9.308401522486412e-08,9.690536901365262e-08,2.1014749891290396e-07,2.1014749891290396e-07,-1.5922441952056865e-16,4.2029499970260143e-07,-2.7202979785365817e-16,4.569205553557046e-19,-1.8312925870263633e-15,4.202949968057368e-07,1.4278962479604109e-13,8.96256180478817e-12,1.0706023180366348e-10,-3.819835279895474e-11,-1.6943284697939759e-19,4.2001190520725577e-07,8.96256180478817e-12,1.0706023180366348e-10,-2.033968295617623e-07,2.830924632364989e-10,-2.100004373618824e-07,-6.886700263356671e-09,-6.88670026333018e-09,-2.262378746176382e-16,5.660959194807622e-09,1.6970017797727737e-20,-2.5026734040323696e-12,5.6580676580386555e-09,3.0477392580643527e-12,6.709947543042152e-13,1.6752499354561802e-12,4.213032709914475e-21,2.262378786225613e-16
2.3219999999999996,548,101325.00000000003,2.771e-08,0.066,0.29999999999999993,0.6339999999999998,0.22000000000000003,548.0,1e-11,1e-22,IdealGasReactor,off,0.6323636531619705,0.0,0.0,0.29059560219620933,0.01674106289462017,0.0055774929769773504,4.090856209017825e-12,0.054722188766131746,0.0,0.0031308263628210308,4.8878722929377306e-11,0.5220810919223355,5.861028897464769e-09,8.052298122217569e-08,1.0918162461112529e-07,8.766633685591654e-06,0.4738221590231457,5.2704229621795335e-05,5.3156500425139374e-05,0.0007335702856723061,5.485740223162012e-06,3.225174856491349e-13,1.7911158970140768e-09,0.00011204189611790934,0.0,0.0,0.0,0.0,0.0,0.0,0.0,0.0,0.0,0.0,0.0,0.0,-3.152364687576983e-07,6.304729374043906e-07,2.101576456939436e-07,1.5917116920253022e-16,-4.2031529160073605e-07,0.0,-1.4477264057094186e-14,-7.219493929127414e-22,-2.349020529198683e-17,2.5681681609174044e-20,-4.835139348635404e-17,4.038758971626911e-19,-4.016739423720749e-19,-1.447134239351165e-14,1.9431251099920765e-20,3.0036225823558045e-17,-3.3404498350236344e-20,6.778745119872062e-22,-9.004143926031345e-21,4.1498454490755444e-22,1.4495001323539397e-14,4.146641854065568e-07,3.152364687576983e-07,6.080897970418195e-07,-6.30470437623182e-07,-5.370059092490642e-07,2.281067427647469e-10,1.3369134444009937e-07,9.681943084010592e-08,9.302254096316006e-08,9.681943084010592e-08,2.1002178302516856e-07,2.1002178302516856e-07,-1.5917116920253022e-16,4.2004356792549124e-07,-2.7167072168918707e-16,4.563932911916965e-19,-1.82987109802773e-15,4.200435803625169e-07,1.4270420412506312e-13,8.950494148834989e-12,1.0694030968411391e-10,-3.812787729593908e-11,-1.6922344670275618e-19,4.197607208556207e-07,8.950494148834989e-12,1.0694030968411391e-10,-2.0327345502997851e-07,2.8284501189484467e-10,-2.0987480068205095e-07,-6.884190663965086e-09,-6.884190663563412e-09,-2.261049036798091e-16,5.653994493514704e-09,1.695040583059059e-20,-2.499781208574919e-12,5.651106194179282e-09,3.043988775176554e-12,6.70534633977747e-13,1.6733310415449212e-12,4.2082587184397045e-21,2.26105318664354e-16
2.3309999999999995,548,101325.00000000003,2.771e-08,0.066,0.29999999999999993,0.6339999999999998,0.22000000000000003,548.0,1e-11,1e-22,IdealGasReactor,off,0.6323572837583534,0.0,0.0,0.29056245808454034,0.016801328520143412,0.005597581547631097,4.106076460240214e-12,0.05468134808522565,0.0,0.0031300668939491967,4.884010854446637e-11,0.5222404490164705,5.859755995217168e-09,8.079210901225848e-08,1.0925062066129502e-07,8.774303320662213e-06,0.473664358356949,5.268083728654885e-05,5.3103932124825035e-05,0.0007329073996726205,5.484097750568375e-06,3.222312116054841e-13,1.7915004940487724e-09,0.00011197741932751633,0.0,0.0,0.0,0.0,0.0,0.0,0.0,0.0,0.0,0.0,0.0,0.0,-3.1504765206404655e-07,6.300953039610912e-07,2.1003176791224703e-07,1.591179177636115e-16,-4.2006353594905307e-07,0.0,-7.910959460729073e-15,3.9614285070240128e-22,4.257952358618641e-18,-6.2419557156415035e-21,7.908746628513402e-18,-4.514420911069404e-19,4.400493325302475e-19,-7.938077208954891e-15,2.584545715838521e-21,-3.028760046499838e-17,1.7290705987954214e-20,6.855207627744932e-21,5.910424970039905e-21,-1.389287081004753e-21,7.933797481362383e-15,4.1441938537182133e-07,3.1504765206404655e-07,6.076734279451476e-07,-6.300928070697811e-07,-5.366902636928772e-07,2.2783050044396105e-10,1.3367281299055393e-07,9.673351833988733e-08,9.296107191759984e-08,9.673351833988733e-08,2.098960732962121e-07,2.098960732962121e-07,-1.591179177636115e-16,4.197921484659165e-07,-2.713120111028236e-16,4.558664724438487e-19,-1.828450016728188e-15,4.1979215437137896e-07,1.4261878763893114e-13,8.938438231536545e-12,1.0682048314796859e-10,-3.805751156495231e-11,-1.6901424394004802e-19,4.195095487954351e-07,8.938438231536545e-12,1.0682048314796859e-10,-2.0315008692177594e-07,2.8259764214635607e-10,-2.0974917027008928e-07,-6.881680990471104e-09,-6.881680990911154e-09,-2.259741495860216e-16,5.6470356414651635e-09,1.693080944044587e-20,-2.496891310114384e-12,5.644150577231713e-09,3.040241443193832e-12,6.700745246918387e-13,1.6714136160429482e-12,4.203488269402968e-21,2.259727602989406e-16
2.3399999999999994,548,101324.99999999999,2.771e-08,0.066,0.29999999999999993,0.6339999999999998,0.22000000000000003,548.0,1e-11,1e-22,IdealGasReactor,off,0.632350918300092,0.0,0.0,0.2905293345030994,0.016861556815746786,0.005617657674960322,4.1212913221811834e-12,0.05464053270198024,0.0,0.003129307005233336,4.880151425590642e-11,0.5223998100163662,5.858482670772779e-09,8.106090702152305e-08,1.09319405564657e-07,8.781960890551986e-06,0.47350655376131534,5.265744158406949e-05,5.3051400534838915e-05,0.000732244934714046,5.4824548695842335e-06,3.219451231664949e-13,1.791885152371847e-09,0.00011191294468824531,0.0,0.0,0.0,0.0,0.0,0.0,0.0,0.0,0.0,0.0,0.0,0.0,-3.148588450577666e-07,6.297176898707131e-07,2.0990589657768356e-07,1.5906466521209634e-16,-4.198117932930779e-07,0.0,1.573464400492635e-15,-3.446382621487739e-21,9.976969199855938e-18,9.14180703670909e-21,8.583789535827717e-17,2.5119820842010344e-20,-2.86179676524971e-20,1.6379002912115807e-15,6.7269896850636155e-21,-1.1295062355016544e-17,6.934187826217583e-21,3.087658431507314e-21,-9.107900269637635e-21,-1.0146793439323267e-22,-1.6479597700916634e-15,4.141745924840382e-07,3.148588450577666e-07,6.072571172157347e-07,-6.297151958670037e-07,-5.363746317944378e-07,2.2755449948566888e-10,1.3365423776440073e-07,9.66476315999993e-08,9.289960815400797e-08,9.66476315999993e-08,2.0977036986255744e-07,2.0977036986255744e-07,-1.5906466521209634e-16,4.1954074159697606e-07,-2.7095366596454247e-16,4.553400991376056e-19,-1.8270293440262937e-15,4.1954073792815905e-07,1.4253337543040875e-13,8.926394052605759e-12,1.0670075221895009e-10,-3.798725549740644e-11,-1.6880523863975863e-19,4.1925838922192246e-07,8.926394052605759e-12,1.0670075221895009e-10,-2.030267253343483e-07,2.823503541963537e-10,-2.096235462234837e-07,-6.879171243335262e-09,-6.879171243306644e-09,-2.2584030514546564e-16,5.640082640510932e-09,1.6911228632625924e-20,-2.494003709437468e-12,5.637200809039695e-09,3.0364972631072797e-12,6.696144270138833e-13,1.669497659615297e-12,4.1987213647389874e-21,2.2584020367753124e-16
2.3489999999999993,548,101325.00000000003,2.771e-08,0.066,0.29999999999999993,0.6339999999999998,0.22000000000000003,548.0,1e-11,1e-22,IdealGasReactor,off,0.6323445567867534,0.0,0.0,0.29049623144963294,0.01692174778552782,0.005637721360330591,4.136500795173545e-12,0.054599742613618725,0.0,0.003128546697213799,4.8762940073412194e-11,0.522559174852502,5.857208924845874e-09,8.132937529796013e-08,1.0938797944441985e-07,8.789606397939403e-06,0.47334874530507043,5.263404252911952e-05,5.29989056596912e-05,0.0007315828908762987,5.4808115811500244e-06,3.216592203520488e-13,1.7922698718686735e-09,0.00011184847225135981,0.0,0.0,0.0,0.0,0.0,0.0,0.0,0.0,0.0,0.0,0.0,0.0,-3.1467004789041926e-07,6.293400956239666e-07,2.097800317904405e-07,1.5901141157112571e-16,-4.195600637480688e-07,0.0,1.9727546234062914e-17,-1.3043010421794746e-23,-7.89875218130672e-18,-4.2356223379142664e-23,-2.1999563222562316e-18,7.464477847678522e-21,-7.279189390466644e-21,2.577161931236743e-17,-7.697696130339984e-22,2.2883522425167714e-19,-1.1044129615431417e-20,-1.9774786518845818e-22,-6.009120991130002e-23,-9.550032554570165e-24,-1.7812209422298802e-17,4.1392980685759067e-07,3.1467004789041926e-07,6.068408651960455e-07,-6.293376045055598e-07,-5.360590138066667e-07,2.2727873988137404e-10,1.3363561877215824e-07,9.656177069108776e-08,9.283814972253483e-08,9.656177069108776e-08,2.0964467282526976e-07,2.0964467282526976e-07,-1.5901141157112571e-16,4.192893475207463e-07,-2.705956861501999e-16,4.5481417124672195e-19,-1.825609080836542e-15,4.1928934546575647e-07,1.424479675681669e-13,8.914361610225866e-12,1.0658111690256245e-10,-3.791710897811096e-11,-1.6859643075159316e-19,4.1900724233531466e-07,8.914361610225866e-12,1.0658111690256245e-10,-2.0290337036677632e-07,2.8210314825401793e-10,-2.0949792864218668e-07,-6.876661423664179e-09,-6.8766614236568996e-09,-2.2570765846243663e-16,5.633135491515612e-09,1.6891663409566324e-20,-2.491118406903695e-12,5.630256890478126e-09,3.032756235387301e-12,6.691543413980159e-13,1.667583172640725e-12,4.193958005648868e-21,2.257076489124041e-16
2.357999999999999,548,101325.00000000003,2.771e-08,0.066,0.29999999999999993,0.6339999999999998,0.22000000000000003,548.0,1e-11,1e-22,IdealGasReactor,off,0.6323381992179015,0.0,0.0,0.2904631489218741,0.016981901433608157,0.005657772605116589,4.151704879552546e-12,0.05455897781734789,0.0,0.003127785970293456,4.872438600450393e-11,0.5227185434325814,5.8559347578941216e-09,8.159751388624529e-08,1.0945634242126061e-07,8.797239845674226e-06,0.47319093307999116,5.261064013415183e-05,5.2946447501497065e-05,0.0007309212682061852,5.4791678862232675e-06,3.2137350317742426e-13,1.7926546525122694e-09,0.00011178400206858773,0.0,0.0,0.0,0.0,0.0,0.0,0.0,0.0,0.0,0.0,0.0,0.0,-3.1448126068573915e-07,6.289625213174543e-07,2.0965417365191658e-07,1.5895815687155616e-16,-4.193083475184393e-07,0.0,-6.207591948191019e-14,2.801332288625466e-23,-1.2039268825264359e-17,-5.891368688725638e-21,-1.0505336716233301e-16,8.772084960002348e-20,-9.753865629041536e-20,-6.212510490671893e-14,6.6378603682158515e-21,4.350809125585092e-17,-1.3549830135297163e-20,1.7493318991848e-21,-2.2561256909909448e-21,-4.914014133806648e-22,6.213727227661569e-14,4.1368502869652563e-07,3.1448126068573915e-07,6.064246721750897e-07,-6.289600330820517e-07,-5.357434099353833e-07,2.270032216021663e-10,1.3361695601273424e-07,9.647593567523457e-08,9.277669666515216e-08,9.647593567523457e-08,2.0951898226698433e-07,2.0951898226698433e-07,-1.5895815687155616e-16,4.1903796640253304e-07,-2.702380715383441e-16,4.54288688717821e-19,-1.8241892280806713e-15,4.190380265001181e-07,1.423625641083541e-13,8.902340901775708e-12,1.0646157719476707e-10,-3.7847071888446016e-11,-1.6838782022572363e-19,4.1875610833831554e-07,8.902340901775708e-12,1.0646157719476707e-10,-2.0278002211901686e-07,2.818560245303086e-10,-2.0937231762737643e-07,-6.874151532899716e-09,-6.874151532802178e-09,-2.2557558749711397e-16,5.626194194857219e-09,1.6872113772184654e-20,-2.4882354026485306e-12,5.6233188219136655e-09,3.029018360230098e-12,6.686942682392703e-13,1.6656701553477808e-12,4.18919819294989e-21,2.255750960957006e-16
2.366999999999999,548,101324.99999999997,2.771e-08,0.066,0.29999999999999993,0.6339999999999998,0.22000000000000003,548.0,1e-11,1e-22,IdealGasReactor,off,0.6323318455930979,0.0,0.0,0.2904300869175393,0.017042017764140428,0.005677811410701962,4.166903575654903e-12,0.05451823831035371,0.0,0.003127024825002594,4.868585205865784e-11,0.5228779156852218,5.854660170612099e-09,8.186532283478222e-08,1.0952449461888665e-07,8.804861236480134e-06,0.47303311715678004,5.258723441375653e-05,5.289402606447884e-05,0.0007302600667797977,5.477523785747341e-06,3.210879716617278e-13,1.7930394941950447e-09,0.0001117195341912118,0.0,0.0,0.0,0.0,0.0,0.0,0.0,0.0,0.0,0.0,0.0,0.0,-3.142924835929298e-07,6.28584967010157e-07,2.0952832226230344e-07,1.589049011371585e-16,-4.19056644683606e-07,0.0,9.966786451662443e-16,3.784196173507348e-22,-1.1142378440597201e-18,-1.905839644214451e-21,1.6792322300198097e-17,9.791171474667678e-20,-9.834350302642946e-20,1.0136697522025286e-15,1.6938135599931258e-21,-1.0264363593357168e-18,-2.8334839642353466e-21,7.673651145077869e-22,-5.546118723474917e-22,-5.1368846175575603e-23,-1.0125474814204946e-15,4.1344025807944773e-07,3.142924835929298e-07,6.060085384907233e-07,-6.2858248165546e-07,-5.354278204296225e-07,2.2672794463719246e-10,1.3359824949588938e-07,9.639012662227727e-08,9.271524903132191e-08,9.639012662227727e-08,2.093932982872642e-07,2.093932982872642e-07,-1.589049011371585e-16,4.1878659844144726e-07,-2.698808220041807e-16,4.53763651521311e-19,-1.8227697866720904e-15,4.187865954019543e-07,1.422771651186207e-13,8.890331925341359e-12,1.0634213310003016e-10,-3.7777144112941306e-11,-1.68179407011436e-19,4.185049874312677e-07,8.890331925341359e-12,1.0634213310003016e-10,-2.026566806901277e-07,2.816089832340629e-10,-2.0924671327906897e-07,-6.871641572175745e-09,-6.871641572077402e-09,-2.2544259670695014e-16,5.619258751344881e-09,1.6852579722741385e-20,-2.4853546970054527e-12,5.61638660415823e-09,3.025283638072282e-12,6.682342079867921e-13,1.6637586080978704e-12,4.184441927799081e-21,2.2544254533810397e-16
2.3759999999999994,548,101324.99999999999,2.771e-08,0.066,0.29999999999999993,0.6339999999999998,0.22000000000000003,548.0,1e-11,1e-22,IdealGasReactor,off,0.6323254959119005,0.0,0.0,0.29039704543433076,0.01710209678130231,0.005697837778479434,4.182096883819616e-12,0.05447752408980495,0.0,0.0031262632620101057,4.864733824747411e-11,0.5230372915618832,5.8533851639514605e-09,8.213280219630112e-08,1.0959243616430087e-07,8.812470572943033e-06,0.4728752975831226,5.256382538482772e-05,5.284164135512168e-05,0.0007295992867046334,5.475879280648197e-06,3.2080262582811594e-13,1.7934243967214483e-09,0.00011165506866996049,0.0,0.0,0.0,0.0,0.0,0.0,0.0,0.0,0.0,0.0,0.0,0.0,-3.1410371678887584e-07,6.282074333262506e-07,2.094024777204204e-07,1.5885164438396647e-16,-4.188049556301899e-07,0.0,1.4139293164777365e-14,-5.913699374712224e-22,-1.2716101570110634e-17,1.077389400172084e-21,9.255179613556997e-17,1.470131559078245e-19,-1.223697910986447e-19,1.4262561133400538e-14,-9.73433354409988e-21,1.7666389883572027e-17,-1.643441451473236e-20,-4.8218425857247366e-21,1.339325244230805e-21,-2.708909395563531e-22,-1.424974937465885e-14,4.131954953916824e-07,3.1410371678887584e-07,6.055924645335963e-07,-6.2820495084996e-07,-5.351122455851842e-07,2.2645290899505154e-10,1.3357949924315292e-07,9.630434361040467e-08,9.26538068785986e-08,9.630434361040467e-08,2.0926762100395836e-07,2.0926762100395836e-07,-1.5885164438396647e-16,4.1853524387319064e-07,-2.695239374191566e-16,4.532390596531935e-19,-1.8213507575142663e-15,4.1853522758650286e-07,1.4219177067904195e-13,8.878334679767827e-12,1.0622278463197581e-10,-3.7707325539486386e-11,-1.6797119105695473e-19,4.1825387981168067e-07,8.878334679767827e-12,1.0622278463197581e-10,-2.0253334617813104e-07,2.813620245715612e-10,-2.0912111569587346e-07,-6.869131542289345e-09,-6.869131542166975e-09,-2.2531026766127636e-16,5.612329162277073e-09,1.683306126494992e-20,-2.4824762905224913e-12,5.609460238507507e-09,3.021552069609887e-12,6.677741611482668e-13,1.6618485313956833e-12,4.179689211720358e-21,2.253099967703368e-16
2.3849999999999993,548,101325.0,2.771e-08,0.066,0.29999999999999993,0.6339999999999998,0.22000000000000003,548.0,1e-11,1e-22,IdealGasReactor,off,0.6323191501738652,0.0,0.0,0.2903640244699358,0.01716213848929907,0.005717851709850769,4.197284804387632e-12,0.05443683515285185,0.0,0.003125501281676703,4.8608844577694e-11,0.5231966709628835,5.852109738289821e-09,8.239995201581413e-08,1.096601671784089e-07,8.82006785801416e-06,0.4727174744582363,5.254041305910477e-05,5.278929337465641e-05,0.0007289389280156031,5.474234371891087e-06,3.2051746568981194e-13,1.79380936009281e-09,0.00011159060555669683,0.0,0.0,0.0,0.0,0.0,0.0,0.0,0.0,0.0,0.0,0.0,0.0,-3.139149603883318e-07,6.278299206202148e-07,2.0927664012807098e-07,1.587983866453366e-16,-4.1855328041181713e-07,0.0,-1.5113479837682923e-17,-1.600170005627967e-23,2.9943823379182966e-18,2.589066066468906e-22,-2.3264818687523427e-18,-5.929230630780102e-21,5.927576269554996e-21,-2.059213195391559e-17,4.295094941003249e-22,-1.1011928136575452e-19,4.2933319315433886e-21,3.2932128137267414e-23,3.826872778766164e-23,8.17080121339049e-24,1.7574328097957767e-17,4.1295074068668086e-07,3.139149603883318e-07,6.051764505752847e-07,-6.278274410200315e-07,-5.347966855927119e-07,2.2617811463939795e-10,1.3356070524996602e-07,9.621858669881558e-08,9.259237024631787e-08,9.621858669881558e-08,2.091419504937548e-07,2.091419504937548e-07,-1.587983866453366e-16,4.1828390285114257e-07,-2.691674176615908e-16,4.527149130497939e-19,-1.8199321415293626e-15,4.1828390084930334e-07,1.4210638084172522e-13,8.866349162132552e-12,1.0610353178314957e-10,-3.76376160483603e-11,-1.67763172311984e-19,4.180027856829753e-07,8.866349162132552e-12,1.0610353178314957e-10,-2.0241001868327806e-07,2.811151487536883e-10,-2.0899552497931728e-07,-6.866621444792917e-09,-6.866621444798844e-09,-2.2517744230723504e-16,5.605405427826299e-09,1.6813558399170613e-20,-2.4796001832530715e-12,5.6025397251362746e-09,3.0178236549363342e-12,6.67314128099667e-13,1.659939925414606e-12,4.1749400453897e-21,2.2517745047803626e-16
2.3939999999999992,548,101325.00000000003,2.771e-08,0.066,0.29999999999999993,0.6339999999999998,0.22000000000000003,548.0,1e-11,1e-22,IdealGasReactor,off,0.632312808378545,0.0,0.0,0.2903310240220262,0.017222142892364133,0.005737853206226728,4.21246733770175e-12,0.05439617149662552,0.0,0.0031247388847135374,4.8570371061493726e-11,0.5233560538464838,5.850833894656391e-09,8.26667723478473e-08,1.0972768778985235e-07,8.827653094267201e-06,0.47255964782295407,5.251699745418534e-05,5.273698213016103e-05,0.0007282789908287298,5.472589060398349e-06,3.2023249127082365e-13,1.794194384087119e-09,0.0001115261449019758,0.0,0.0,0.0,0.0,0.0,0.0,0.0,0.0,0.0,0.0,0.0,0.0,-3.1372621457629683e-07,6.274524289938299e-07,2.09150809583559e-07,1.5874512793499765e-16,-4.1830161932925423e-07,0.0,-7.031136784479957e-17,-5.52442538766556e-23,-3.3306329417502064e-18,2.0717879545579242e-22,-6.564505341220828e-21,-4.0498762790596235e-21,4.061456807635366e-21,-6.690555093428598e-17,-4.897305045161728e-22,4.039820056944709e-20,-4.53815820776187e-21,-3.8308802118862094e-23,-1.1610553770573792e-22,1.1712001366801686e-23,7.026124116496795e-17,4.127059942637913e-07,3.1372621457629683e-07,6.047604970218705e-07,-6.274499522674541e-07,-5.344811407618379e-07,2.2590356158396252e-10,1.3354186754153523e-07,9.613285596808333e-08,9.253093919441746e-08,9.613285596808333e-08,2.0901628687992702e-07,2.0901628687992702e-07,-1.5874512793499765e-16,4.1803257562184565e-07,-2.6881126260109104e-16,4.521912117136547e-19,-1.8185139396165364e-15,4.180325736680146e-07,1.420209956904315e-13,8.854375371477117e-12,1.0598437456965048e-10,-3.756801552844267e-11,-1.6755535072404825e-19,4.177517052417678e-07,8.854375371477117e-12,1.0598437456965048e-10,-2.0228669830317668e-07,2.808683559855624e-10,-2.0886994122757344e-07,-6.8641112803823e-09,-6.864111280386362e-09,-2.2504489488587955e-16,5.598487549414383e-09,1.6794071129499724e-20,-2.4767263758014132e-12,5.59562506546297e-09,3.01409839481414e-12,6.668541093659028e-13,1.6580327906971251e-12,4.170194430427728e-21,2.250449065978809e-16
2.402999999999999,548,101325.0,2.771e-08,0.066,0.29999999999999993,0.6339999999999998,0.22000000000000003,548.0,1e-11,1e-22,IdealGasReactor,off,0.6323064705254892,0.0,0.0,0.2902980440882601,0.017282109994755584,0.005757842269027161,4.227644484107113e-12,0.054355533118240346,0.0,0.0031239760715594637,4.853191770675297e-11,0.5235154401257128,5.849557633572869e-09,8.293326324033058e-08,1.0979499812191094e-07,8.835226284600144e-06,0.47240181776368534,5.249357858310669e-05,5.268470762405915e-05,0.0007276194751957073,5.470943347126817e-06,3.1994770258632054e-13,1.7945794686566745e-09,0.00011146168675734194,0.0,0.0,0.0,0.0,0.0,0.0,0.0,0.0,0.0,0.0,0.0,0.0,-3.1353747948287887e-07,6.270749587790787e-07,2.0902498618784275e-07,1.586918682819998e-16,-4.180499725464268e-07,0.0,-6.392880484977672e-15,7.285423045547364e-22,-3.622724737984041e-18,1.4541347981285953e-21,2.7956851819720217e-17,3.541656510707043e-20,-3.50790754171488e-20,-6.352807349625626e-15,-3.070311771476513e-21,8.406471503262331e-18,-6.0256082793040756e-21,-4.520542047602296e-22,-3.9365267209486343e-22,-1.3443909610764752e-22,6.3564596301695286e-15,4.1246125628651136e-07,3.1353747948287887e-07,6.043446041741255e-07,-6.270724849242104e-07,-5.34165611309194e-07,2.2562924980270778e-10,1.3352298612000167e-07,9.604715148197889e-08,9.246951376672415e-08,9.604715148197889e-08,2.0889063024933444e-07,2.0889063024933444e-07,-1.586918682819998e-16,4.1778126235902005e-07,-2.6845547211326267e-16,4.516679555944689e-19,-1.817096152691275e-15,4.177812666927849e-07,1.4193561528417942e-13,8.842413305277827e-12,1.0586531298892291e-10,-3.749852386188193e-11,-1.6734772624192702e-19,4.17500638689849e-07,8.842413305277827e-12,1.0586531298892291e-10,-2.0216338513742125e-07,2.8062164647629343e-10,-2.087443645413668e-07,-6.861601050421503e-09,-6.861601050386424e-09,-2.2491249966575676e-16,5.5915755274684414e-09,1.677459945706733e-20,-2.4738548683344393e-12,5.588716259915428e-09,3.010376289472627e-12,6.663941053554405e-13,1.6561271274925358e-12,4.165452367704705e-21,2.2491236522666065e-16
2.4119999999999995,548,101325.0,2.771e-08,0.066,0.29999999999999993,0.6339999999999998,0.22000000000000003,548.0,1e-11,1e-22,IdealGasReactor,off,0.632300136614245,0.0,0.0,0.29026508466627976,0.017342039800760534,0.005777818899680897,4.242816243950593e-12,0.05431492001479104,0.0,0.003123212842754489,4.84934845228936e-11,0.5236748297302365,5.848280955748788e-09,8.319942474432126e-08,1.0986209830037077e-07,8.842787431815266e-06,0.4722439843500764,5.247015646059451e-05,5.263246986042118e-05,0.000726960381191148,5.469297233021497e-06,3.196630996544181e-13,1.7949646136895213e-09,0.0001113972311739578,0.0,0.0,0.0,0.0,0.0,0.0,0.0,0.0,0.0,0.0,0.0,0.0,-3.133487552583378e-07,6.266975103499029e-07,2.0889917004087514e-07,1.5863860770975869e-16,-4.1779834023606603e-07,0.0,1.9684671494224433e-15,3.6914965701506804e-22,1.6850455270595053e-18,-6.323827173092902e-21,8.147821677875929e-18,2.4961002164400163e-20,-2.4049449129366727e-20,1.9723022416380086e-15,-3.42642625280025e-21,-2.6317933426571544e-18,4.1348420259149544e-21,-9.024540482953532e-22,8.474233251805293e-22,-5.959413489915823e-23,-1.9739956051527796e-15,4.1221652692679557e-07,3.133487552583378e-07,6.039287723713644e-07,-6.266950393642417e-07,-5.338500974855718e-07,2.2535517928373094e-10,1.335040609961264e-07,9.596147331036844e-08,9.240809401297599e-08,9.596147331036844e-08,2.0876498070220382e-07,2.0876498070220382e-07,-1.5863860770975869e-16,4.1752996326311763e-07,-2.6810004607091975e-16,4.511451446605227e-19,-1.8156787816618923e-15,4.1752995927346603e-07,1.418502396910704e-13,8.830462961562732e-12,1.0574634704507652e-10,-3.7429140933292506e-11,-1.6714029881360885e-19,4.172495862270285e-07,8.830462961562732e-12,1.0574634704507652e-10,-2.0204007928484587e-07,2.803750204331571e-10,-2.086187950204429e-07,-6.859090756029255e-09,-6.859090756005206e-09,-2.2477988606995226e-16,5.584669362768168e-09,1.675514338405771e-20,-2.4709856611745554e-12,5.581813309270475e-09,3.006657339329122e-12,6.659341165194624e-13,1.6542229361541726e-12,4.160713858357139e-21,2.2477982647581736e-16
2.4209999999999994,548,101324.99999999999,2.771e-08,0.066,0.29999999999999993,0.6339999999999998,0.22000000000000003,548.0,1e-11,1e-22,IdealGasReactor,off,0.6322938066443565,0.0,0.0,0.2902321457537129,0.017401932314692472,0.005797783099625802,4.25798261758116e-12,0.05427433218335443,0.0,0.0031224491988825318,4.8455071519976976e-11,0.5238342225969194,5.8470038619746915e-09,8.346525691243988e-08,1.0992898845232485e-07,8.850336538683658e-06,0.4720861476445191,5.244673110210324e-05,5.258026884399115e-05,0.0007263017088991545,5.467650719022203e-06,3.19378682494344e-13,1.795349819045893e-09,0.00011133277820279482,0.0,0.0,0.0,0.0,0.0,0.0,0.0,0.0,0.0,0.0,0.0,0.0,-3.1316004206155587e-07,6.263200839644242e-07,2.0877336124213003e-07,1.5858534623924938e-16,-4.175467226434708e-07,0.0,-1.934803742338481e-16,4.8618896225307274e-23,-1.6938156498404777e-19,-7.470513048682785e-22,1.0100867896007532e-19,-7.067431153653068e-21,7.150149214908371e-21,-1.9275980396736336e-16,-8.128422767397306e-24,4.544439154135079e-19,-1.7408375459315759e-22,-1.3958672836832342e-22,-9.798867599252988e-23,4.7540352396117585e-24,1.9293129985994517e-16,4.119718064290231e-07,3.1316004206155587e-07,6.035130019693085e-07,-6.263176158456695e-07,-5.335345995563606e-07,2.2508135002093248e-10,1.3348509218443454e-07,9.58758215256867e-08,9.234667998543171e-08,9.58758215256867e-08,2.0863933834448415e-07,2.0863933834448415e-07,-1.5858534623924938e-16,4.1727867854604006e-07,-2.6774498434537524e-16,4.506227788876452e-19,-1.8142618274328416e-15,4.172786767231429e-07,1.4176486898309383e-13,8.818524338584962e-12,1.0562747674498047e-10,-3.735986662833299e-11,-1.6693306838657846e-19,4.169985480521492e-07,8.818524338584962e-12,1.0562747674498047e-10,-2.019167808439119e-07,2.801284780624071e-10,-2.084932327640677e-07,-6.856580398218116e-09,-6.856580398225266e-09,-2.2464728570903756e-16,5.57776905623299e-09,1.6735702913088177e-20,-2.468118754707965e-12,5.574916214447753e-09,3.0029415448776104e-12,6.654741433273888e-13,1.6523202170781954e-12,4.155978903631277e-21,2.246472904630728e-16
2.4299999999999993,548,101325.0,2.771e-08,0.066,0.29999999999999993,0.6339999999999998,0.22000000000000003,548.0,1e-11,1e-22,IdealGasReactor,off,0.632287480615365,0.0,0.0,0.29019922734817183,0.017461787540892983,0.0058177348703087285,4.273143605349643e-12,0.05423376962098837,0.0,0.003121685140476307,4.841667870722633e-11,0.5239936186540054,5.845726352945262e-09,8.373075979642944e-08,1.099956687041508e-07,8.85787360805144e-06,0.4719283077180915,5.2423302522227615e-05,5.252810457859079e-05,0.000725643458391174,5.4660038060760715e-06,3.1909445112347036e-13,1.7957350846191755e-09,0.00011126832789500957,0.0,0.0,0.0,0.0,0.0,0.0,0.0,0.0,0.0,0.0,0.0,0.0,-3.1297134004095824e-07,6.259426799257047e-07,2.086475598915588e-07,1.5853208389436786e-16,-4.172951199492327e-07,0.0,6.674449721466068e-16,1.014112024321311e-23,-7.188928254915945e-18,9.081295083379543e-24,-2.3749745049826514e-18,-9.714409113822757e-21,9.86826470775762e-21,6.726978833649513e-16,-9.285617344306664e-22,3.502410797297494e-19,-9.911365139367216e-21,7.651420666115506e-24,5.303295515767225e-23,5.775974762826407e-24,-6.654545164784774e-16,4.11727094973063e-07,3.1297134004095824e-07,6.030972933035425e-07,-6.259402146715554e-07,-5.332191177692489e-07,2.2480776200037247e-10,1.334660796951444e-07,9.579019619712909e-08,9.228527173328072e-08,9.579019619712909e-08,2.085137032751846e-07,2.085137032751846e-07,-1.5853208389436786e-16,4.1702740840580246e-07,-2.673902868087508e-16,4.501008582411375e-19,-1.812845290911099e-15,4.170274057191392e-07,1.4167950322752385e-13,8.806597434286593e-12,1.0550870209184616e-10,-3.729070083138082e-11,-1.6672603490837362e-19,4.1674752436502285e-07,8.806597434286593e-12,1.0550870209184616e-10,-2.0179348991343108e-07,2.798820195708725e-10,-2.0836767787198807e-07,-6.854069978127714e-09,-6.854069978137582e-09,-2.2451475152257186e-16,5.5708746085859565e-09,1.671627804619156e-20,-2.465254149234703e-12,5.568024976169673e-09,2.9992289065060664e-12,6.650141862264525e-13,1.6504189706028555e-12,4.1512475046250594e-21,2.245147572985466e-16
2.438999999999999,548,101325.00000000003,2.771e-08,0.066,0.29999999999999993,0.6339999999999998,0.22000000000000003,548.0,1e-11,1e-22,IdealGasReactor,off,0.6322811585268084,0.0,0.0,0.29016632944725546,0.017521605483727762,0.005837674213185609,4.288299207609282e-12,0.05419323232473424,0.0,0.0031209206681242128,4.8378306094688563e-11,0.5241530178389039,5.844448429458202e-09,8.399593344995407e-08,1.1006213918381826e-07,8.865398642723064e-06,0.4717704646326377,5.2399870736487264e-05,5.2475977068912894e-05,0.0007249856297508801,5.464356495123525e-06,3.18810405560645e-13,1.7961204102672804e-09,0.00011120388030152297,0.0,0.0,0.0,0.0,0.0,0.0,0.0,0.0,0.0,0.0,0.0,0.0,-3.127826493559526e-07,6.255652985272381e-07,2.085217660885993e-07,1.5847882069590465e-16,-4.170435324241168e-07,0.0,-2.1885616611641298e-16,5.208956643315301e-22,-3.3047670217669936e-17,1.0088919659126543e-20,2.5925243295730777e-17,4.439511434796602e-19,-5.218665940984801e-19,-1.0371389705281364e-16,-3.1464554028388314e-21,5.535690695452353e-17,-5.883147825321341e-20,-1.182351288067984e-22,7.44213160431509e-21,2.413748187551926e-22,1.3700659006546683e-16,4.114823928287733e-07,3.127826493559526e-07,6.026816467305851e-07,-6.25562836135393e-07,-5.329036523905259e-07,2.2453441521560346e-10,1.334470235432397e-07,9.570459739717554e-08,9.222386930892554e-08,9.570459739717554e-08,2.0838807560060447e-07,2.0838807560060447e-07,-1.5847882069590465e-16,4.167761530549972e-07,-2.6703595333139055e-16,4.495793826960762e-19,-1.8114291729989838e-15,4.167761511464363e-07,1.4159414249658784e-13,8.794682246900838e-12,1.0539002309243851e-10,-3.722164342814424e-11,-1.6651919832596279e-19,4.1649651536426553e-07,8.794682246900838e-12,1.0539002309243851e-10,-2.0167020659183382e-07,2.796356451641733e-10,-2.082421304433572e-07,-6.851559496765465e-09,-6.8515594962435984e-09,-2.2438198572553465e-16,5.563986020734981e-09,1.669686878595974e-20,-2.462391845137241e-12,5.561139595343451e-09,2.995519424701674e-12,6.645542456871164e-13,1.6485191971216593e-12,4.146519662577861e-21,2.243822271003534e-16
2.4479999999999995,548,101325.0,2.771e-08,0.066,0.29999999999999993,0.6339999999999998,0.22000000000000003,548.0,1e-11,1e-22,IdealGasReactor,off,0.6322748403782231,0.0,0.0,0.29013345204854635,0.017581386147592547,0.005857601129721318,4.3034494247149004e-12,0.05415272029161323,0.0,0.00312015578209349,4.8339953687375357e-11,0.5243124200354523,5.8431700917126605e-09,8.426077791850671e-08,1.1012840001263285e-07,8.872911645865947e-06,0.4716126185039786,5.237643575503549e-05,5.2423886314206485e-05,0.0007243282229865681,5.462708787147541e-06,3.18526545814475e-13,1.7965057960553363e-09,0.0001111394354744957,0.0,0.0,0.0,0.0,0.0,0.0,0.0,0.0,0.0,0.0,0.0,0.0,-3.12593970101403e-07,6.251879400443305e-07,2.0839597993554555e-07,1.5842555668279767e-16,-4.167919600297082e-07,0.0,4.7215504106112547e-17,2.991888082803748e-23,-6.946770146099046e-20,-5.623424377599303e-22,4.9763185651190145e-20,5.241016361135983e-21,-5.226127110110029e-21,4.746223388486364e-17,1.8834555196598653e-22,1.2165201683510853e-19,-1.3068241987987418e-22,-1.5256312422774904e-22,-5.75952454776222e-24,-9.679729175997551e-24,-4.739210675330231e-17,4.1123769995799007e-07,3.12593970101403e-07,6.02266062483247e-07,-6.251854805124882e-07,-5.325882035771532e-07,2.2426130961370947e-10,1.334279237164778e-07,9.56190251786139e-08,9.216247274584187e-08,9.56190251786139e-08,2.0826245538421565e-07,2.0826245538421565e-07,-1.5842555668279767e-16,4.165249126205902e-07,-2.6668198379094234e-16,4.490583521658651e-19,-1.8100134746194016e-15,4.165249105625435e-07,1.415087868334133e-13,8.78277877283398e-12,1.0527143973169538e-10,-3.7152694296488215e-11,-1.6631255858793363e-19,4.1624552125488263e-07,8.78277877283398e-12,1.0527143973169538e-10,-2.0154693097962921e-07,2.79389355052956e-10,-2.0811659058049262e-07,-6.849048955916344e-09,-6.8490489559111176e-09,-2.2424970961942007e-16,5.5571032924310356e-09,1.6677475131518015e-20,-2.4595318422868356e-12,5.554260071718131e-09,2.991813099328832e-12,6.640943220430679e-13,1.6466208966852036e-12,4.141795377851545e-21,2.242496999396909e-16
2.4569999999999994,548,101325.00000000003,2.771e-08,0.066,0.29999999999999993,0.6339999999999998,0.22000000000000003,548.0,1e-11,1e-22,IdealGasReactor,off,0.6322685261691414,0.0,0.0,0.290100595149612,0.017641129536910626,0.005877515621389713,4.318594257023241e-12,0.05411223351862776,0.0,0.003119390483292352,4.830162150022834e-11,0.5244718252340462,5.841891341100728e-09,8.452529326528143e-08,1.1019445132624998e-07,8.880412619971617e-06,0.4714547693405697,5.23529975987243e-05,5.237183232440573e-05,0.000723671238254833,5.461060683048284e-06,3.1824287191327337e-13,1.7968912416360786e-09,0.0001110749934635774,0.0,0.0,0.0,0.0,0.0,0.0,0.0,0.0,0.0,0.0,0.0,0.0,-3.1240530250045743e-07,6.248106048424401e-07,2.0827020152875623e-07,1.5837229185788789e-16,-4.165404032284864e-07,0.0,-3.656862007802305e-16,6.418617456625509e-23,-1.23320797857768e-17,-2.2018301039299045e-22,8.787966827763366e-21,1.5617169965001163e-21,-1.4715543097318362e-21,-3.5298038727969955e-16,-1.2061789768605912e-21,1.9397785464522207e-19,-1.7130843237158755e-20,-7.615231514316311e-23,-5.544891874176128e-23,-1.2686822080236064e-23,3.6540653535782453e-16,4.109930168211739e-07,3.1240530250045743e-07,6.018505410399381e-07,-6.248081481682985e-07,-5.322727717034186e-07,2.2398844523311554e-10,1.334087802570675e-07,9.55334796332134e-08,9.210108211511533e-08,9.55334796332134e-08,2.0813684277460474e-07,2.0813684277460474e-07,-1.5837229185788789e-16,4.1627368739973236e-07,-2.6632837804924566e-16,4.485377666847229e-19,-1.8085981966517156e-15,4.162736857438176e-07,1.414234363389608e-13,8.770887012073821e-12,1.0515295203753555e-10,-3.7083853329859024e-11,-1.6610611563893079e-19,4.1599454222897404e-07,8.770887012073821e-12,1.0515295203753555e-10,-2.0142366317294275e-07,2.791431494370452e-10,-2.0799105837931927e-07,-6.8465383558134635e-09,-6.846538355811992e-09,-2.2411718866784417e-16,5.550226425692944e-09,1.6658097088805752e-20,-2.4566741415596383e-12,5.547386407312523e-09,2.988109931472889e-12,6.636344158997794e-13,1.6447240700177926e-12,4.137074652532129e-21,2.241171759810221e-16
2.4659999999999993,548,101325.00000000003,2.771e-08,0.066,0.29999999999999993,0.6339999999999998,0.22000000000000003,548.0,1e-11,1e-22,IdealGasReactor,off,0.6322622158990926,0.0,0.0,0.2900677587480072,0.017700835656127248,0.005897417689673765,4.333733704893755e-12,0.054071772002765306,0.0,0.0031186247720416563,4.8263309539008116e-11,0.5246312333272427,5.840612177920095e-09,8.478947953802932e-08,1.1026029324790963e-07,8.887901568187749e-06,0.4712969172494469,5.232955627859354e-05,5.231981509953394e-05,0.0007230146755750034,5.459412183802956e-06,3.17959383866799e-13,1.797276747040886e-09,0.00011101055432068641,0.0,0.0,0.0,0.0,0.0,0.0,0.0,0.0,0.0,0.0,0.0,0.0,-3.1221664665837625e-07,6.244332931003518e-07,2.0814443097007728e-07,1.5831902625715934e-16,-4.1628886211024497e-07,0.0,7.203596871457387e-15,9.537426103276348e-22,-7.08233694285622e-18,2.555035029259585e-21,5.803954457881191e-17,-3.4622471719019526e-20,3.6323982239041104e-20,7.27342087772016e-15,-3.173772456918059e-21,4.655316339737085e-18,-4.9306261259014796e-21,-1.0046625527339367e-21,-6.682265972806237e-21,1.927276476704337e-22,-7.266292874973683e-15,4.1074834350820523e-07,3.1221664665837625e-07,6.01435082653179e-07,-6.244308392816089e-07,-5.319573569439014e-07,2.2371582202762975e-10,1.3338959315739988e-07,9.544796081681528e-08,9.20396974532586e-08,9.544796081681528e-08,2.0801123784214857e-07,2.0801123784214857e-07,-1.5831902625715934e-16,4.160224775331914e-07,-2.6597513598178613e-16,4.480176261746688e-19,-1.8071833400134265e-15,4.160224682525637e-07,1.413380910610494e-13,8.75900696128495e-12,1.0503455999811908e-10,-3.7015120407380906e-11,-1.658998694267414e-19,4.1574357849033096e-07,8.75900696128495e-12,1.0503455999811908e-10,-2.013004032719583e-07,2.7889702852564123e-10,-2.0786553394155334e-07,-6.8440276981189595e-09,-6.8440276981552835e-09,-2.2398446257547637e-16,5.543355420433938e-09,1.6638734657450158e-20,-2.4538187429008713e-12,5.540518602039725e-09,2.984409921086118e-12,6.631745276129009e-13,1.6428287172195846e-12,4.132357487108317e-21,2.2398465530312404e-16
2.474999999999999,548,101324.99999999999,2.771e-08,0.066,0.29999999999999993,0.6339999999999998,0.22000000000000003,548.0,1e-11,1e-22,IdealGasReactor,off,0.6322559095676044,0.0,0.0,0.29003494284126996,0.017760504509719825,0.005917307336065326,4.348867768687182e-12,0.054031335740991705,0.0,0.0031178586489538015,4.822501781397404e-11,0.5247906442559624,5.839332603010778e-09,8.505333679297802e-08,1.1032592590755213e-07,8.895378493361455e-06,0.47113906228891445,5.230611181054462e-05,5.226783464444188e-05,0.0007223585350334622,5.457763290351635e-06,3.1767608169365227e-13,1.7976623121137425e-09,0.00011094611809659779,0.0,0.0,0.0,0.0,0.0,0.0,0.0,0.0,0.0,0.0,0.0,0.0,-3.1202800273865336e-07,6.240560053440937e-07,2.0801866835852072e-07,1.5826575990021147e-16,-4.160373368994831e-07,0.0,4.9377487329229715e-15,3.643228444941384e-21,-3.979789627130995e-18,-1.6981537852090954e-20,-2.508668067794902e-17,1.087907941629742e-19,-1.0642836633352275e-19,4.936980283788271e-15,1.784858458310707e-21,2.0149445109554087e-17,-5.933508099665475e-21,-5.399576544804742e-21,2.613746276746894e-21,-5.050459812800417e-22,-4.932951007977078e-15,4.105036802426465e-07,3.1202800273865336e-07,6.010196876868851e-07,-6.240535543784471e-07,-5.316419595718098e-07,2.23443439992333e-10,1.3337036243463476e-07,9.536246880291688e-08,9.197831881385207e-08,9.536246880291688e-08,2.078856406958438e-07,2.078856406958438e-07,-1.5826575990021147e-16,4.1577128323893806e-07,-2.656222574566762e-16,4.474979306122376e-19,-1.8057689056018377e-15,4.157712762964394e-07,1.4125275107373953e-13,8.747138618747887e-12,1.0491626362104059e-10,-3.6946495415246934e-11,-1.6569381989724746e-19,4.154926302368675e-07,8.747138618747887e-12,1.0491626362104059e-10,-2.0117715137473468e-07,2.786509925228997e-10,-2.0774001736600017e-07,-6.841516983786033e-09,-6.841516983679605e-09,-2.238526430730599e-16,5.5364902775909425e-09,1.6619387840157582e-20,-2.450965646710006e-12,5.533656656836621e-09,2.9807130686718735e-12,6.627146576614157e-13,1.6409348386950725e-12,4.1276438828474755e-21,2.2385213802707864e-16
2.4839999999999995,548,101324.99999999999,2.771e-08,0.066,0.29999999999999993,0.6339999999999998,0.22000000000000003,548.0,1e-11,1e-22,IdealGasReactor,off,0.6322496071742004,0.0,0.0,0.2900021474269235,0.017820136102191637,0.005937184562065253,4.3639964487664014e-12,0.053990924730255165,0.0,0.0031170921145089003,4.8186746333285576e-11,0.5249500579390179,5.8380526169658045e-09,8.531686508296028e-08,1.1039134943260177e-07,8.902843398502027e-06,0.4709812045395541,5.228266420827155e-05,5.221589096170711e-05,0.0007217028166851926,5.456114003652094e-06,3.173929654080883e-13,1.798047936784234e-09,0.0001108816848425843,0.0,0.0,0.0,0.0,0.0,0.0,0.0,0.0,0.0,0.0,0.0,0.0,-3.118393708781154e-07,6.236787415458294e-07,2.0789291379437005e-07,1.5821249281413364e-16,-4.157858276981353e-07,0.0,-1.717575631780206e-14,4.726313914653106e-21,1.4791481490378707e-17,-8.41662959123124e-21,5.22926377899283e-17,7.507623588429288e-19,-7.527037517405907e-19,-1.7171621887120785e-14,-2.740452297639861e-21,-3.394919533845982e-17,2.305595856361205e-20,1.6246861206307155e-21,-4.512808404654283e-21,-4.846319444820937e-22,1.7156740565448182e-14,4.1025902712597904e-07,3.118393708781154e-07,6.006043564538831e-07,-6.236762934309762e-07,-5.313265798152313e-07,2.2317129910293482e-10,1.3335108809476275e-07,9.527700365686907e-08,9.191694624266134e-08,9.527700365686907e-08,2.0776005142701872e-07,2.0776005142701872e-07,-1.5821249281413364e-16,4.1552010469966135e-07,-2.6526974234477364e-16,4.469786799481948e-19,-1.8043548943223e-15,4.1552011986745185e-07,1.4116741643908617e-13,8.735281981980957e-12,1.0479806290481041e-10,-3.687797823642094e-11,-1.6548796699685506e-19,4.1524169766907643e-07,8.735281981980957e-12,1.0479806290481041e-10,-2.0105390758027694e-07,2.784050416348616e-10,-2.0761450875273326e-07,-6.839006214093113e-09,-6.8390062133404095e-09,-2.237201088865942e-16,5.529630997621143e-09,1.6600056638189054e-20,-2.4481148531730932e-12,5.526800572156248e-09,2.977019374473303e-12,6.622548064678447e-13,1.6390424347057631e-12,4.1229338406514864e-21,2.2371962425464974e-16
2.4929999999999994,548,101325.00000000004,2.771e-08,0.066,0.29999999999999993,0.6339999999999998,0.22000000000000003,548.0,1e-11,1e-22,IdealGasReactor,off,0.6322433087184024,0.0,0.0,0.2899693725024769,0.017879730438071728,0.005957049369183419,4.379119745496471e-12,0.05395053896748645,0.0,0.003116325169440566,4.814849510899474e-11,0.5251094743374481,5.836772220850098e-09,8.558006446848313e-08,1.1045656395638445e-07,8.910296286358527e-06,0.4708233440394008,5.2259213489688434e-05,5.216398405807478e-05,0.0007210475206431015,5.454464324629096e-06,3.1711003503188407e-13,1.7984336208183504e-09,0.00011081725460888376,0.0,0.0,0.0,0.0,0.0,0.0,0.0,0.0,0.0,0.0,0.0,0.0,-3.116507512641303e-07,6.23301502372479e-07,2.0776716737529495e-07,1.5815922501171038e-16,-4.1553433491324823e-07,0.0,-1.8506889039008212e-16,-5.284523604442813e-23,-4.599623159474094e-18,9.765810362778148e-22,-2.4123498337802474e-18,-2.0381730293306602e-21,2.157287037538296e-21,-1.8294954778160286e-16,-2.908173971073945e-22,-1.2743331421048984e-19,-6.520546023101176e-21,-1.9500782940937627e-22,-1.0923019105191167e-22,2.2497646429438345e-23,1.8758299295178344e-16,4.100143845639113e-07,3.116507512641303e-07,6.001890893636289e-07,-6.232990571061162e-07,-5.310112179878802e-07,2.2289939937080294e-10,1.3333177016534187e-07,9.519156545930898e-08,9.185557980026026e-08,9.519156545930898e-08,2.0763447016051748e-07,2.0763447016051748e-07,-1.5815922501171038e-16,4.1526894216502157e-07,-2.649175905103318e-16,4.464598741803025e-19,-1.8029413070616405e-15,4.152689403458254e-07,1.4108208724191754e-13,8.723437049896323e-12,1.046799578647393e-10,-3.680956875995782e-11,-1.6528231067018787e-19,4.149907809821794e-07,8.723437049896323e-12,1.046799578647393e-10,-2.00930671985598e-07,2.7815917606301347e-10,-2.0748900819923206e-07,-6.836495389696967e-09,-6.836495389699125e-09,-2.235870916266508e-16,5.522777581868278e-09,1.6580741055466474e-20,-2.4452663628689307e-12,5.519950349336895e-09,2.9733288392093057e-12,6.617949745616615e-13,1.6371515057760518e-12,4.118227362094573e-21,2.235871141242972e-16
2.5019999999999993,548,101324.99999999999,2.771e-08,0.066,0.29999999999999993,0.6339999999999998,0.22000000000000003,548.0,1e-11,1e-22,IdealGasReactor,off,0.6322370141997284,0.0,0.0,0.28993661806542464,0.01793928752191598,0.00597690175893868,4.394237659244461e-12,0.053910178449598146,0.0,0.003115557814044703,4.811026414630985e-11,0.5252688933391019,5.835491414911657e-09,8.584293499774848e-08,1.10521569603118e-07,8.917737160184644e-06,0.470665480900233,5.223575966539981e-05,5.21121139329173e-05,0.0007203926469178296,5.4528142542661496e-06,3.16827290573022e-13,1.7988193642658941e-09,0.00011075282744746111,0.0,0.0,0.0,0.0,0.0,0.0,0.0,0.0,0.0,0.0,0.0,0.0,-3.114621439963159e-07,6.229242867427677e-07,2.0764142920366203e-07,1.5810595653051917e-16,-4.152828586056352e-07,0.0,-1.5759203382448343e-13,5.028800077028293e-21,8.57764889992071e-18,-1.1861141119552714e-19,1.0918484447794874e-15,-7.412067684067162e-19,4.620754978813096e-19,-1.5646049055705941e-13,9.0123492220515e-20,4.9189499586063786e-17,7.389326368569966e-20,-4.121298155074749e-20,-3.563205488153062e-20,-7.835275645522323e-22,1.5645197819492103e-13,4.097697526174839e-07,3.114621439963159e-07,5.997738866574435e-07,-6.229218443225921e-07,-5.306958742547884e-07,2.2262774074438865e-10,1.3331240863677332e-07,9.510615426414204e-08,9.179421952147214e-08,9.510615426414204e-08,2.0750889696291296e-07,2.0750889696291296e-07,-1.5810595653051917e-16,4.150177957682159e-07,-2.645658018278035e-16,4.459415132228933e-19,-1.801528144735778e-15,4.1501795022824695e-07,1.4099676352746816e-13,8.71160381893531e-12,1.045619484865477e-10,-3.6741266864303135e-11,-1.6507685086421396e-19,4.1473988038025284e-07,8.71160381893531e-12,1.045619484865477e-10,-2.0080744469132092e-07,2.7791339601590616e-10,-2.07363515807367e-07,-6.833984512341109e-09,-6.8339845128031844e-09,-2.2345539123824255e-16,5.515930030089779e-09,1.6561441091218283e-20,-2.4424201756832872e-12,5.513105988151321e-09,2.969641462756657e-12,6.613351622864171e-13,1.6352620519660522e-12,4.113524447563525e-21,2.23454607710678e-16
2.5109999999999992,548,101324.99999999996,2.771e-08,0.066,0.29999999999999993,0.6339999999999998,0.22000000000000003,548.0,1e-11,1e-22,IdealGasReactor,off,0.632230723617694,0.0,0.0,0.28990388411324586,0.017998807358308114,0.005996741732858839,4.409350190379317e-12,0.05386984317348393,0.0,0.0031147900490535196,4.8072053457209224e-11,0.5254283149043867,5.8342102002127975e-09,8.610547673353061e-08,1.1058636650658204e-07,8.925166022746647e-06,0.4705076151607201,5.221230275330172e-05,5.206028059284907e-05,0.0007197381956213152,5.451163793490517e-06,3.1654473205302803e-13,1.7992051668942404e-09,0.00011068840340860542,0.0,0.0,0.0,0.0,0.0,0.0,0.0,0.0,0.0,0.0,0.0,0.0,-3.112735492613828e-07,6.225470983648303e-07,2.0751569937634122e-07,1.5805268738355729e-16,-4.1503139890952425e-07,0.0,3.0173700824446006e-16,7.245766065398497e-24,9.15388664218935e-19,-3.199558649876085e-22,-1.0990252490624547e-19,5.823351512373315e-21,-5.852302833812671e-21,3.0041449533749803e-16,3.5908029540478056e-22,-2.89818579748911e-19,1.3626909999403573e-21,-1.209751645858803e-22,1.9828275355783845e-22,-4.12858815280625e-24,-3.0133704222325776e-16,4.0952513141961997e-07,3.112735492613828e-07,5.993587487432822e-07,-6.225446587885381e-07,-5.303805489284486e-07,2.2235632323399727e-10,1.332930035365629e-07,9.502077015174536e-08,9.173286546671312e-08,9.502077015174536e-08,2.0738333195877182e-07,2.0738333195877182e-07,-1.5805268738355729e-16,4.1476666575826646e-07,-2.642143761608142e-16,4.454235970723117e-19,-1.8001154082310474e-15,4.147666634590763e-07,1.4091144538037763e-13,8.699782287970077e-12,1.0444403478518965e-10,-3.667307243851071e-11,-1.6487158752333751e-19,4.144889960587186e-07,8.699782287970077e-12,1.0444403478518965e-10,-2.00684225793676e-07,2.7766770169474235e-10,-2.0723803167464644e-07,-6.831473582665217e-09,-6.831473582659365e-09,-2.233221092805031e-16,5.509088343611543e-09,1.6542156749283026e-20,-2.4395762921842308e-12,5.506267489904281e-09,2.9659572458172785e-12,6.608753701703087e-13,1.6333740737932021e-12,4.108825098613689e-21,2.2332210515191495e-16
2.5199999999999996,548,101325.0,2.771e-08,0.066,0.29999999999999993,0.6339999999999998,0.22000000000000003,548.0,1e-11,1e-22,IdealGasReactor,off,0.6322244369718122,0.0,0.0,0.2898711706434048,0.018058289951858795,0.006016569292480678,4.4244573392719824e-12,0.05382953313601931,0.0,0.0031140218749132007,4.803386304913292e-11,0.5255877389461635,5.8329285772796155e-09,8.636768972812672e-08,1.1065095479516608e-07,8.932582877181532e-06,0.4703497469074419,5.218884276648914e-05,5.20084840396219e-05,0.000719084166797054,5.449512943266086e-06,3.162623594838254e-13,1.7995910286566935e-09,0.00011062398254359111,0.0,0.0,0.0,0.0,0.0,0.0,0.0,0.0,0.0,0.0,0.0,0.0,-3.110849671886613e-07,6.221699342052858e-07,2.073899779945884e-07,1.5799941759992953e-16,-4.147799561432987e-07,0.0,1.2628306247000813e-14,-1.390445904371592e-21,9.331722102178808e-19,1.7971008802139135e-20,1.404211219958179e-17,-1.3907222202731544e-19,1.3980675841126253e-19,1.2638326481330709e-14,2.2630337787743004e-21,-2.9266999410500346e-18,4.143674036879162e-22,9.007996870702471e-22,-1.6200930321949496e-21,1.0424206242335932e-22,-1.2639280923111817e-14,4.0928052128842447e-07,3.110849671886613e-07,5.989436759192279e-07,-6.221674974705733e-07,-5.300652422243498e-07,2.2208514680850922e-10,1.3327355486797333e-07,9.493541318491439e-08,9.167151767948374e-08,9.493541318491439e-08,2.072577752342843e-07,2.072577752342843e-07,-1.5799941759992953e-16,4.145155523076627e-07,-2.638633133792143e-16,4.449061256694562e-19,-1.7987030984504457e-15,4.1451553767224425e-07,1.4082613285920994e-13,8.687972454231538e-12,1.0432621675598983e-10,-3.660498536455765e-11,-1.646665205929762e-19,4.142381282182204e-07,8.687972454231538e-12,1.0432621675598983e-10,-2.0056101539252642e-07,2.774220933047949e-10,-2.0711255590128433e-07,-6.828962602061982e-09,-6.8289626022017885e-09,-2.231895023021435e-16,5.502252522698956e-09,1.652288803041668e-20,-2.43673471248179e-12,5.499434854874232e-09,2.9622761885393843e-12,6.604155986196503e-13,1.6314875714674026e-12,4.104129316015891e-21,2.2318960654420593e-16
2.5289999999999995,548,101324.99999999999,2.771e-08,0.066,0.29999999999999993,0.6339999999999998,0.22000000000000003,548.0,1e-11,1e-22,IdealGasReactor,off,0.6322181542615926,0.0,0.0,0.2898384776533509,0.01811773530720558,0.006036384439349932,4.439559106295395e-12,0.053789248334061485,0.0,0.003113253292087713,4.7995692929797735e-11,0.5257471653799005,5.8316465466725266e-09,8.662957403673257e-08,1.1071533459764534e-07,8.939987726596394e-06,0.4701918762243466,5.2165379718366145e-05,5.195672427524301e-05,0.0007184305604929897,5.447861704556765e-06,3.159801728779964e-13,1.7999769494955318e-09,0.0001105595649037132,0.0,0.0,0.0,0.0,0.0,0.0,0.0,0.0,0.0,0.0,0.0,0.0,-3.108963979108799e-07,6.217927955948028e-07,2.0726426515845922e-07,1.5794614720785573e-16,-4.145285304050822e-07,0.0,6.630575848363658e-15,-8.21944882756035e-22,3.19579931573711e-17,4.45091793196324e-21,6.924991975660417e-17,-1.5008365034162134e-20,2.0639810644423147e-20,6.6297864351635126e-15,5.0830259748545096e-21,-3.763770497228335e-17,4.442957797192686e-20,-4.134920785787732e-21,-4.081757581165049e-21,2.4974980394282127e-22,-6.661984121887507e-15,4.090359223216924e-07,3.108963979108799e-07,5.98528668489687e-07,-6.217903616993661e-07,-5.297499543635916e-07,2.2181421143903822e-10,1.3325406263579738e-07,9.485008342748476e-08,9.161017620433353e-08,9.485008342748476e-08,2.0713222687809428e-07,2.0713222687809428e-07,-1.5794614720785573e-16,4.1426445559365534e-07,-2.635126133522009e-16,4.443890989583691e-19,-1.7972912162963626e-15,4.1426444696845977e-07,1.4074082602419615e-13,8.676174315045056e-12,1.0420849439546583e-10,-3.6537005524945076e-11,-1.6446165001851886e-19,4.1398727705939277e-07,8.676174315045056e-12,1.0420849439546583e-10,-2.0043781358660896e-07,2.771765710511159e-10,-2.0698708858741375e-07,-6.826451571850272e-09,-6.826451571870912e-09,-2.230568622365594e-16,5.495422567682943e-09,1.6503634935536334e-20,-2.4338954367119947e-12,5.492608083389762e-09,2.9585982910990784e-12,6.599558480481333e-13,1.6296025452162486e-12,4.0994371005845395e-21,2.2305711198636334e-16
2.5379999999999994,548,101324.99999999999,2.771e-08,0.066,0.29999999999999993,0.6339999999999998,0.22000000000000003,548.0,1e-11,1e-22,IdealGasReactor,off,0.6322118754865425,0.0,0.0,0.2898058051405197,0.018177143429011628,0.00605618717502134,4.4546554918246846e-12,0.05374898876445034,0.0,0.0031124843014941725,4.7957543113880306e-11,0.5259065941968872,5.830364109795287e-09,8.68911297272524e-08,1.1077950605328325e-07,8.947380573632171e-06,0.4700340031189925,5.214191362988137e-05,5.19050013091955e-05,0.0007177773768606725,5.446210078264455e-06,3.156981722616578e-13,1.8003629290585067e-09,0.00011049515053834605,0.0,0.0,0.0,0.0,0.0,0.0,0.0,0.0,0.0,0.0,0.0,0.0,-3.1070784165108417e-07,6.214156831868851e-07,2.0713856096350284e-07,1.578928762098727e-16,-4.142771222231684e-07,0.0,2.459922526055389e-15,2.375320495888064e-21,-1.1097443461097038e-17,-2.0170029936521693e-20,-4.2710259936758806e-17,2.3944562627695003e-19,-2.36832562721895e-19,2.5558164561204732e-15,5.342861762366224e-22,1.2706032202965162e-16,-1.4532259583739645e-20,2.351260891181981e-22,5.995801661164821e-21,-2.556551950842385e-22,-2.5446040018242113e-15,4.0879133504580396e-07,3.1070784165108417e-07,5.981137269318672e-07,-6.214132521284194e-07,-5.294346857203615e-07,2.2154351716049217e-10,1.3323452688339492e-07,9.476478097063017e-08,9.154884111226655e-08,9.476478097063017e-08,2.0700668703871176e-07,2.0700668703871176e-07,-1.578928762098727e-16,4.1401337591325123e-07,-2.631622759374316e-16,4.438725169672436e-19,-1.795879762637979e-15,4.140133713637084e-07,1.406555249762448e-13,8.664387870229365e-12,1.0409086773014819e-10,-3.646913281297778e-11,-1.642569757422439e-19,4.137364427731819e-07,8.664387870229365e-12,1.0409086773014819e-10,-2.0031462047126047e-07,2.769311351305175e-10,-2.0686162982837495e-07,-6.823940492242381e-09,-6.823940492005549e-09,-2.2292487729802044e-16,5.488598480477905e-09,1.6484397470320967e-20,-2.4310584657127447e-12,5.485787177364439e-09,2.954923554524739e-12,6.594961190605764e-13,1.6277189957375206e-12,4.094748454337973e-21,2.2292462164282536e-16
2.5469999999999993,548,101325.0,2.771e-08,0.066,0.29999999999999993,0.6339999999999998,0.22000000000000003,548.0,1e-11,1e-22,IdealGasReactor,off,0.6322056006461658,0.0,0.0,0.2897731531023306,0.018236514321968968,0.0060759775010585364,4.469746496236688e-12,0.053708754424006175,0.0,0.003111714903153997,4.791941360216994e-11,0.5260660252382519,5.8290812663820555e-09,8.715235684269731e-08,1.1084346928187495e-07,8.954761421918095e-06,0.46987612775022736,5.211844450705741e-05,5.1853315136013984e-05,0.0007171246158444626,5.444558065415229e-06,3.154163576333618e-13,1.8007489675766524e-09,0.0001104307395005861,0.0,0.0,0.0,0.0,0.0,0.0,0.0,0.0,0.0,0.0,0.0,0.0,-3.1051929845326554e-07,6.210385965925475e-07,2.0701286551462462e-07,1.5783960465938131e-16,-4.1402573114342627e-07,0.0,-2.3012588505114714e-15,5.995604060335936e-22,2.1040376933262184e-17,-2.92208176643859e-20,1.5632554200905669e-16,1.8679723464917492e-19,-1.94808478881751e-19,-2.1885846931811058e-15,-2.0261373090799436e-20,-2.2482211314585343e-17,4.6595097233705904e-20,2.7233887692542745e-21,1.2965492094817684e-21,7.122612002372271e-22,2.1673890705181965e-15,4.0854675900788787e-07,3.1051929845326554e-07,5.976988513802468e-07,-6.210361683687486e-07,-5.291194363654689e-07,2.212730638802943e-10,1.3321494757801815e-07,9.467950585115919e-08,9.148751242181187e-08,9.467950585115919e-08,2.068811557458912e-07,2.068811557458912e-07,-1.5783960465938131e-16,4.137623133259866e-07,-2.6281230101417433e-16,4.4335637955557765e-19,-1.7944687384073237e-15,4.1376231352252546e-07,1.4057022973557327e-13,8.652613114607549e-12,1.0397333672661083e-10,-3.640136710051476e-11,-1.6405249771179403e-19,4.134856255693812e-07,8.652613114607549e-12,1.0397333672661083e-10,-2.0019143614896452e-07,2.766857857551873e-10,-2.0673617972886142e-07,-6.821429365660091e-09,-6.821429365465282e-09,-2.227914232867136e-16,5.481780259831425e-09,1.6465175630935367e-20,-2.42822379891838e-12,5.478972135538372e-09,2.9512519781387965e-12,6.590364118827754e-13,1.6258369227884338e-12,4.0900633768870256e-21,2.227921355479138e-16
2.5559999999999996,548,101325.00000000003,2.771e-08,0.066,0.29999999999999993,0.6339999999999998,0.22000000000000003,548.0,1e-11,1e-22,IdealGasReactor,off,0.6321993297399644,0.0,0.0,0.2897405215361896,0.01829584799079457,0.006095755419034166,4.484832119910528e-12,0.05366854530953245,0.0,0.0031109450980810016,4.788130441074375e-11,0.5262254585113817,5.827798018015535e-09,8.74132554548558e-08,1.1090722442554737e-07,8.962130274024077e-06,0.469718250109392,5.2094972372433535e-05,5.180166576664518e-05,0.0007164722776165239,5.442905666898205e-06,3.151347290215669e-13,1.8011350646352687e-09,0.00011036633183934171,0.0,0.0,0.0,0.0,0.0,0.0,0.0,0.0,0.0,0.0,0.0,0.0,-3.1033076855938165e-07,6.206615370382404e-07,2.068871789061786e-07,1.577863325534659e-16,-4.137743580161441e-07,0.0,-1.2357059494983778e-14,9.38058329412741e-22,-3.732298118315729e-18,-1.4878022723513282e-20,-7.729101528312606e-17,-5.52424300287414e-20,7.82603849342545e-20,-1.2388407206634176e-14,-2.350318902908726e-21,4.218370111943815e-17,-7.280594547376347e-21,5.42289269832108e-21,8.237860896119465e-21,-4.329779880009379e-22,1.239217436772761e-14,4.083021950560071e-07,3.1033076855938165e-07,5.972840423478999e-07,-6.206591116468031e-07,-5.28804206705086e-07,2.210028516459805e-10,1.331953247713231e-07,9.459425816582571e-08,9.14261902094861e-08,9.459425816582571e-08,2.067556331606619e-07,2.067556331606619e-07,-1.577863325534659e-16,4.1351126815389365e-07,-2.624626884367466e-16,4.428406867679239e-19,-1.7930581444641334e-15,4.135112785519368e-07,1.4048494041159656e-13,8.640850048485505e-12,1.0385590141739094e-10,-3.633370828309466e-11,-1.6384821586829124e-19,4.1323482563664286e-07,8.640850048485505e-12,1.0385590141739094e-10,-2.0006826071410164e-07,2.7644052311958214e-10,-2.0661073838308206e-07,-6.818918192076984e-09,-6.818918192155244e-09,-2.2266008685777486e-16,5.474967907963522e-09,1.644596942400169e-20,-2.425391437306183e-12,5.472162960137017e-09,2.9475835631363893e-12,6.585767271593669e-13,1.6239563271599315e-12,4.085381870488515e-21,2.2265965387978686e-16
2.5649999999999995,548,101325.00000000003,2.771e-08,0.066,0.29999999999999993,0.6339999999999998,0.22000000000000003,548.0,1e-11,1e-22,IdealGasReactor,off,0.6321930627674365,0.0,0.0,0.28970791043948674,0.01835514444023398,0.006115520930529768,4.499912363227065e-12,0.053628361417813165,0.0,0.0031101748864534604,4.7843215542735367e-11,0.5263848938834502,5.826514364720904e-09,8.767382561183805e-08,1.1097077160827773e-07,8.96948713344548e-06,0.4695603703290924,5.207149723464052e-05,5.175005319811442e-05,0.000715820362155982,5.441252883719321e-06,3.148532864291047e-13,1.8015212203643659e-09,0.00011030192760703026,0.0,0.0,0.0,0.0,0.0,0.0,0.0,0.0,0.0,0.0,0.0,0.0,-3.101422520444324e-07,6.202845039522637e-07,2.0676150124146927e-07,1.577330599367039e-16,-4.135230025962111e-07,0.0,1.675373214086568e-14,-2.3465104604027172e-21,1.9660696414487834e-17,1.2775695305562027e-20,-2.0979417916712918e-17,-1.6900954275683461e-19,1.6649656805589852e-19,1.6687973320340745e-14,1.4963453731323836e-20,-2.4664559702039996e-17,2.0891602726517798e-20,-5.570544437661796e-22,-2.190404787999221e-21,-1.5760030600232507e-22,-1.6707796949238124e-14,4.080576429457824e-07,3.101422520444324e-07,5.968693000284722e-07,-6.202820813908832e-07,-5.284889968626e-07,2.207328803863509e-10,1.331756584439848e-07,9.45090379607495e-08,9.136487450290023e-08,9.45090379607495e-08,2.0663011933334047e-07,2.0663011933334047e-07,-1.577330599367039e-16,4.132602404976346e-07,-2.621134380797116e-16,4.423254384917476e-19,-1.7916479817275973e-15,4.132602218209769e-07,1.4039965703850342e-13,8.629098667517973e-12,1.0373856177916746e-10,-3.626615623630508e-11,-1.6364413015791192e-19,4.129840431813412e-07,8.629098667517973e-12,1.0373856177916746e-10,-1.9994509426793402e-07,2.7619534743261455e-10,-2.0648530589403412e-07,-6.816406973535242e-09,-6.816406973701738e-09,-2.2252733429562745e-16,5.468161424148395e-09,1.6426778847280354e-20,-2.422561380545702e-12,5.465359650428692e-09,2.943918309123712e-12,6.581170651817538e-13,1.622077208766674e-12,4.08070393515638e-21,2.2252717669532145e-16
2.5739999999999994,548,101324.99999999999,2.771e-08,0.066,0.29999999999999993,0.6339999999999998,0.22000000000000003,548.0,1e-11,1e-22,IdealGasReactor,off,0.6321867997280778,0.0,0.0,0.28967531980959826,0.01841440367505776,0.00613527403713587,4.514987226569429e-12,0.05358820274561545,0.0,0.0031094042692281646,4.780514701325948e-11,0.5265443313520806,5.825230307973578e-09,8.793406738463634e-08,1.1103411097171584e-07,8.976832002852032e-06,0.4694024884105071,5.2048019115263484e-05,5.1698477440300916e-05,0.0007151688696204792,5.43959971677643e-06,3.145720298822442e-13,1.801907434386293e-09,0.00011023752685275583,0.0,0.0,0.0,0.0,0.0,0.0,0.0,0.0,0.0,0.0,0.0,0.0,-3.099537491385537e-07,6.199074981540041e-07,2.0663583261536263e-07,1.5767978680948586e-16,-4.1327166546436787e-07,0.0,8.47776827635883e-15,-3.768284146904846e-21,-2.4385257169019754e-17,2.0464463036324803e-20,-3.4757996990580214e-17,3.2065491009495607e-19,-3.657304632148082e-19,8.519518032366265e-15,1.4070049798255766e-20,5.153988369124196e-17,-5.038223320250966e-20,3.7320321286861226e-21,-2.353250452076794e-21,5.062424515946749e-22,-8.494970353690695e-15,4.07813103255961e-07,3.099537491385537e-07,5.964546249122409e-07,-6.199050784203746e-07,-5.281738072242287e-07,2.2046315013984422e-10,1.3315594864289623e-07,9.442384532899898e-08,9.130356537510933e-08,9.442384532899898e-08,2.0650461441713745e-07,2.0650461441713745e-07,-1.5767978680948586e-16,4.130092306636029e-07,-2.6176454979804067e-16,4.418106347593418e-19,-1.790238251059934e-15,4.1300922015707897e-07,1.4031437972039632e-13,8.617358971649036e-12,1.0362131784025814e-10,-3.6198710854264387e-11,-1.6344024052170406e-19,4.127332783931602e-07,8.617358971649036e-12,1.0362131784025814e-10,-1.9982193690521062e-07,2.7595025888913897e-10,-2.0635988235642842e-07,-6.8138957101520105e-09,-6.81389570978628e-09,-2.223941979216758e-16,5.4613608103755656e-09,1.640760390671511e-20,-2.419733629513969e-12,5.4585622084068646e-09,2.9402562171719816e-12,6.576574265695429e-13,1.620199568332368e-12,4.07602957297528e-21,2.223947041641274e-16
2.5829999999999993,548,101325.0,2.771e-08,0.066,0.29999999999999993,0.6339999999999998,0.22000000000000003,548.0,1e-11,1e-22,IdealGasReactor,off,0.632180540621381,0.0,0.0,0.28964274964388503,0.018473625700064812,0.006155014740451899,4.530056710322525e-12,0.053548069289687174,0.0,0.0031086332464792107,4.776709882376131e-11,0.5267037707667133,5.823945847603393e-09,8.819398081949529e-08,1.1109724263810186e-07,8.984164885877645e-06,0.46924460450410765,5.202453802118596e-05,5.1646938488381334e-05,0.0007145177999637504,5.437946167091608e-06,3.142909593801236e-13,1.8022937069007552e-09,0.00011017312962935531,0.0,0.0,0.0,0.0,0.0,0.0,0.0,0.0,0.0,0.0,0.0,0.0,-3.0976525989566964e-07,6.195305196234305e-07,2.0651017313202216e-07,1.5762651322239612e-16,-4.130203464214085e-07,0.0,-1.0818359247359842e-15,-6.091472338395601e-22,-8.01767326121952e-19,1.770341195745793e-21,1.0278427177575714e-17,-1.3623995560993387e-19,1.3620686838543175e-19,-1.0719537187261826e-15,7.926212852493428e-22,-1.064397511741069e-18,-2.8290883555408082e-21,1.6724558010056528e-22,8.679408873505131e-22,6.304925494502216e-23,1.0727566832644116e-15,4.075685757884591e-07,3.0976525989566964e-07,5.960400171522836e-07,-6.195281027152467e-07,-5.278586378775766e-07,2.201936608196721e-10,1.3313619533993976e-07,9.433868031018537e-08,9.124226284753103e-08,9.433868031018537e-08,2.063791184483677e-07,2.063791184483677e-07,-1.5762651322239612e-16,4.1275823872443516e-07,-2.6141602346800307e-16,4.41296275437237e-19,-1.7888289533859915e-15,4.127582378110617e-07,1.4022910848195017e-13,8.605630955916903e-12,1.0350416957005678e-10,-3.613137201006096e-11,-1.6323654690601481e-19,4.124825314806056e-07,8.605630955916903e-12,1.0350416957005678e-10,-1.9969878872779894e-07,2.757052576993915e-10,-2.0623446787432275e-07,-6.811384404223224e-09,-6.811384404359431e-09,-2.2226217327846746e-16,5.4545660655201215e-09,1.6388444598901116e-20,-2.4169081837089777e-12,5.4517706329494e-09,2.936597286676831e-12,6.571978115694108e-13,1.6183234056564546e-12,4.07135878366408e-21,2.222622363277224e-16
2.5919999999999996,548,101324.99999999999,2.771e-08,0.066,0.29999999999999993,0.6339999999999998,0.22000000000000003,548.0,1e-11,1e-22,IdealGasReactor,off,0.6321742854468364,0.0,0.0,0.2896101999396935,0.018532810520079997,0.006174743042086235,4.54512081487338e-12,0.053507961046758645,0.0,0.0031078618191344794,4.7729070988825216e-11,0.526863212119977,5.822660985030751e-09,8.845356598745827e-08,1.1116016674923814e-07,8.991485785263751e-06,0.46908671861610435,5.200105397350104e-05,5.1595436351629894e-05,0.000713867153335298,5.4362922355677194e-06,3.1401007494762305e-13,1.80268003754917e-09,0.00011010873598601044,0.0,0.0,0.0,0.0,0.0,0.0,0.0,0.0,0.0,0.0,0.0,0.0,-3.095767845397502e-07,6.191535690195758e-07,2.0638452288667694e-07,1.575732391775166e-16,-4.127690459737833e-07,0.0,-1.3287819981478051e-14,-8.489110960707175e-22,-1.6784820028061526e-17,1.8700158513124693e-20,-9.778338925516775e-17,1.5797164466292701e-19,-1.3004685436374935e-19,-1.3342484220530424e-14,1.2732995540801192e-21,2.5921662875549394e-17,-2.096693977600352e-20,-2.2070729706563315e-21,6.974574486678898e-22,2.0705117242302006e-22,1.3359383921472383e-14,4.073240610478644e-07,3.095767845397502e-07,5.956254772269114e-07,-6.191511549345319e-07,-5.275434891984404e-07,2.1992441245918806e-10,1.3311639857963965e-07,9.425354299538714e-08,9.118096699140266e-08,9.425354299538714e-08,2.062536315761636e-07,2.062536315761636e-07,-1.575732391775166e-16,4.1250726497840284e-07,-2.6106785894443716e-16,4.407823605507226e-19,-1.7874200895679884e-15,4.1250727633723727e-07,1.401438434244964e-13,8.593914620059961e-12,1.033871169945428e-10,-3.606413959706848e-11,-1.6303304925158254e-19,4.122318026337952e-07,8.593914620059961e-12,1.033871169945428e-10,-1.9957564983073168e-07,2.7546034405813714e-10,-2.0610906254264673e-07,-6.808873055945264e-09,-6.808873055815217e-09,-2.2212956630010785e-16,5.447777191454164e-09,1.6369300929403176e-20,-2.4140850439517958e-12,5.4449849259189446e-09,2.9329415186392867e-12,6.567382207878223e-13,1.6164487214249378e-12,4.066691569211116e-21,2.221297733512803e-16
2.6009999999999995,548,101324.99999999996,2.771e-08,0.066,0.29999999999999993,0.6339999999999998,0.22000000000000003,548.0,1e-11,1e-22,IdealGasReactor,off,0.6321680342039313,0.0,0.0,0.28957767069435525,0.018591958139955466,0.006194458943656174,4.560179540610951e-12,0.05346787801354168,0.0,0.0031070899875262075,4.769106351380226e-11,0.5270226553043826,5.821375720565353e-09,8.871282294283289e-08,1.1122288343388516e-07,8.99879470440497e-06,0.4689288308535761,5.197756698338302e-05,5.15439710293872e-05,0.0007132169297469392,5.434637923192067e-06,3.1372937659126564e-13,1.8030664263633708e-09,0.00011004434597443525,0.0,0.0,0.0,0.0,0.0,0.0,0.0,0.0,0.0,0.0,0.0,0.0,-3.0938832317585166e-07,6.187766462034726e-07,2.0625888198081543e-07,1.5751996471084153e-16,-4.125177641409834e-07,0.0,4.032336508086116e-15,-3.367834190595281e-22,-1.018816470605737e-17,2.4059406970131734e-21,-9.359078792449578e-18,1.283784310682299e-20,-5.2724492244129984e-21,4.0448820867758284e-15,8.685255067932575e-23,1.1578274435467863e-17,-1.600502215069924e-20,-6.371875656072541e-22,2.3240709998783014e-21,1.7732075514106978e-22,-4.03462887392448e-15,4.0707955905390936e-07,3.0938832317585166e-07,5.952110053868236e-07,-6.187742349392624e-07,-5.27228361361123e-07,2.196554050071853e-10,1.3309655835590506e-07,9.416843343960581e-08,9.111967784311663e-08,9.416843343960581e-08,2.061281538707713e-07,2.061281538707713e-07,-1.5751996471084153e-16,4.1225630956599315e-07,-2.607200560964454e-16,4.402688900131338e-19,-1.7860116605104724e-15,4.12256303539138e-07,1.4005858459576531e-13,8.582209960504328e-12,1.0327016009991888e-10,-3.599701349449545e-11,-1.6282974750267982e-19,4.119810920555964e-07,8.582209960504328e-12,1.0327016009991888e-10,-1.9945252031383083e-07,2.7521551817048815e-10,-2.0598366646265253e-07,-6.806361666984612e-09,-6.80636166697934e-09,-2.2199713799276057e-16,5.4409941879324775e-09,1.635017289747359e-20,-2.4112642101321963e-12,5.438205087074038e-09,2.9292889129286182e-12,6.56278654579601e-13,1.6145755156997566e-12,4.062027930007142e-21,2.219973153135157e-16
2.6099999999999994,548,101325.0,2.771e-08,0.066,0.29999999999999993,0.6339999999999998,0.22000000000000003,548.0,1e-11,1e-22,IdealGasReactor,off,0.6321617868921497,0.0,0.0,0.28954516190518714,0.018651068564569523,0.006214162446787944,4.575232887926273e-12,0.053427820186730306,0.0,0.0031063177523616967,4.765307640978739e-11,0.5271821002753351,5.8200900552153414e-09,8.897175175143995e-08,1.1128539282959808e-07,9.006091646312006e-06,0.4687709412602359,5.19540770682423e-05,5.1492542527142807e-05,0.0007125671292958832,5.432983230899516e-06,3.13448864328694e-13,1.8034528731296777e-09,0.00010997995964470844,0.0,0.0,0.0,0.0,0.0,0.0,0.0,0.0,0.0,0.0,0.0,0.0,-3.0919987598358346e-07,6.18399752008222e-07,2.0613325051183278e-07,1.5746668983706177e-16,-4.122665012728563e-07,0.0,-1.7620114501971906e-14,2.574152393622678e-21,-2.5118746795078165e-17,-2.799932192573806e-20,-1.987162587664638e-16,4.735178872947556e-19,-5.348367861033115e-19,-1.7726371200204183e-14,-1.699409146031363e-20,6.654712625342976e-17,-2.161460947288386e-20,-3.3654877197485622e-21,-3.3042802833167247e-21,-1.2527076958067904e-22,1.7751716156292777e-14,4.0683507015538186e-07,3.0919987598358346e-07,5.947966020251968e-07,-6.183973435625392e-07,-5.269132546662075e-07,2.1938663846487268e-10,1.3307667469458063e-07,9.408335172035916e-08,9.105839546090042e-08,9.408335172035916e-08,2.0600268545186404e-07,2.0600268545186404e-07,-1.5746668983706177e-16,4.120053727265616e-07,-2.603726147834682e-16,4.397558638069465e-19,-1.7846036670897454e-15,4.12005388472636e-07,1.3997333207707167e-13,8.57051697572336e-12,1.0315329889708303e-10,-3.5929993590415e-11,-1.6262664160094612e-19,4.117303999406853e-07,8.57051697572336e-12,1.0315329889708303e-10,-1.9932940027375106e-07,2.749707802345407e-10,-2.058582797315369e-07,-6.803850238081704e-09,-6.803850237546867e-09,-2.218649876180991e-16,5.434217056014223e-09,1.633106050627677e-20,-2.4084456827173575e-12,5.4314311174744254e-09,2.92563947011387e-12,6.558191134572475e-13,1.6127037889294577e-12,4.0573678674327436e-21,2.2186486234732951e-16
2.6189999999999993,548,101324.99999999999,2.771e-08,0.066,0.29999999999999993,0.6339999999999998,0.22000000000000003,548.0,1e-11,1e-22,IdealGasReactor,off,0.6321555435109737,0.0,0.0,0.28951267356949123,0.018710141798828128,0.006233853553116673,4.59028085721226e-12,0.05338778756299994,0.0,0.003105545113977704,4.7615109682125225e-11,0.5273415469258623,5.81880398929751e-09,8.923035246840541e-08,1.1134769506583866e-07,9.01337661440189e-06,0.4686130499426409,5.1930584239322203e-05,5.1441150844203316e-05,0.0007119177519937402,5.431328159678246e-06,3.131685381661036e-13,1.8038393778780195e-09,0.00010991557704850176,0.0,0.0,0.0,0.0,0.0,0.0,0.0,0.0,0.0,0.0,0.0,0.0,-3.0901144306857836e-07,6.180228859902769e-07,2.0600762858090457e-07,1.574134145919947e-16,-4.120152573158084e-07,0.0,2.545368030092128e-15,-2.646598715205154e-22,-6.017622928533877e-19,-3.3336550404571018e-21,-1.0535184039712174e-17,-7.856230585783636e-20,7.851184784047062e-20,2.5313409725796947e-15,-1.846888017548752e-21,-4.017014557805754e-18,-6.171324747206779e-22,-1.3669676610321628e-21,5.949354466161403e-22,4.3818322101136836e-23,-2.5307348000477576e-15,4.0659059429893913e-07,3.0901144306857836e-07,5.943822673937324e-07,-6.180204803608153e-07,-5.265981692889918e-07,2.191181127808431e-10,1.330567475900414e-07,9.399829789272426e-08,9.099711988130751e-08,9.399829789272426e-08,2.0587722639010273e-07,2.0587722639010273e-07,-1.574134145919947e-16,4.117544546014132e-07,-2.600255348737048e-16,4.392432818449443e-19,-1.7831961102083304e-15,4.117544500914505e-07,1.3988808591642767e-13,8.55883566213034e-12,1.0303653337219657e-10,-3.586307976413741e-11,-1.624237314901815e-19,4.114797264917305e-07,8.55883566213034e-12,1.0303653337219657e-10,-1.9920628981001616e-07,2.7472613045479483e-10,-2.057329024504497e-07,-6.801338770888406e-09,-6.801338770966918e-09,-2.2173237071357214e-16,5.4274457954571235e-09,1.6311963755049252e-20,-2.4056294615945735e-12,5.424663016869287e-09,2.9219931900595585e-12,6.553595977767611e-13,1.6108335411743548e-12,4.0527113818742446e-21,2.2173241453189424e-16
2.6279999999999992,548,101324.99999999996,2.771e-08,0.066,0.29999999999999993,0.6339999999999998,0.22000000000000003,548.0,1e-11,1e-22,IdealGasReactor,off,0.6321493040598818,0.0,0.0,0.28948020568455524,0.018769177847663125,0.006253532264286422,4.605323448863942e-12,0.053347780139008344,0.0,0.0031047720731622688,4.757716334306789e-11,0.5275009952247819,5.817517523969471e-09,8.948862516279776e-08,1.1140979028278406e-07,9.020649611640225e-06,0.46845515693099204,5.190708851536587e-05,5.138979598726451e-05,0.0007112687979547381,5.429672710452521e-06,3.12888398123054e-13,1.8042259403422036e-09,0.00010985119823549807,0.0,0.0,0.0,0.0,0.0,0.0,0.0,0.0,0.0,0.0,0.0,0.0,-3.088230246261361e-07,6.176460490539981e-07,2.0588201628465023e-07,1.5736013898578821e-16,-4.1176403273551745e-07,0.0,3.966268593327326e-15,3.7149797276263155e-22,-3.2456720891818926e-18,-1.064056261398802e-22,4.0891362561648603e-17,-1.274784585617722e-19,1.263741724440139e-19,4.0159135169663395e-15,-2.1252947772161708e-23,5.592030773959113e-18,-2.3236127427145013e-21,1.2205049938219923e-21,4.625511476856732e-23,-2.333425674012574e-23,-4.012645242303913e-15,4.0634613194894496e-07,3.088230246261361e-07,5.939680019153667e-07,-6.176436462384507e-07,-5.26283105556686e-07,2.1884982796668068e-10,1.330367770750866e-07,9.391327203884768e-08,9.093585116715216e-08,9.391327203884768e-08,2.0575177681556076e-07,2.0575177681556076e-07,-1.5736013898578821e-16,4.1150355545070875e-07,-2.5967881622373826e-16,4.387311441230415e-19,-1.7817889907345734e-15,4.1150354945784784e-07,1.3980284620221459e-13,8.547166018598193e-12,1.0291986354110088e-10,-3.579627190559178e-11,-1.62221017111014e-19,4.112290719014658e-07,8.547166018598193e-12,1.0291986354110088e-10,-1.9908318901869585e-07,2.744815690272804e-10,-2.0560753471562185e-07,-6.7988272659543765e-09,-6.798827266080751e-09,-2.2159999534578406e-16,5.420680407567038e-09,1.6292882647730664e-20,-2.402815547345377e-12,5.417900786572513e-09,2.9183500734711986e-12,6.54900108083736e-13,1.6089647729594038e-12,4.048058474907995e-21,2.2159997201152732e-16
2.6369999999999996,548,101324.99999999997,2.771e-08,0.066,0.29999999999999993,0.6339999999999998,0.22000000000000003,548.0,1e-11,1e-22,IdealGasReactor,off,0.6321430685383492,0.0,0.0,0.2894477582476517,0.018828176716033315,0.0062731985819501415,4.620360663278308e-12,0.05330779791139502,0.0,0.0031039986303730703,4.753923739974399e-11,0.5276604450852218,5.8162306597724024e-09,8.974656989439961e-08,1.1147167861338909e-07,9.027910641353926e-06,0.4682972623115954,5.188358990961763e-05,5.133847795750849e-05,0.0007106202672167698,5.42801688419465e-06,3.12608444208909e-13,1.8046125604734582e-09,0.00010978682325680962,0.0,0.0,0.0,0.0,0.0,0.0,0.0,0.0,0.0,0.0,0.0,0.0,-3.0863462078560284e-07,6.172692414672106e-07,2.0575641372298793e-07,1.573068630474513e-16,-4.1151282761702146e-07,0.0,2.705099481655927e-15,-2.2485894000407406e-22,-5.913536637257302e-18,3.1636347405311193e-21,-5.335989930346872e-17,-2.847883587346568e-19,2.8822281263797696e-19,2.6652378232992864e-15,-1.2065020942873697e-21,7.790944101434478e-18,-9.884213178098233e-21,-6.363500452370442e-21,7.959669181561835e-23,2.0783754481721175e-23,-2.65927941764641e-15,4.061016831902924e-07,3.0863462078560284e-07,5.935538058868748e-07,-6.172668414632706e-07,-5.259680636847494e-07,2.1858178398705595e-10,1.3301676315444827e-07,9.382827422086448e-08,9.087458936192442e-08,9.382827422086448e-08,2.0562633681460293e-07,2.0562633681460293e-07,-1.573068630474513e-16,4.112526754471728e-07,-2.5933245869796207e-16,4.382194505750113e-19,-1.7803823095603224e-15,4.1125267080666106e-07,1.3971761299311498e-13,8.53550804216269e-12,1.028032893975817e-10,-3.572956989690555e-11,-1.6201849840599947e-19,4.109784363697867e-07,8.53550804216269e-12,1.028032893975817e-10,-1.9896009799834814e-07,2.7423709615375453e-10,-2.0548217662683762e-07,-6.796315724639798e-09,-6.796315724928021e-09,-2.2146751409887756e-16,5.413920892494263e-09,1.6273817184757917e-20,-2.400003940034441e-12,5.411144426729095e-09,2.9147101204260187e-12,6.544406447842316e-13,1.6070974844633532e-12,4.0434091472236665e-21,2.2146753488263204e-16
2.6459999999999995,548,101324.99999999999,2.771e-08,0.066,0.29999999999999993,0.6339999999999998,0.22000000000000003,548.0,1e-11,1e-22,IdealGasReactor,off,0.6321368369458503,0.0,0.0,0.28941533125603897,0.018887138408924413,0.006292852507769701,4.63539250085433e-12,0.05326784087678132,0.0,0.0031032247861146707,4.75013318599504e-11,0.5278198964282286,5.814943397334322e-09,9.000418672476237e-08,1.115333601920069e-07,9.035159706836869e-06,0.46813936616278096,5.1860088436094136e-05,5.128719675681814e-05,0.0007099721598275869,5.426360681869819e-06,3.123286764340779e-13,1.8049992381926238e-09,0.00010972245216329408,0.0,0.0,0.0,0.0,0.0,0.0,0.0,0.0,0.0,0.0,0.0,0.0,-3.0844623168549257e-07,6.168924635115362e-07,2.056308209952824e-07,1.5725358680331168e-16,-4.1126164231948756e-07,0.0,-3.4304979467822218e-15,-2.514470211904329e-21,5.259558355790814e-18,1.9930119282138812e-20,-2.977748561237229e-16,4.0313474333384357e-19,-3.90420150138291e-19,-3.55626165827981e-15,2.02115382861706e-20,1.7696312604200228e-16,-2.1493715895448243e-20,-8.297707218460843e-21,1.461871067696598e-20,7.586105778689039e-22,3.5509364974361515e-15,4.0585724838185233e-07,3.0844623168549257e-07,5.931396796224543e-07,-6.168900663168963e-07,-5.256530439041881e-07,2.1831398081273136e-10,1.329967058369161e-07,9.374330450361756e-08,9.081333451178997e-08,9.374330450361756e-08,2.0550090647967178e-07,2.0550090647967178e-07,-1.5725358680331168e-16,4.1100181477567643e-07,-2.58986462159038e-16,4.377082011424528e-19,-1.7789760675724157e-15,4.110018163583362e-07,1.3963238635194103e-13,8.523861730094501e-12,1.0268681093832019e-10,-3.5662973621281606e-11,-1.618161753170624e-19,4.10727820095365e-07,8.523861730094501e-12,1.0268681093832019e-10,-1.9883701684709187e-07,2.7399271203470634e-10,-2.053568282832604e-07,-6.7938041481905274e-09,-6.793804147800107e-09,-2.2133434463770143e-16,5.407167250536107e-09,1.6254767367022672e-20,-2.3971946397935065e-12,5.404393937635203e-09,2.911073331081607e-12,6.539812083036198e-13,1.6052316759098136e-12,4.038763399625782e-21,2.213351032482793e-16
2.6549999999999994,548,101324.99999999999,2.771e-08,0.066,0.29999999999999993,0.6339999999999998,0.22000000000000003,548.0,1e-11,1e-22,IdealGasReactor,off,0.6321306092818544,0.0,0.0,0.28938292470696014,0.018946062931349126,0.00631249404341584,4.650418961992919e-12,0.053227909031770194,0.0,0.0031024505410636063,4.746344673412353e-11,0.5279793492032473,5.813655737602679e-09,9.026147572056238e-08,1.1159483515737067e-07,9.042396811225308e-06,0.4679814685342644,5.18365841116808e-05,5.123595238990318e-05,0.0007093244758741386,5.424704104421926e-06,3.1204909481427565e-13,1.805385973307794e-09,0.00010965808500514198,0.0,0.0,0.0,0.0,0.0,0.0,0.0,0.0,0.0,0.0,0.0,0.0,-3.082578574983244e-07,6.165157148420091e-07,2.0550523819922633e-07,1.5720031027007608e-16,-4.1101047655951927e-07,0.0,1.2983876880885551e-17,1.0921213957718191e-23,-3.9335307441006685e-18,-4.928059296929334e-22,-2.58990911534843e-18,7.385068508873431e-21,-7.322202782319401e-21,1.42965066338888e-17,-5.740592051697706e-22,-9.127233663532283e-20,-5.4923092268062616e-21,-7.641080908458593e-23,3.0670411817735984e-22,3.2084609162159785e-24,-1.0333374872812445e-17,4.05612827239347e-07,3.082578574983244e-07,5.927256235012662e-07,-6.16513320454362e-07,-5.253380465036524e-07,2.1804641843831135e-10,1.3297660514587028e-07,9.365836296222594e-08,9.075208667288549e-08,9.365836296222594e-08,2.0537548592573558e-07,2.0537548592573558e-07,-1.5720031027007608e-16,4.1075097366619965e-07,-2.586408264654878e-16,4.371973957985846e-19,-1.7775702656461877e-15,4.10750971679974e-07,1.395471663568106e-13,8.512227080594598e-12,1.0257042817122892e-10,-3.5596482965999184e-11,-1.6161404778506025e-19,4.1047722327343975e-07,8.512227080594598e-12,1.0257042817122892e-10,-1.9871394566179116e-07,2.737484168676109e-10,-2.0523148978235877e-07,-6.791292537435167e-09,-6.791292537427845e-09,-2.2120267402779523e-16,5.400419482568481e-09,1.6235733197196298e-20,-2.3943876470164416e-12,5.39764932017228e-09,2.9074397059134607e-12,6.535217991393222e-13,1.6033673476980641e-12,4.034121233369119e-21,2.2120267723625615e-16
2.6639999999999993,548,101324.99999999997,2.771e-08,0.066,0.29999999999999993,0.6339999999999998,0.22000000000000003,548.0,1e-11,1e-22,IdealGasReactor,off,0.6321243855458292,0.0,0.0,0.28935053859764415,0.019004950288345878,0.006332123190568219,4.665440047097133e-12,0.05318800237294724,0.0,0.0031016758956693784,4.742558202911916e-11,0.5281388033220499,5.812367681102129e-09,9.051843694300535e-08,1.1165610364323586e-07,9.049621957902646e-06,0.46782356951372117,5.181307694946159e-05,5.118474485759278e-05,0.000708677215389939,5.423047152824237e-06,3.117696993575979e-13,1.8057727657766662e-09,0.00010959372183336849,0.0,0.0,0.0,0.0,0.0,0.0,0.0,0.0,0.0,0.0,0.0,0.0,-3.080694983513016e-07,6.161389965455149e-07,2.0537966543459525e-07,1.571470334772138e-16,-4.1075933103021606e-07,0.0,-1.7652679472759402e-18,4.234744482422131e-23,-3.92140898011757e-18,-4.742009983210022e-22,-8.777378915922687e-20,5.161607022330893e-21,-5.1558167580430215e-21,2.0594514234079743e-18,-3.808664879053227e-22,-6.658041414314354e-20,-5.3277336063928456e-21,5.169878828456423e-26,2.370343411580855e-22,7.912257844901576e-24,1.8912268233536642e-18,4.0536842045579835e-07,3.080694983513016e-07,5.923116378156186e-07,-6.161366049625531e-07,-5.250230716949624e-07,2.177790968258191e-10,1.3295646108552806e-07,9.357344965796944e-08,9.069084588804644e-08,9.357344965796944e-08,2.05250075237751e-07,2.05250075237751e-07,-1.571470334772138e-16,4.1050015228861266e-07,-2.5829555148027495e-16,4.36687034473079e-19,-1.7761649046696637e-15,4.105001503162953e-07,1.394619530654494e-13,8.500604090585661e-12,1.0245414108894619e-10,-3.5530097812913424e-11,-1.6141211575168652e-19,4.1022664610355083e-07,8.500604090585661e-12,1.0245414108894619e-10,-1.9859088454083984e-07,2.735042108532148e-10,-2.0510616122374204e-07,-6.788780893755403e-09,-6.788780893750247e-09,-2.210702490291704e-16,5.3936775886766435e-09,1.621671467551809e-20,-2.3915829617391957e-12,5.390910574417715e-09,2.9038092449599545e-12,6.530624176926042e-13,1.601504499987196e-12,4.029482649092699e-21,2.2107025694142824e-16
2.6729999999999996,548,101324.99999999997,2.771e-08,0.066,0.29999999999999993,0.6339999999999998,0.22000000000000003,548.0,1e-11,1e-22,IdealGasReactor,off,0.6321181657372393,0.0,0.0,0.28931817292530526,0.019063800484979836,0.006351739950915389,4.680455756572009e-12,0.053148120896879904,0.0,0.0031009008504840267,4.738773775336181e-11,0.5282982587131261,5.811079228547189e-09,9.077507045619046e-08,1.1171716578613689e-07,9.056835150167634e-06,0.4676656691719805,5.178956696423607e-05,5.11335741623988e-05,0.000708030378431778,5.421389828038409e-06,3.11490490075334e-13,1.8061596154900809e-09,0.00010952936269862476,0.0,0.0,0.0,0.0,0.0,0.0,0.0,0.0,0.0,0.0,0.0,0.0,-3.0788115439183583e-07,6.157623086143018e-07,2.0525410280024943e-07,1.5709375644852954e-16,-4.1050820574229906e-07,0.0,-9.506650344901713e-16,-3.935990198424747e-22,6.4605830873151324e-18,4.255466215435248e-21,1.2324117624313256e-17,-1.2779609591699256e-19,1.2606315253369397e-19,-9.538086070223647e-16,1.314491977284588e-21,-8.790368655320148e-18,1.025442274839742e-20,1.402898318889935e-21,-5.186217016643902e-22,5.483874863663866e-23,9.472962910909293e-16,4.051240280415064e-07,3.0788115439183583e-07,5.918977228964359e-07,-6.157599198337177e-07,-5.247081197242184e-07,2.17512015951394e-10,1.3293627366879718e-07,9.348856465823734e-08,9.062961220603807e-08,9.348856465823734e-08,2.0512467451404705e-07,2.0512467451404705e-07,-1.5709375644852954e-16,4.102493508395884e-07,-2.5795063706393407e-16,4.361771171143486e-19,-1.774759985524516e-15,4.1024934982480943e-07,1.393767465446693e-13,8.488992757540368e-12,1.0233794969075438e-10,-3.546381804632545e-11,-1.6121037915800386e-19,4.0997608878332264e-07,8.488992757540368e-12,1.0233794969075438e-10,-1.9846783358196156e-07,2.7326009419049495e-10,-2.0498084270605721e-07,-6.786269218287882e-09,-6.7862692184139455e-09,-2.209377876345986e-16,5.386941569280486e-09,1.619771180328062e-20,-2.3887805841524843e-12,5.3841777007926806e-09,2.9001819484474205e-12,6.526030644076177e-13,1.5996431330401108e-12,4.024847647701876e-21,2.2093784247334724e-16
2.6819999999999995,548,101324.99999999997,2.771e-08,0.066,0.29999999999999993,0.6339999999999998,0.22000000000000003,548.0,1e-11,1e-22,IdealGasReactor,off,0.6321119498555464,0.0,0.0,0.28928582768714317,0.019122613526342445,0.006371344326154787,4.695466090824632e-12,0.05310826460011777,0.0,0.00310012540612978,4.734991391630427e-11,0.5284577153168234,5.809790380782853e-09,9.103137632687433e-08,1.1177802172456116e-07,9.064036391261332e-06,0.4675077675679255,5.176605417196127e-05,5.108244030791442e-05,0.0007073839650716563,5.4197321310157766e-06,3.1121146698054403e-13,1.8065465222926369e-09,0.00010946500765120089,0.0,0.0,0.0,0.0,0.0,0.0,0.0,0.0,0.0,0.0,0.0,0.0,-3.076928257810933e-07,6.153856514051269e-07,2.0512855039416635e-07,1.5704047920381215e-16,-4.102571009416661e-07,0.0,-4.142576623598318e-16,4.642313275666583e-23,8.511870304837866e-18,-2.5291285141096106e-22,8.258571235729428e-20,6.432156443212343e-21,-6.491713447316161e-21,-4.179390263672766e-16,7.738616932957567e-22,4.855581422158293e-18,1.1528911778504868e-20,8.592338612894575e-23,1.0499232249094322e-22,-1.471118347527503e-23,4.093642300321264e-16,4.048796502417176e-07,3.076928257810933e-07,5.914838791008001e-07,-6.153832654246124e-07,-5.243931908608374e-07,2.172451758004709e-10,1.3291604291461952e-07,9.340370803450142e-08,9.05683856796444e-08,9.340370803450142e-08,2.0499928386208593e-07,2.0499928386208593e-07,-1.5704047920381215e-16,4.0999856953404923e-07,-2.576060830747163e-16,4.356676436829026e-19,-1.7733555090856005e-15,4.099985679850704e-07,1.3929154686748801e-13,8.477393079291548e-12,1.0222185398035243e-10,-3.539764355214811e-11,-1.6100883794431615e-19,4.097255515086294e-07,8.477393079291548e-12,1.0222185398035243e-10,-1.9834479288217172e-07,2.730160670767385e-10,-2.0485553432708955e-07,-6.7837575119946385e-09,-6.783757511988147e-09,-2.2080544866275747e-16,5.380211425030873e-09,1.6178724582470972e-20,-2.3859805145496225e-12,5.377450699948522e-09,2.896557816725263e-12,6.521437397574978e-13,1.5977832471883484e-12,4.020216230277577e-21,2.20805433951574e-16
2.6909999999999994,548,101325.00000000003,2.771e-08,0.066,0.29999999999999993,0.6339999999999998,0.22000000000000003,548.0,1e-11,1e-22,IdealGasReactor,off,0.6321057379002096,0.0,0.0,0.2892535028803425,0.019181389417553638,0.0063909363179926815,4.710471050263824e-12,0.05306843347919123,0.0,0.0030993495634558054,4.731211053083456e-11,0.5286171731117766,5.808501139076827e-09,9.128735462918883e-08,1.1183867160260338e-07,9.071225684204035e-06,0.4673498647218702,5.1742538592355726e-05,5.103134330139805e-05,0.0007067379754325551,5.418074062674348e-06,3.10932630092801e-13,1.8069334858784948e-09,0.0001094006567403285,0.0,0.0,0.0,0.0,0.0,0.0,0.0,0.0,0.0,0.0,0.0,0.0,-3.0750451272506653e-07,6.150090257998808e-07,2.05003008311658e-07,1.5698720174988198e-16,-4.100060170028145e-07,0.0,4.302322000582293e-14,5.526441101900052e-21,-8.070488935231847e-17,1.2320049623403926e-20,-5.073483832080923e-16,1.3223243097823696e-18,-1.253756000085399e-18,4.274026984755016e-14,3.9715478084367854e-20,1.4113763049974515e-16,-1.184294318363206e-19,8.907442727488994e-21,-1.3932253819369864e-20,-1.3110220483966846e-22,-4.2658949629661326e-14,4.0463528742950595e-07,3.0750451272506653e-07,5.910701068713713e-07,-6.150066426171272e-07,-5.240782854502175e-07,2.1697857638964897e-10,1.3289576886129903e-07,9.331887987169769e-08,9.050716637476827e-08,9.331887987169769e-08,2.0487390341905693e-07,2.0487390341905693e-07,-1.5698720174988198e-16,4.0974780864638976e-07,-2.572618893647757e-16,4.351586141802622e-19,-1.7719514762091947e-15,4.0974776394087087e-07,1.3920635412712187e-13,8.465805054885305e-12,1.0210585397614586e-10,-3.533157422154966e-11,-1.6080749204915673e-19,4.0947503447011586e-07,8.465805054885305e-12,1.0210585397614586e-10,-1.9822176253638538e-07,2.7277212970464255e-10,-2.0473023618202192e-07,-6.781245775272597e-09,-6.781245774018841e-09,-2.2067316263047554e-16,5.373487157348173e-09,1.6159753017402675e-20,-2.3831827535672733e-12,5.3707295733085166e-09,2.8929368505583003e-12,6.516844443100556e-13,1.5959248429933382e-12,4.015588398489495e-21,2.206730315282707e-16
2.6999999999999993,548,101325.0,2.771e-08,0.066,0.29999999999999993,0.6339999999999998,0.22000000000000003,548.0,1e-11,1e-22,IdealGasReactor,off,0.6320995298706852,0.0,0.0,0.28922119850207284,0.019240128163759695,0.006410515928144215,4.725470635300437e-12,0.05302862753061276,0.0,0.003098573322176061,4.7274327592400646e-11,0.5287766318846429,5.807211502578844e-09,9.154300540326922e-08,1.1189911553846084e-07,9.078403033224684e-06,0.4671919608475301,5.171902022628793e-05,5.0980283131396986e-05,0.0007060924093778997,5.416415624101098e-06,3.106539793975221e-13,1.8073205066954493e-09,0.00010933631002038325,0.0,0.0,0.0,0.0,0.0,0.0,0.0,0.0,0.0,0.0,0.0,0.0,-3.0731621520430023e-07,6.146324302681839e-07,2.0487747666100447e-07,1.56933924158583e-16,-4.0975495354407387e-07,0.0,-1.2551214653382845e-14,-9.09920481589605e-22,-2.188659612370272e-17,5.759430002272319e-21,-1.67019015330787e-17,3.857970376947321e-19,-3.795634045985325e-19,-1.2502227612954775e-14,-9.100210545337228e-21,4.309750697198414e-17,-2.6719986388916404e-20,-8.423645466722042e-21,5.069017651876512e-21,1.998255086156185e-23,1.2524287768966664e-14,4.0439093922572597e-07,3.0731621520430023e-07,5.906564062197836e-07,-6.146300498808838e-07,-5.237634034556153e-07,2.167122175766684e-10,1.3287545145053883e-07,9.323408018667203e-08,9.044595429129583e-08,9.323408018667203e-08,2.047485331726232e-07,2.047485331726232e-07,-1.56933924158583e-16,4.094970681518886e-07,-2.569180558142705e-16,4.346500283979547e-19,-1.7705478878381556e-15,4.09497078690535e-07,1.3912116831518836e-13,8.454228677162552e-12,1.0198994962172968e-10,-3.526560991925775e-11,-1.6060634141844116e-19,4.0922453788395924e-07,8.454228677162552e-12,1.0198994962172968e-10,-1.9809874264965434e-07,2.725282822879639e-10,-2.0460494837872275e-07,-6.7787340113501475e-09,-6.778734010970584e-09,-2.2054061520912004e-16,5.366768763723819e-09,1.6140797100528504e-20,-2.380387300091793e-12,5.364014318347908e-09,2.8893190485871435e-12,6.512251781566152e-13,1.594067919843909e-12,4.0109641510043795e-21,2.205406351916709e-16
2.7089999999999996,548,101324.99999999999,2.771e-08,0.066,0.29999999999999993,0.6339999999999998,0.22000000000000003,548.0,1e-11,1e-22,IdealGasReactor,off,0.6320933257664264,0.0,0.0,0.28918891454948975,0.01929882977013277,0.0064300831583334155,4.740464846347425e-12,0.05298884675087731,0.0,0.003097796683505492,4.72365651194153e-11,0.5289360916757044,5.805921473238181e-09,9.179832873535775e-08,1.1195935368534101e-07,9.085568440991704e-06,0.4670340559031122,5.169549909953835e-05,5.0929259811060625e-05,0.0007054472671126791,5.414756816160786e-06,3.1037551492471055e-13,1.8077075841958874e-09,0.00010927196753889588,0.0,0.0,0.0,0.0,0.0,0.0,0.0,0.0,0.0,0.0,0.0,0.0,-3.0712793349703337e-07,6.142558668473347e-07,2.047519555331994e-07,1.5688064641585513e-16,-4.0950391122513623e-07,0.0,1.004522676492354e-16,-1.9118542274704914e-22,-1.4972518447340463e-18,2.9515839170716104e-21,-1.0160371960552146e-17,1.3817224952085774e-20,-1.4625380410550082e-20,9.217604437923409e-17,6.977973266771949e-22,3.5301743875436263e-19,-1.908483387744563e-21,6.79322078059174e-22,-1.2301241623928151e-21,-1.1238435938053481e-23,-9.066883041669267e-17,4.0414660628740415e-07,3.0712793349703337e-07,5.902427777266208e-07,-6.142534892531794e-07,-5.234485453449436e-07,2.1644609942829876e-10,1.3285509075187175e-07,9.314930908604526e-08,9.038474951627844e-08,9.314930908604526e-08,2.0462317330789913e-07,2.0462317330789913e-07,-1.5688064641585513e-16,4.0924634842083284e-07,-2.565745822653621e-16,4.341418864035e-19,-1.7691447447985331e-15,4.0924634636674284e-07,1.3903598955746765e-13,8.442663947121458e-12,1.0187414095919588e-10,-3.519975054493553e-11,-1.604053859877692e-19,4.0897406193239974e-07,8.442663947121458e-12,1.0187414095919588e-10,-1.9797573331348558e-07,2.722845250119355e-10,-2.0447967100818664e-07,-6.7762222197138145e-09,-6.776222219699189e-09,-2.204082563849442e-16,5.3600562468060326e-09,1.612185683990581e-20,-2.3775941553125236e-12,5.357304937732091e-09,2.885704412244728e-12,6.507659420175608e-13,1.5922124786714278e-12,4.006343490439628e-21,2.2040824514650827e-16
2.7179999999999995,548,101324.99999999999,2.771e-08,0.066,0.29999999999999993,0.6339999999999998,0.22000000000000003,548.0,1e-11,1e-22,IdealGasReactor,off,0.632087125586884,0.0,0.0,0.2891566510197346,0.019357494241870415,0.006449638010293207,4.755453683819905e-12,0.052949091136462595,0.0,0.0030970196480790144,4.7198823121356936e-11,0.5290955524270888,5.804631051920603e-09,9.205332469415805e-08,1.1201938618348867e-07,9.09272191080524e-06,0.46687614994570875,5.167197522825492e-05,5.0878273343938856e-05,0.0007048025487088641,5.413097639804848e-06,3.100972366867665e-13,1.808094718216831e-09,0.00010920762934600443,0.0,0.0,0.0,0.0,0.0,0.0,0.0,0.0,0.0,0.0,0.0,0.0,-3.0693966776615764e-07,6.138793353474353e-07,2.0462644502594514e-07,1.5682736854088336e-16,-4.0925289031443805e-07,0.0,-8.432988782760739e-15,2.708809253173026e-21,-4.108815331404214e-17,-2.0301571779856387e-20,2.7738740835802234e-17,-3.282252670610414e-20,3.534790911622853e-20,-8.299257272210707e-15,-6.1705687534023135e-21,6.434758175079631e-17,-5.581895795202595e-20,7.419965190965512e-21,9.151996658403937e-21,-1.121477991988917e-22,8.340670617843824e-15,4.0390228888233844e-07,3.0693966776615764e-07,5.898292217517563e-07,-6.138769605441158e-07,-5.231337113905156e-07,2.161802219297596e-10,1.3283468678548463e-07,9.306456664157167e-08,9.032355210297494e-08,9.306456664157167e-08,2.0449782393348007e-07,2.0449782393348007e-07,-1.5682736854088336e-16,4.089956496703712e-07,-2.5623146857435214e-16,4.336341881565419e-19,-1.7677420479603225e-15,4.0899565600938104e-07,1.3895081792774733e-13,8.431110862575658e-12,1.0175842799225917e-10,-3.513399598470504e-11,-1.6020462569642267e-19,4.0872360681063803e-07,8.431110862575658e-12,1.0175842799225917e-10,-1.978527346246442e-07,2.720408580723851e-10,-2.0435440416787527e-07,-6.7737104013009445e-09,-6.773710401336292e-09,-2.2027597366138473e-16,5.353349607239194e-09,1.610293223750793e-20,-2.3748033195204748e-12,5.350601432099615e-09,2.8820929418734755e-12,6.503067363694821e-13,1.5903585198057513e-12,4.001726417871361e-21,2.2027586151358553e-16
2.7269999999999994,548,101325.0,2.771e-08,0.066,0.29999999999999993,0.6339999999999998,0.22000000000000003,548.0,1e-11,1e-22,IdealGasReactor,off,0.6320809293315054,0.0,0.0,0.2891244079099332,0.019416121584198757,0.006469180485765311,4.7704371481347025e-12,0.05290936068382701,0.0,0.0030962422159387134,4.716110159859476e-11,0.5292550139805249,5.803340238386884e-09,9.230799333141969e-08,1.1207921315959853e-07,9.099863446595299e-06,0.4667182431335543,5.16484486187408e-05,5.0827323723809315e-05,0.0007041582541027646,5.411438096074155e-06,3.0981914467824326e-13,1.808481908990506e-09,0.00010914329549456776,0.0,0.0,0.0,0.0,0.0,0.0,0.0,0.0,0.0,0.0,0.0,0.0,-3.0675141805688983e-07,6.135028359981192e-07,2.045009452435932e-07,1.567740905868571e-16,-4.0900189063773497e-07,0.0,-6.925812689374941e-15,4.935033670591548e-22,5.9004884004864176e-18,-5.4605426820975384e-21,-4.107283937059784e-17,-6.778910555994572e-20,6.731513106895284e-20,-6.973218180324145e-15,-5.393597256822205e-22,-2.964228862908656e-19,7.477371444697335e-21,6.879557757026962e-22,-3.121652626451285e-22,-4.7790926223355793e-23,6.9672827502848665e-15,4.03657986837707e-07,3.0675141805688983e-07,5.894157384302393e-07,-6.135004639833271e-07,-5.228189016652463e-07,2.159145849834337e-10,1.328142395211288e-07,9.297985288945431e-08,9.026236207020407e-08,9.297985288945431e-08,2.0437248507992477e-07,2.0437248507992477e-07,-1.567740905868571e-16,4.0874497196165776e-07,-2.55888714612002e-16,4.3312693350718416e-19,-1.766339798238461e-15,4.087449769762941e-07,1.3886565344679126e-13,8.419569418098927e-12,1.0164281068560807e-10,-3.5068346110941674e-11,-1.600040604874352e-19,4.084731727273352e-07,8.419569418098927e-12,1.0164281068560807e-10,-1.9772974668506811e-07,2.7179728167613573e-10,-2.0422914796191658e-07,-6.771198558525084e-09,-6.771198558592399e-09,-2.2014353211914764e-16,5.346648843607859e-09,1.6084023289116073e-20,-2.37201479209374e-12,5.343903800027937e-09,2.8784846367070488e-12,6.498475614402495e-13,1.5885060429644462e-12,3.997112932808875e-21,2.2014348432822141e-16
2.7359999999999993,548,101325.0,2.771e-08,0.066,0.29999999999999993,0.6339999999999998,0.22000000000000003,548.0,1e-11,1e-22,IdealGasReactor,off,0.6320747369997359,0.0,0.0,0.2890921852171976,0.01947471180236912,0.0064887105865003404,4.785415239710836e-12,0.05286965538941182,0.0,0.003095464388136143,4.712340056690156e-11,0.5294144763484685,5.802049034278812e-09,9.256233472924818e-08,1.1213883476430205e-07,9.106993051261333e-06,0.4665603354528901,5.1624919294049656e-05,5.0776410960936766e-05,0.0007035143834598363,5.409778185858586e-06,3.0954123892344376e-13,1.8088691560775008e-09,0.00010907896603276495,0.0,0.0,0.0,0.0,0.0,0.0,0.0,0.0,0.0,0.0,0.0,0.0,-3.0656318461436795e-07,6.131263690659385e-07,2.0437545627897206e-07,1.5672081254914062e-16,-4.0875091271565335e-07,0.0,-2.2718036801261196e-15,-1.7168171137302017e-22,-1.709123889863601e-20,2.1415805704198063e-21,6.0752379350630624e-18,-2.030232095450151e-20,1.7838149909706042e-20,-2.2647556132706064e-15,-1.7750849639442236e-22,9.77367916137882e-19,2.3153322528081264e-22,-2.98612201131643e-22,-1.0347480290370155e-21,2.3194139216836576e-23,2.264772872497485e-15,4.0341370067208376e-07,3.0656318461436795e-07,5.890023282789406e-07,-6.131239998373645e-07,-5.225041165809237e-07,2.156491886316379e-10,1.3279374901456132e-07,9.289516792614127e-08,9.020117949529593e-08,9.289516792614127e-08,2.0424715691039218e-07,2.0424715691039218e-07,-1.5672081254914062e-16,4.084943156209818e-07,-2.5554632022334334e-16,4.3262012249020567e-19,-1.7649379964685782e-15,4.0849431592882013e-07,1.387804962254615e-13,8.408039613727998e-12,1.0152728906991627e-10,-3.500280081940895e-11,-1.598036902968044e-19,4.0822275986803676e-07,8.408039613727998e-12,1.0152728906991627e-10,-1.9760676958768502e-07,2.715537960104978e-10,-2.041039024829591e-07,-6.768686691287041e-09,-6.7686866913048795e-09,-2.2001109057691055e-16,5.33995395795949e-09,1.6065130000966894e-20,-2.3692285739522606e-12,5.337212043569602e-09,2.874879497848727e-12,6.493884178801573e-13,1.586655048898671e-12,3.992503037407174e-21,2.2001111377104976e-16
2.7449999999999997,548,101324.99999999997,2.771e-08,0.066,0.29999999999999993,0.6339999999999998,0.22000000000000003,548.0,1e-11,1e-22,IdealGasReactor,off,0.6320685485910174,0.0,0.0,0.28905998293862484,0.019533264901659766,0.006508228314257739,4.800387958969256e-12,0.05282997524964011,0.0,0.003094686165063843,4.708572003192638e-11,0.5295739394317625,5.800757440009255e-09,9.281634895072174e-08,1.1219825113316582e-07,9.114110728403344e-06,0.46640242700239865,5.160138726629042e-05,5.072553505471998e-05,0.0007028709367947498,5.4081179101474726e-06,3.092635194268244e-13,1.809256459477493e-09,0.00010901464101179408,0.0,0.0,0.0,0.0,0.0,0.0,0.0,0.0,0.0,0.0,0.0,0.0,-3.0637496755291635e-07,6.127499349559237e-07,2.042499782323481e-07,1.5666753446090154e-16,-4.084999566790353e-07,0.0,-5.174423145329191e-15,5.647261215575418e-23,-1.1279639123295808e-17,-1.9462840254237429e-22,-6.845296763235628e-18,1.937058471252178e-19,-1.9254117682274315e-19,-5.12331669280947e-15,-2.79511417370218e-22,4.6322769873089463e-17,-1.7423437174268256e-20,-2.0482025942578657e-21,-9.030845978084494e-22,1.4866162447765263e-23,5.1346838494224214e-15,4.031694305165487e-07,3.0637496755291635e-07,5.885889915646827e-07,-6.127475685112588e-07,-5.221893563275923e-07,2.1538403282456653e-10,1.327732152654585e-07,9.28105118085594e-08,9.014000441728353e-08,9.28105118085594e-08,2.041218395012697e-07,2.041218395012697e-07,-1.5666753446090154e-16,4.08243680801126e-07,-2.552042852695166e-16,4.321137550185716e-19,-1.7635366435364203e-15,4.082436839691894e-07,1.3869534631566124e-13,8.396521445898357e-12,1.0141186313246475e-10,-3.493735999057851e-11,-1.5960351506472954e-19,4.0797236843323055e-07,8.396521445898357e-12,1.0141186313246475e-10,-1.9748380343121814e-07,2.7131040127502446e-10,-2.0397866783107422e-07,-6.766174801129947e-09,-6.766174800937406e-09,-2.1987873506145716e-16,5.3332649500570785e-09,1.6046252372414036e-20,-2.3664446650010355e-12,5.330526162486534e-09,2.8712775251691536e-12,6.489293060629964e-13,1.584805537679017e-12,3.9878967320791416e-21,2.198787499276196e-16
2.7539999999999996,548,101324.99999999999,2.771e-08,0.066,0.29999999999999993,0.6339999999999998,0.22000000000000003,548.0,1e-11,1e-22,IdealGasReactor,off,0.6320623641047891,0.0,0.0,0.2890278010712974,0.019591780887375412,0.006527733670805789,4.815355306332916e-12,0.052790320260916915,0.0,0.003093907547199401,4.704806000058611e-11,0.5297334031454528,5.799465456148825e-09,9.307003606172511e-08,1.1225746240408496e-07,9.12121648155068e-06,0.4662445178664528,5.157785254898268e-05,5.0674696005905094e-05,0.0007022279141409744,5.4064572699185265e-06,3.0898598619518416e-13,1.809643819134159e-09,0.00010895032048246517,0.0,0.0,0.0,0.0,0.0,0.0,0.0,0.0,0.0,0.0,0.0,0.0,-3.0618676700355864e-07,6.123735338106748e-07,2.041245112030391e-07,1.5661425635049604e-16,-4.0824902258039954e-07,0.0,2.7757910283277008e-15,-7.576362959367488e-22,-4.2576608549412406e-18,1.783702198273732e-20,3.978270231281113e-17,3.602272305994929e-19,-3.6022805778010547e-19,2.8336898860279297e-15,9.038866499914933e-21,1.3420292390809498e-17,-8.493657541014454e-21,1.0257556583540389e-21,-4.098760506741402e-21,-8.260333050853878e-23,-2.829400425724937e-15,4.029251764235773e-07,3.0618676700355864e-07,5.881757285861345e-07,-6.123711701476096e-07,-5.218746211236037e-07,2.1511911752386072e-10,1.3275263828077004e-07,9.272588459862982e-08,9.007883688008531e-08,9.272588459862982e-08,2.0399653294002218e-07,2.0399653294002218e-07,-1.5661425635049604e-16,4.079930676770242e-07,-2.5486260960922093e-16,4.316078310202493e-19,-1.7621357403206099e-15,4.0799306288974435e-07,1.3861020377682039e-13,8.385014911490166e-12,1.0129653286594874e-10,-3.487202350690197e-11,-1.5940353473065594e-19,4.0772199862147733e-07,8.385014911490166e-12,1.0129653286594874e-10,-1.9736084831365068e-07,2.7106709766744335e-10,-2.0385344410537165e-07,-6.763662889388419e-09,-6.763662889028191e-09,-2.1974647549895483e-16,5.326581819946654e-09,1.602739040366564e-20,-2.3636630652709377e-12,5.323846156822268e-09,2.8676787186910105e-12,6.48470226397843e-13,1.5829575094604642e-12,3.983294017453643e-21,2.1974639289562432e-16
2.7629999999999995,548,101325.00000000003,2.771e-08,0.066,0.29999999999999993,0.6339999999999998,0.22000000000000003,548.0,1e-11,1e-22,IdealGasReactor,off,0.6320561835404879,0.0,0.0,0.28899563961228303,0.019650259764848223,0.006547226657921587,4.8303172822266335e-12,0.052750690419628814,0.0,0.0030931285350861903,4.701042048075535e-11,0.5298928674157178,5.798173083390445e-09,9.332339613056965e-08,1.1231646871681458e-07,9.12831031417988e-06,0.46608660811821306,5.155431515673199e-05,5.0623893816244346e-05,0.0007015853155461359,5.40479626613951e-06,3.087086392369526e-13,1.810031234947722e-09,0.00010888600449523826,0.0,0.0,0.0,0.0,0.0,0.0,0.0,0.0,0.0,0.0,0.0,0.0,-3.0599858311017305e-07,6.119971658549198e-07,2.0399905528951283e-07,1.5656097824251015e-16,-4.079981106912711e-07,0.0,-2.125576916554843e-15,2.828839994093566e-21,2.6143610152056768e-17,-2.117744064705555e-20,2.0905260182180804e-16,4.862498512831718e-19,-4.90011868709063e-19,-1.9605344559151965e-15,-1.0953671781088614e-20,-1.804784107467543e-17,5.0343628545996905e-20,9.355567824339597e-21,1.5020049268709756e-21,-6.992412163368696e-22,1.934224582578519e-15,4.0268093866443685e-07,3.0599858311017305e-07,5.877625396663787e-07,-6.119948049711449e-07,-5.215599112091372e-07,2.14854442699809e-10,1.3273201807311007e-07,9.264128636208915e-08,9.001767693137911e-08,9.264128636208915e-08,2.0387123732264247e-07,2.0387123732264247e-07,-1.5656097824251015e-16,4.077424764406501e-07,-2.5452129309898244e-16,4.3110235043445243e-19,-1.760735287693289e-15,4.0774247644925765e-07,1.3852506867416355e-13,8.373520007718542e-12,1.0118129826717354e-10,-3.4806791252331494e-11,-1.5920374923329407e-19,4.0747165062964923e-07,8.373520007718542e-12,1.0118129826717354e-10,-1.9723790433228007e-07,2.708238853838367e-10,-2.0372823140412524e-07,-6.7611509572327625e-09,-6.761150956742751e-09,-2.196147420233221e-16,5.319904567880871e-09,1.6008544095576533e-20,-2.3608837748882475e-12,5.317172026834241e-09,2.8640830785513612e-12,6.48011179320876e-13,1.5811109644618164e-12,3.9786948943228774e-21,2.1961404278210575e-16
2.7719999999999994,548,101324.99999999999,2.771e-08,0.066,0.29999999999999993,0.6339999999999998,0.22000000000000003,548.0,1e-11,1e-22,IdealGasReactor,off,0.6320500068975476,0.0,0.0,0.28896349855863535,0.019708701539435384,0.006566707277391097,4.8452738870774285e-12,0.05271108572214534,0.0,0.0030923491295777755,4.697280148501139e-11,0.5300523322212441,5.79688032300499e-09,9.357642923566222e-08,1.1237527021882241e-07,9.135392229467628e-06,0.4659286977779407,5.153077510928017e-05,5.057312849250433e-05,0.0007009431411276624,5.403134899731645e-06,3.084314785695418e-13,1.8104187066108167e-09,0.0001088216930990953,0.0,0.0,0.0,0.0,0.0,0.0,0.0,0.0,0.0,0.0,0.0,0.0,-3.0581041607781404e-07,6.11620832001693e-07,2.0387361058663173e-07,1.5650770014374448e-16,-4.0774722133258247e-07,0.0,-3.592409881182296e-16,5.149690863618868e-25,-2.939869170846696e-18,-4.2220017332237754e-22,-2.5941442800847016e-18,-1.402898318889935e-21,2.5220736876741814e-21,-3.5900469735880894e-16,-1.6708795938081488e-22,-1.4850201598303781e-19,-3.781338838270567e-21,1.4046560776916101e-22,-8.799183742836368e-23,4.753745456488606e-24,3.6196625484596833e-16,4.024367175587502e-07,3.0581041607781404e-07,5.873494252452775e-07,-6.116184738948986e-07,-5.212452269280485e-07,2.1459000836519655e-10,1.3271135468154755e-07,9.25567171830314e-08,8.995652463673815e-08,9.25567171830314e-08,2.0374595278572043e-07,2.0374595278572043e-07,-1.5650770014374448e-16,4.074919073651993e-07,-2.5418033558716935e-16,4.3059731325641053e-19,-1.7593352865010475e-15,4.074919057739379e-07,1.384399411004998e-13,8.362036733453562e-12,1.010661593530113e-10,-3.474166311794727e-11,-1.5900415850903034e-19,4.0722132464735764e-07,8.362036733453562e-12,1.010661593530113e-10,-1.971149715815706e-07,2.7058076461400967e-10,-2.0360302982201882e-07,-6.758639005061122e-09,-6.758639005063644e-09,-2.194816949848766e-16,5.313233195181578e-09,1.5989713452176216e-20,-2.3581067944477554e-12,5.3105037738322755e-09,2.8604906054541014e-12,6.475521653974117e-13,1.5792659032157174e-12,3.974099364282616e-21,2.1948169973862207e-16
2.7809999999999997,548,101324.99999999997,2.771e-08,0.066,0.29999999999999993,0.6339999999999998,0.22000000000000003,548.0,1e-11,1e-22,IdealGasReactor,off,0.6320438341753988,0.0,0.0,0.2889313779073932,0.01976710621652086,0.006586175531009092,4.860225121314262e-12,0.052671506164817895,0.0,0.0030915693308997184,4.693520301629523e-11,0.5302117974340422,5.7955871750910955e-09,9.3829135436292e-08,1.1243386704304209e-07,9.14246223125206e-06,0.46577078697336305,5.150723241595342e-05,5.052240003112829e-05,0.0007003013908596279,5.401473171712613e-06,3.0815450419150973e-13,1.8108062342371355e-09,0.00010875738634597176,0.0,0.0,0.0,0.0,0.0,0.0,0.0,0.0,0.0,0.0,0.0,0.0,-3.056222659871026e-07,6.11244531731336e-07,2.0374817719647518e-07,1.5645442209713095e-16,-4.0749635453816585e-07,0.0,5.228516078856615e-15,3.339202071376331e-23,4.19965846710993e-18,2.9188306418460044e-21,8.64436297946824e-17,1.189022499708224e-19,-1.1154944150583855e-19,5.3038045907927846e-15,-1.1241589502213259e-21,-7.021177408978121e-18,1.6832477211116639e-21,-2.056009111288835e-21,-7.153602073437931e-22,-1.476967813015994e-22,-5.3080348513819994e-15,4.021925131412118e-07,3.056222659871026e-07,5.869363855248634e-07,-6.112421763992124e-07,-5.209305684132571e-07,2.143258144453841e-10,1.3269064809169235e-07,9.24721771080231e-08,8.989538002530917e-08,9.24721771080231e-08,2.0362067938326694e-07,2.0362067938326694e-07,-1.5645442209713095e-16,4.0724136055868546e-07,-2.538397369375836e-16,4.3009271936573513e-19,-1.7579357376395328e-15,4.0724135330627576e-07,1.383548210925281e-13,8.35056508415136e-12,1.0095111609912871e-10,-3.4676638980364175e-11,-1.5880476249832075e-19,4.0697102087875093e-07,8.35056508415136e-12,1.0095111609912871e-10,-1.9699205016163415e-07,2.703377355596719e-10,-2.0347783946092287e-07,-6.756127034841034e-09,-6.756127034729484e-09,-2.1934951152299064e-16,5.30656770097723e-09,1.5970898470962216e-20,-2.3553321235802715e-12,5.303841396954009e-09,2.8569012989338866e-12,6.470931849299122e-13,1.5774223256088763e-12,3.969507427274872e-21,2.1934936382620933e-16
2.7899999999999996,548,101324.99999999999,2.771e-08,0.066,0.29999999999999993,0.6339999999999998,0.22000000000000003,548.0,1e-11,1e-22,IdealGasReactor,off,0.6320376653734697,0.0,0.0,0.288899277655581,0.01982547380151567,0.0066056314205791555,4.875170985368017e-12,0.05263195174397955,0.0,0.003090789139793057,4.689762508538176e-11,0.530371263013541,5.794293640708837e-09,9.408151480833366e-08,1.1249225933496688e-07,9.14952032285962e-06,0.4656128757441436,5.1483687094619436e-05,5.04717084369215e-05,0.0006996600648324403,5.3998110830215875e-06,3.078777161164133e-13,1.8111938175953056e-09,0.00010869308428533136,0.0,0.0,0.0,0.0,0.0,0.0,0.0,0.0,0.0,0.0,0.0,0.0,-3.0543413302045326e-07,6.108682658889848e-07,2.03622755215118e-07,1.5640114411599296e-16,-4.0724551058820743e-07,0.0,-4.722786218446409e-17,9.07496090326015e-22,-2.9976925545158557e-18,-5.245344957622718e-22,-4.500815444354132e-18,7.130958624697141e-20,-7.062137197732729e-20,-5.0065344802788415e-17,-2.967933529414675e-22,-1.4479155226570658e-18,-1.938206757885528e-21,-7.720180054533976e-22,-8.954471537114664e-24,-3.480079469319656e-23,5.308522395150556e-17,4.0194832569111216e-07,3.0543413302045326e-07,5.865234209015343e-07,-6.108659133292221e-07,-5.206159359702756e-07,2.140618609366491e-10,1.326698983331206e-07,9.23876662142269e-08,8.983424315603411e-08,9.23876662142269e-08,2.0349541723684234e-07,2.0349541723684234e-07,-1.5640114411599296e-16,4.0699083626422884e-07,-2.5349949700061e-16,4.2958856873554954e-19,-1.7565366419622867e-15,4.0699083436734895e-07,1.382697087328453e-13,8.339105058031658e-12,1.0083616851466335e-10,-3.461171872804162e-11,-1.5860556113784343e-19,4.0672073951585155e-07,8.339105058031658e-12,1.0083616851466335e-10,-1.9686914016786376e-07,2.7009479841218114e-10,-2.033526604167065e-07,-6.753615047254236e-09,-6.753615047183615e-09,-2.1921706998075354e-16,5.2999080861666615e-09,1.5952099154729795e-20,-2.3525597626985432e-12,5.2971848970952606e-09,2.853315159471706e-12,6.466342384357888e-13,1.5755802320516626e-12,3.9649190845822925e-21,2.1921703517995885e-16
2.7989999999999995,548,101324.99999999999,2.771e-08,0.066,0.29999999999999993,0.6339999999999998,0.22000000000000003,548.0,1e-11,1e-22,IdealGasReactor,off,0.6320315004911854,0.0,0.0,0.28886719780020814,0.019883804299856672,0.006625074947913687,4.890111479671637e-12,0.052592422455945816,0.0,0.003090008556724651,4.686006769882085e-11,0.5305307288724941,5.792999720405897e-09,9.433356741941588e-08,1.1255044723390995e-07,9.1565665079139e-06,0.4654549641769647,5.146013915859525e-05,5.0421053710153286e-05,0.0006990191630736535,5.398148634640701e-06,3.0760111434948427e-13,1.8115814566382168e-09,0.0001086287869679304,0.0,0.0,0.0,0.0,0.0,0.0,0.0,0.0,0.0,0.0,0.0,0.0,-3.052460173058755e-07,6.104920344554761e-07,2.0349734474175942e-07,1.5634786622946177e-16,-4.069946896369305e-07,0.0,6.287323073654718e-16,-7.607169923836137e-24,2.897418213862991e-18,-4.0589463486811896e-22,-5.071609771685123e-20,-4.579271871093561e-21,4.5312953955654856e-21,6.257187725886554e-16,8.297574740315864e-23,-2.0926870993650674e-20,3.9287314778246845e-21,2.1196503196671334e-24,-3.27815104315955e-23,-1.0496062260850498e-23,-6.286379171136892e-16,4.017041553627332e-07,3.052460173058755e-07,5.861105316676437e-07,-6.104896846657643e-07,-5.203013298123708e-07,2.1379814779688424e-10,1.326491054120814e-07,9.230318456236466e-08,8.977311407191945e-08,9.230318456236466e-08,2.0337016643191705e-07,2.0337016643191705e-07,-1.5634786622946177e-16,4.067403346527724e-07,-2.531596156331695e-16,4.2908486128817966e-19,-1.7551380003438356e-15,4.067403320817675e-07,1.381846040795263e-13,8.32765665181479e-12,1.007213165906833e-10,-3.45469022431383e-11,-1.5840655436595641e-19,4.0647048075703745e-07,8.32765665181479e-12,1.007213165906833e-10,-1.9674624169809108e-07,2.69851953367986e-10,-2.0322749278839138e-07,-6.751103043668337e-09,-6.751103043672868e-09,-2.190847243914675e-16,5.2932543506942335e-09,1.5933315503407278e-20,-2.3497897117920982e-12,5.2905342741972535e-09,2.8497321870347116e-12,6.4617532631749e-13,1.5737396226709812e-12,3.960334336761779e-21,2.1908471389540525e-16
2.8079999999999994,548,101324.99999999999,2.771e-08,0.066,0.29999999999999993,0.6339999999999998,0.22000000000000003,548.0,1e-11,1e-22,IdealGasReactor,off,0.6320253395279692,0.0,0.0,0.28883513833826996,0.019942097717008354,0.006644506114833877,4.905046604659904e-12,0.05255291829701362,0.0,0.003089227582317987,4.68225308655095e-11,0.5306901949501821,5.791705415021745e-09,9.458529334252052e-08,1.1260843088325991e-07,9.16360078989612e-06,0.4652970523317872,5.143658862379034e-05,5.0370435853589176e-05,0.0006983786856455912,5.396485827528282e-06,3.073246989003097e-13,1.8119691512139697e-09,0.00010856449444374957,0.0,0.0,0.0,0.0,0.0,0.0,0.0,0.0,0.0,0.0,0.0,0.0,-3.050579190021557e-07,6.101158377761014e-07,2.0337194587374033e-07,1.5629458845768417e-16,-4.067438918905815e-07,0.0,-6.06082704589407e-15,4.065531477786924e-22,5.0396162983678715e-18,-1.0894052338796922e-20,7.196053106693634e-17,3.0321132533743782e-19,-3.0179850085119725e-19,-6.001805416243753e-15,-5.01134833120125e-21,-8.123296855561008e-18,8.919721795551753e-21,-3.4820684873302546e-21,2.8665838797344957e-21,-3.2612757642016507e-22,5.996729555125611e-15,4.0146000236185655e-07,3.050579190021557e-07,5.856977181742344e-07,-6.101134907541303e-07,-5.199867502050063e-07,2.1353467500517324e-10,1.3262826934821886e-07,9.221873222236773e-08,8.971199282497827e-08,9.221873222236773e-08,2.03244927074372e-07,2.03244927074372e-07,-1.5629458845768417e-16,4.064898559360743e-07,-2.5282009268782405e-16,4.285815969737669e-19,-1.7537398136451643e-15,4.0648985999425236e-07,1.380995072045143e-13,8.316219863044209e-12,1.0060656032827098e-10,-3.448218941138831e-11,-1.5820774211969125e-19,4.0622024479690266e-07,8.316219863044209e-12,1.0060656032827098e-10,-1.9662335484867885e-07,2.6960920062014316e-10,-2.031023366731216e-07,-6.748591025061473e-09,-6.748591024759675e-09,-2.1895272621803875e-16,5.286606495022558e-09,1.5914547518505097e-20,-2.347021971083958e-12,5.283889528724943e-09,2.846152381872034e-12,6.457164490424225e-13,1.5719004977500254e-12,3.955753184770381e-21,2.1895240009046233e-16
2.8169999999999997,548,101324.99999999999,2.771e-08,0.066,0.29999999999999993,0.6339999999999998,0.22000000000000003,548.0,1e-11,1e-22,IdealGasReactor,off,0.6320191824832403,0.0,0.0,0.28880309926674663,0.020000354058460807,0.006663924923169722,4.919976360769689e-12,0.052513439263462414,0.0,0.0030884462171671978,4.678501459385657e-11,0.5308496611808199,5.790410725340518e-09,9.48366926502602e-08,1.1266621042605195e-07,9.170623172334262e-06,0.4651391402736739,5.1413035505620075e-05,5.031985486945256e-05,0.0006977386326031929,5.394822662647597e-06,3.0704846977735924e-13,1.8123569011905364e-09,0.00010850020676288765,0.0,0.0,0.0,0.0,0.0,0.0,0.0,0.0,0.0,0.0,0.0,0.0,-3.0486983826208496e-07,6.097396763679982e-07,2.0324655870869196e-07,1.5624131082252242e-16,-4.0649311757827777e-07,0.0,4.726596344696726e-16,8.781577516716687e-23,-4.937677931600037e-18,-9.113408566144637e-22,-1.0524384369634682e-19,-1.1461414567534751e-20,1.1394412937917956e-20,4.772311639302327e-16,-5.930526533609876e-22,-3.146436625677368e-19,-6.532158257574421e-21,2.3057659574915646e-23,1.6647420752670783e-22,-5.5086484635377954e-24,-4.722568589812186e-16,4.0121586691724883e-07,3.0486983826208496e-07,5.852849807607683e-07,-6.097373321114574e-07,-5.196721974034602e-07,2.1327144253606455e-10,1.3260739015871484e-07,9.213430926229394e-08,8.965087946545903e-08,9.213430926229394e-08,2.0311969926610853e-07,2.0311969926610853e-07,-1.5624131082252242e-16,4.062394003179458e-07,-2.524809280174637e-16,4.2807877573633e-19,-1.7523420827284967e-15,4.062393978987444e-07,1.3801441817704847e-13,8.304794689083365e-12,1.0049189972639955e-10,-3.441758011783743e-11,-1.5800912433604682e-19,4.059700318306393e-07,8.304794689083365e-12,1.0049189972639955e-10,-1.965004797162061e-07,2.693665403619788e-10,-2.029771921683299e-07,-6.7460789924858475e-09,-6.746078992497242e-09,-2.1882009938734445e-16,5.279964519505033e-09,1.5895795201194987e-20,-2.344256540747286e-12,5.277250661028944e-09,2.8425757441711092e-12,6.452576070652464e-13,1.5700628575384266e-12,3.951175629479269e-21,2.1882009387869598e-16
2.8259999999999996,548,101324.99999999999,2.771e-08,0.066,0.29999999999999993,0.6339999999999998,0.22000000000000003,548.0,1e-11,1e-22,IdealGasReactor,off,0.632013029356416,0.0,0.0,0.28877108058260537,0.020058573329728963,0.006683331374760072,4.934900748440093e-12,0.05247398535155484,0.0,0.003087664461784202,4.6747518890980874e-11,0.5310091274844985,5.7891156519922804e-09,9.508776541296226e-08,1.1272378600369264e-07,9.177633658857241e-06,0.4649812280819164,5.138947981813526e-05,5.0269310758573736e-05,0.0006970990039821627,5.393159140975575e-06,3.067724269864701e-13,1.8127447064916863e-09,0.00010843592397582382,0.0,0.0,0.0,0.0,0.0,0.0,0.0,0.0,0.0,0.0,0.0,0.0,-3.0468177522204056e-07,6.093635503175504e-07,2.0312118334518955e-07,1.5618803335062276e-16,-4.0624236683917886e-07,0.0,-4.5219875468807855e-14,-1.867927697571887e-21,-1.189894285820443e-17,2.5672637207074893e-20,-2.977469040364635e-17,-1.3917280718980189e-18,1.3848293855893266e-18,-4.525830387628021e-14,8.397662786641214e-21,-1.9342371928064012e-17,-2.203486145075859e-20,-8.29031429173615e-21,-5.856088315419658e-21,1.0507240244355928e-21,4.527029857268939e-14,4.009717491680132e-07,3.0468177522204056e-07,5.84872319735268e-07,-6.093612088241295e-07,-5.193576716351988e-07,2.1300845035234647e-10,1.325864678537828e-07,9.204991574521355e-08,8.958977403880308e-08,9.204991574521355e-08,2.0299448309814073e-07,2.0299448309814073e-07,-1.5618803335062276e-16,4.0598896798041275e-07,-2.5214212147671666e-16,4.2757639750424365e-19,-1.7509448084619917e-15,4.0598901129840215e-07,1.3792933705897043e-13,8.293381126834852e-12,1.003773347785203e-10,-3.435307424565342e-11,-1.578107009523993e-19,4.057198420553154e-07,8.293381126834852e-12,1.003773347785203e-10,-1.9637761639798796e-07,2.6912397278817516e-10,-2.0285205937239446e-07,-6.743566947201583e-09,-6.743566948586412e-09,-2.186867446377111e-16,5.273328424199522e-09,1.5877058551769964e-20,-2.341493420825444e-12,5.2706176711656496e-09,2.8390022739611973e-12,6.44798800805938e-13,1.5682267021988391e-12,3.9466016715368e-21,2.1868779536173553e-16
2.8349999999999995,548,101325.0,2.771e-08,0.066,0.29999999999999993,0.6339999999999998,0.22000000000000003,548.0,1e-11,1e-22,IdealGasReactor,off,0.6320068801469102,0.0,0.0,0.28873908228279677,0.020116755536357337,0.0067027254714524635,4.94981976811173e-12,0.052434556557533527,0.0,0.003086882316694453,4.6710043764159045e-11,0.5311685937836385,5.787820195632339e-09,9.533851170188067e-08,1.1278115775821275e-07,9.18463225309573e-06,0.46482331583346054,5.13659215756076e-05,5.0218803521936894e-05,0.0006964597998204831,5.391495263486978e-06,3.0649657053355175e-13,1.8131325670326678e-09,0.00010837164613293918,0.0,0.0,0.0,0.0,0.0,0.0,0.0,0.0,0.0,0.0,0.0,0.0,-3.044937300208944e-07,6.089874598882733e-07,2.0299581988153499e-07,1.561347560678416e-16,-4.0599163992404197e-07,0.0,4.1554871758809846e-16,-9.641099842949477e-23,-4.513801834106638e-18,4.0201701942198897e-22,-2.6524836743268415e-18,3.414601568618898e-21,-3.434453903320171e-21,4.17770069764079e-16,-4.497304855907127e-22,2.96974241751017e-19,-6.048478934668243e-21,-7.894404971052958e-23,-5.97738113563058e-23,1.371620583729425e-23,-4.132233064012515e-16,4.0072764936481715e-07,3.044937300208944e-07,5.844597354104646e-07,-6.089851211556619e-07,-5.190431731320027e-07,2.1274569841822218e-10,1.325655024448659e-07,9.196555173489557e-08,8.952867659118786e-08,9.196555173489557e-08,2.0286927866315778e-07,2.0286927866315778e-07,-1.561347560678416e-16,4.057385591088384e-07,-2.518036729193482e-16,4.2707446220755225e-19,-1.7495479917112815e-15,4.0573855675241077e-07,1.3784426391325997e-13,8.28197917325323e-12,1.0026286547877928e-10,-3.4288671678298236e-11,-1.5761247190573286e-19,4.054696756675413e-07,8.28197917325323e-12,1.0026286547877928e-10,-1.9625476499109967e-07,2.688814980927841e-10,-2.0272693838344218e-07,-6.7410548904353105e-09,-6.741054890431876e-09,-2.1855549092683363e-16,5.266698209191019e-09,1.5858337570627437e-20,-2.3387326113772776e-12,5.263990559224828e-09,2.835431971289103e-12,6.443400306897105e-13,1.5663920319041275e-12,3.942031311617451e-21,2.1855550464303947e-16
2.8439999999999994,548,101324.99999999999,2.771e-08,0.066,0.29999999999999993,0.6339999999999998,0.22000000000000003,548.0,1e-11,1e-22,IdealGasReactor,off,0.6320007348541344,0.0,0.0,0.2887071043642589,0.020174900683913352,0.006722107215103327,4.964733420227717e-12,0.052395152877625514,0.0,0.0030860997825428145,4.667258922245753e-11,0.5313280600206989,5.7865243571373136e-09,9.558893159241215e-08,1.1283832583490168e-07,9.191618958578012e-06,0.4646654035850645,5.134236079427734e-05,5.016833316241937e-05,0.0006958210201825591,5.389831031139228e-06,3.0622090042788623e-13,1.813520482648228e-09,0.00010830737328403274,0.0,0.0,0.0,0.0,0.0,0.0,0.0,0.0,0.0,0.0,0.0,0.0,-3.043057028209028e-07,6.086114054603699e-07,2.0287046841468305e-07,1.5608147899324895e-16,-4.0574093699153654e-07,0.0,-2.0183264481668562e-14,2.5924333301585376e-21,-4.94500439356478e-18,-1.861508170841741e-20,2.5312309079273884e-17,-1.0752024474209275e-19,1.0696272500923201e-19,-2.0151932412003548e-14,-2.0314471381438734e-21,1.0872827800908627e-18,-4.041761992679648e-21,2.8296814779673385e-21,7.232789280204076e-21,-2.245882314288672e-22,2.0156931285405827e-14,4.0048356766584584e-07,3.043057028209028e-07,5.840472281435227e-07,-6.086090694862572e-07,-5.187287021651498e-07,2.124831867138782e-10,1.325444939535703e-07,9.188121730206415e-08,8.94675871756057e-08,9.188121730206415e-08,2.0274408606932025e-07,2.0274408606932025e-07,-1.5608147899324895e-16,4.0548817391955416e-07,-2.514655821958798e-16,4.2657296979734527e-19,-1.7481516333319172e-15,4.054881921344844e-07,1.3775919881340916e-13,8.2705888259136e-12,1.0014849182888693e-10,-3.422437230195458e-11,-1.5741443713206568e-19,4.0521953286108583e-07,8.2705888259136e-12,1.0014849182888693e-10,-1.9613192559156576e-07,2.686391164672805e-10,-2.0260182929821523e-07,-6.738542823117289e-09,-6.738542823224252e-09,-2.1842344643129057e-16,5.260073874967335e-09,1.5839632259360578e-20,-2.335974112638029e-12,5.257369325690695e-09,2.831864836414522e-12,6.43881297191032e-13,1.564558846945346e-12,3.9374645506983786e-21,2.1842322184305914e-16
2.8529999999999998,548,101325.00000000004,2.771e-08,0.066,0.29999999999999993,0.6339999999999998,0.22000000000000003,548.0,1e-11,1e-22,IdealGasReactor,off,0.631994593477497,0.0,0.0,0.2886751468239139,0.020233008777993507,0.006741476607577782,4.979641705232751e-12,0.05235577430803819,0.0,0.0030853168598584976,4.66351552731354e-11,0.5314875261185146,5.785228137168271e-09,9.58390251568235e-08,1.1289529037656921e-07,9.198593778965405e-06,0.4645074914132548,5.131879748846797e-05,5.0117899680950746e-05,0.0006951826651058837,5.388166444907922e-06,3.059454166750457e-13,1.8139084532516304e-09,0.00010824310547943012,0.0,0.0,0.0,0.0,0.0,0.0,0.0,0.0,0.0,0.0,0.0,0.0,-3.041176937613076e-07,6.082353873686145e-07,2.0274512904283752e-07,1.5602820215255937e-16,-4.0549025824838743e-07,0.0,1.0009401862107082e-14,-6.314250300274367e-22,-2.6442425530218854e-18,-1.4760678018804698e-20,-2.0446316555534742e-18,-1.2178745594740737e-19,1.227817270436961e-19,1.0013932388224678e-14,-2.763128678651178e-21,4.015099748990484e-18,-5.143845257380877e-21,-1.26646521660697e-21,3.2108402723399822e-21,-3.3244746833660294e-22,-1.001125909992397e-14,4.002395042777482e-07,3.041176937613076e-07,5.836347982476541e-07,-6.082330541506899e-07,-5.184142589670266e-07,2.1222091520313597e-10,1.3252344239173303e-07,9.179691251047892e-08,8.940650583832793e-08,9.179691251047892e-08,2.0261890540956216e-07,2.0261890540956216e-07,-1.5602820215255937e-16,4.0523781259844095e-07,-2.511278491592312e-16,4.2607192020292534e-19,-1.7467557341873672e-15,4.052378006491608e-07,1.376741418225643e-13,8.259210081750163e-12,1.000342138228636e-10,-3.416017600015737e-11,-1.5721659656792676e-19,4.0496941383231484e-07,8.259210081750163e-12,1.000342138228636e-10,-1.9600909829636947e-07,2.683968281050735e-10,-2.0247673221473347e-07,-6.7360307464680635e-09,-6.736030746590845e-09,-2.1829127951301685e-16,5.253455421611877e-09,1.5820942618338684e-20,-2.3332179246624352e-12,5.250753970639244e-09,2.82830086937701e-12,6.434226007357772e-13,1.562727147492371e-12,3.9329013894464924e-21,2.182909470655485e-16
2.8619999999999997,548,101324.99999999999,2.771e-08,0.066,0.29999999999999993,0.6339999999999998,0.22000000000000003,548.0,1e-11,1e-22,IdealGasReactor,off,0.6319884560164043,0.0,0.0,0.2886432096586699,0.02029107982421962,0.00676083365074976,4.9945446235736766e-12,0.05231642084496178,0.0,0.003084533549183778,4.65977419236092e-11,0.5316469920019781,5.783931536409656e-09,9.608879246810628e-08,1.1295205152668095e-07,9.205556717923036e-06,0.46434957939248844,5.129523167271418e-05,5.006750307861835e-05,0.000694544734630219,5.386501505767088e-06,3.056701192807484e-13,1.8142964787477125e-09,0.00010817884276937427,0.0,0.0,0.0,0.0,0.0,0.0,0.0,0.0,0.0,0.0,0.0,0.0,-3.039297029837567e-07,6.078594057421631e-07,2.026198018640399e-07,1.5597492557079256e-16,-4.052396038634044e-07,0.0,1.267436312914909e-14,-6.640362576985534e-22,9.534374471157466e-18,-6.275526135681724e-21,6.94561722792606e-17,-4.975524471730964e-19,4.737660414785215e-19,1.2722609465734566e-14,-6.1464404644286064e-21,-1.1009894595838331e-17,1.9829291380033562e-20,2.9861737101047145e-21,3.598036745143987e-21,3.122837952823733e-22,-1.2732222863481092e-14,3.9999545936922603e-07,3.039297029837567e-07,5.832224460405265e-07,-6.078570752781156e-07,-5.180998437740516e-07,2.1195888385117903e-10,1.3250234777233125e-07,9.171263742456346e-08,8.934543262631696e-08,9.171263742456346e-08,2.0249373677838694e-07,2.0249373677838694e-07,-1.5597492557079256e-16,4.049874753344899e-07,-2.5079047366166424e-16,4.255713133552401e-19,-1.7453602951393408e-15,4.049874606781856e-07,1.3758909300493772e-13,8.247842937747374e-12,9.992003145539039e-11,-3.4096082656734636e-11,-1.570189501495539e-19,4.0471931877720943e-07,8.247842937747374e-12,9.992003145539039e-11,-1.9588628320236248e-07,2.681546331990194e-10,-2.023516472308171e-07,-6.733518661677417e-09,-6.733518662151183e-09,-2.1815836813219182e-16,5.246842849224013e-09,1.5802268648031513e-20,-2.330464047519943e-12,5.244144494178349e-09,2.8247400702334464e-12,6.429639417548409e-13,1.5608969337250211e-12,3.928341828554035e-21,2.181586804159871e-16
2.8709999999999996,548,101324.99999999999,2.771e-08,0.066,0.29999999999999993,0.6339999999999998,0.22000000000000003,548.0,1e-11,1e-22,IdealGasReactor,off,0.6319823224702593,0.0,0.0,0.2886112928654209,0.02034911382823987,0.006780178346501959,5.009442175699316e-12,0.0522770924845687,0.0,0.0030837498510865352,4.656034918165107e-11,0.531806457600231,5.782634555593318e-09,9.633823360065913e-08,1.1300860942963142e-07,9.212507779105543e-06,0.4641916675929376,5.127166336196677e-05,5.001714335686532e-05,0.0006939072288004766,5.3848362146877365e-06,3.0539500825125094e-13,1.8146845590244751e-09,0.00010811458520397031,0.0,0.0,0.0,0.0,0.0,0.0,0.0,0.0,0.0,0.0,0.0,0.0,-3.0374173063476323e-07,6.074834611183462e-07,2.0249448697591256e-07,1.5592164927152662e-16,-4.0498897403398573e-07,0.0,-1.2417798675840555e-14,3.0670692624212513e-22,3.1649750101368086e-17,5.48304297197282e-23,-4.5138385759181665e-18,-2.4370726079282323e-19,2.4482891770344513e-19,-1.2496557342795283e-14,4.928752953593927e-21,-4.192126485137177e-17,3.5739920631002817e-20,-4.904715743344893e-21,1.0671380505328698e-20,5.2188322489031355e-22,1.2464668470304505e-14,3.9975143313749576e-07,3.0374173063476323e-07,5.828101718489478e-07,-6.074811334058649e-07,-5.177854568308881e-07,2.1169709262626018e-10,1.3248121011055424e-07,9.162839211013371e-08,8.928436758795056e-08,9.162839211013371e-08,2.02368580273534e-07,2.02368580273534e-07,-1.5592164927152662e-16,4.047371623231775e-07,-2.5045345555439826e-16,4.2507114918919828e-19,-1.7439653170464047e-15,4.047371728876925e-07,1.3750405242694078e-13,8.236487391006652e-12,9.980594472263385e-11,-3.403209215609445e-11,-1.5682149781279547e-19,4.0446924789108283e-07,8.236487391006652e-12,9.980594472263385e-11,-1.9576348040604205e-07,2.6791253194120627e-10,-2.0222657444397247e-07,-6.7310065698705e-09,-6.731006570115329e-09,-2.1802590012017513e-16,5.2402361579885275e-09,1.578361034913937e-20,-2.3277124813142055e-12,5.23754089648997e-09,2.8211824390805177e-12,6.425053206892931e-13,1.5590682058458002e-12,3.923785868771301e-21,2.1802642200340002e-16
2.8799999999999994,548,101325.00000000003,2.771e-08,0.066,0.29999999999999993,0.6339999999999998,0.22000000000000003,548.0,1e-11,1e-22,IdealGasReactor,off,0.6319761928384616,0.0,0.0,0.2885793964410461,0.02040711079572788,0.00679951069672585,5.024334362060593e-12,0.05223778922301392,0.0,0.003082965766336272,4.6522977058041284e-11,0.5319659228768668,5.781337195826646e-09,9.658734863538319e-08,1.1306496423510784e-07,9.219446965985475e-06,0.46403375605007396,5.1248092574511473e-05,4.996682052033612e-05,0.0006932701477061437,5.383170572608154e-06,3.0512008359835366e-13,1.8150726938332821e-09,0.00010805033283227294,0.0,0.0,0.0,0.0,0.0,0.0,0.0,0.0,0.0,0.0,0.0,0.0,-3.035537769003632e-07,6.071075535482302e-07,2.023691844736868e-07,1.5586837326667338e-16,-4.0473836909546095e-07,0.0,7.568639446311712e-15,1.1963707360106854e-21,6.595581331702132e-18,1.1786897504173644e-21,9.667631719310638e-17,-4.406159512498464e-19,4.396448412107091e-19,7.657048746755035e-15,2.5542695119751772e-21,-1.1486675047854987e-18,9.68091415551772e-21,2.6510104656558846e-21,-9.266290439729733e-22,-4.761852382796336e-23,-7.663693001819883e-15,3.9950742591703375e-07,3.035537769003632e-07,5.823979760750934e-07,-6.071052285850037e-07,-5.174710984492817e-07,2.1143554152373837e-10,1.3246002943887004e-07,9.154417664482417e-08,8.922331078316712e-08,9.154417664482417e-08,2.0224343601896138e-07,2.0224343601896138e-07,-1.5586837326667338e-16,4.0448687381244523e-07,-2.50116794683026e-16,4.2457142767528344e-19,-1.7425708007490555e-15,4.0448686422500657e-07,1.3741902017279965e-13,8.22514343968234e-12,9.969195363357106e-11,-3.396820438717028e-11,-1.566242394917592e-19,4.0421920136418035e-07,8.22514343968234e-12,9.969195363357106e-11,-1.9564069000201685e-07,2.676705245192231e-10,-2.021015139491666e-07,-6.728494471669942e-09,-6.728494472109587e-09,-2.178942195841016e-16,5.23363534876058e-09,1.5764967724389147e-20,-2.324963226447483e-12,5.230943178427202e-09,2.817627976375971e-12,6.42046738063597e-13,1.557240964257322e-12,3.9192335113612405e-21,2.1789417196557776e-16
2.889,548,101324.99999999999,2.771e-08,0.066,0.29999999999999993,0.6339999999999998,0.22000000000000003,548.0,1e-11,1e-22,IdealGasReactor,off,0.6319700671204098,0.0,0.0,0.28854752038241055,0.02046507073238469,0.006818830703321641,5.039221183110275e-12,0.052198511056434124,0.0,0.0030821812952496488,4.648562555666091e-11,0.5321253877179276,5.780039457371843e-09,9.683613763969158e-08,1.1312111608205315e-07,9.22637428250242e-06,0.46387584487748806,5.1224519321135096e-05,4.9916534566291434e-05,0.0006926334913341809,5.381504580540675e-06,3.048453453205265e-13,1.8154608832330136e-09,0.00010798608570559813,0.0,0.0,0.0,0.0,0.0,0.0,0.0,0.0,0.0,0.0,0.0,0.0,-3.033658418772025e-07,6.067316835017621e-07,2.022438944579196e-07,1.5581509759440812e-16,-4.0448778903412147e-07,0.0,-9.093960606701697e-16,6.743045722249469e-21,5.9858377766238974e-18,-2.980432698096924e-20,9.688966361669606e-17,-3.663417496874849e-20,8.577945670236152e-20,-8.501875659563938e-16,1.023192509171279e-20,-3.1655019359113145e-17,2.030919245047874e-20,1.1117307432712692e-20,7.71524600170418e-21,-1.255992574492408e-22,8.44162061893769e-16,3.9926343769482956e-07,3.033658418772025e-07,5.81985858950446e-07,-6.067293612854795e-07,-5.171567687893626e-07,2.11174230476606e-10,1.3243880575112787e-07,9.145999107937065e-08,8.916226224575468e-08,9.145999107937065e-08,2.0211830407933049e-07,2.0211830407933049e-07,-1.5581509759440812e-16,4.04236609931577e-07,-2.497804909044599e-16,4.240721487015775e-19,-1.7411767471249949e-15,4.042366088530258e-07,1.3733399628644985e-13,8.213811079496149e-12,9.957805816777089e-11,-3.3904419228685653e-11,-1.5642717512366686e-19,4.039691793977341e-07,8.213811079496149e-12,9.957805816777089e-11,-1.9551791208908538e-07,2.674286111296677e-10,-2.0197646584683908e-07,-6.725982368834224e-09,-6.725982368920003e-09,-2.1776205597455032e-16,5.227040420837478e-09,1.5746340771842248e-20,-2.3222162826342438e-12,5.224351339291898e-09,2.8140766817431252e-12,6.415881942135128e-13,1.5554152089010578e-12,3.914684756405489e-21,2.1776193037529287e-16
2.8979999999999997,548,101324.99999999999,2.771e-08,0.066,0.29999999999999993,0.6339999999999998,0.22000000000000003,548.0,1e-11,1e-22,IdealGasReactor,off,0.6319639453154978,0.0,0.0,0.28851566468636425,0.020522993643937563,0.006838138368198282,5.0541026393030986e-12,0.052159257980947976,0.0,0.0030813964385120827,4.644829468693975e-11,0.5322848520724337,5.7787413411781075e-09,9.708460069286186e-08,1.1317706511880658e-07,9.23328973224964e-06,0.46371793412532963,5.1200943618717904e-05,4.986628549789043e-05,0.0006919972597538059,5.379838239438554e-06,3.0457079342666723e-13,1.8158491270327676e-09,0.00010792184387338058,0.0,0.0,0.0,0.0,0.0,0.0,0.0,0.0,0.0,0.0,0.0,0.0,-3.0317792573438364e-07,6.063558513156413e-07,2.021186170248719e-07,1.5576182227157707e-16,-4.042372342137161e-07,0.0,-5.077384981285846e-17,-1.9569660915758446e-23,-3.129700093800091e-18,1.808406918693548e-22,-2.658624663194435e-18,1.0402623383466876e-20,-1.0232224177280952e-20,-4.518917134006997e-17,-2.294486130071118e-22,5.062539069030993e-18,-4.225822199772984e-21,-2.0994877922361534e-22,6.927671716318283e-23,3.516382219554393e-24,4.834136490370381e-17,3.9901946883409093e-07,3.0317792573438364e-07,5.815738208445573e-07,-6.063535318439912e-07,-5.168424681340917e-07,2.1091315946778924e-10,1.3241753907269145e-07,9.137583548619025e-08,8.910122203067676e-08,9.137583548619025e-08,2.0199318456737007e-07,2.0199318456737007e-07,-1.5576182227157707e-16,4.039863709060668e-07,-2.4944454406565203e-16,4.2357331222194e-19,-1.739783157019705e-15,4.039863690241674e-07,1.3724898084448764e-13,8.202490308113585e-12,9.946425832841268e-11,-3.384073656766866e-11,-1.562303046428036e-19,4.0371918218386477e-07,8.202490308113585e-12,9.946425832841268e-11,-1.9539514676266845e-07,2.671867919612684e-10,-2.018514302329108e-07,-6.723470262203442e-09,-6.72347026219321e-09,-2.1762969384165203e-16,5.220451374778103e-09,1.5727729493297754e-20,-2.3194716501400716e-12,5.2177653796251564e-09,2.8105285554715083e-12,6.411296896276023e-13,1.553590940087823e-12,3.91013960493183e-21,2.1762969735803425e-16
2.9069999999999996,548,101325.00000000004,2.771e-08,0.066,0.29999999999999993,0.6339999999999998,0.22000000000000003,548.0,1e-11,1e-22,IdealGasReactor,off,0.6319578274231178,0.0,0.0,0.2884838293497433,0.020580879536139393,0.006857433693273492,5.068978731095888e-12,0.052120029992656906,0.0,0.003080611196493056,4.6410984453472784e-11,0.5324443158352703,5.777442847604657e-09,9.733273786431123e-08,1.1323281148622024e-07,9.240193319146145e-06,0.4635600238982811,5.117736547891545e-05,4.9816073313141255e-05,0.0006913614529624874,5.3781715503063e-06,3.042964279162815e-13,1.8162374252568825e-09,0.00010785760738663485,0.0,0.0,0.0,0.0,0.0,0.0,0.0,0.0,0.0,0.0,0.0,0.0,-3.029900285786413e-07,6.059800565082107e-07,2.019933522743966e-07,1.5570854733336034e-16,-4.039867046300161e-07,0.0,2.8001568816514307e-14,-8.700083861815118e-23,3.605606687313134e-17,1.3254595616209582e-19,4.936045324850625e-16,1.7989391612905237e-18,-1.9252620485365594e-18,2.8422412381723445e-14,3.3737110380652365e-20,-3.792953042063749e-17,4.687609428441993e-20,4.547125564538219e-20,-4.0592791577844306e-20,-6.71643196553302e-23,-2.845880129117822e-14,3.9877551933113157e-07,3.029900285786413e-07,5.8116186200806e-07,-6.05977739778882e-07,-5.165281966607533e-07,2.1065232843670387e-10,1.323962294020209e-07,9.129170991894939e-08,8.904019017466147e-08,9.129170991894939e-08,2.0186807755442696e-07,2.0186807755442696e-07,-1.5570854733336034e-16,4.0373615687862507e-07,-2.491089540213751e-16,4.230749181326177e-19,-1.738390031304548e-15,4.0373612653077373e-07,1.3716397389539118e-13,8.191181121500852e-12,9.935055409812573e-11,-3.377715628403703e-11,-1.5603362798553248e-19,4.034692099223661e-07,8.191181121500852e-12,9.935055409812573e-11,-1.9527239412098937e-07,2.6694506720893514e-10,-2.0172640720706134e-07,-6.720958153407236e-09,-6.720958151481974e-09,-2.174975401582681e-16,5.213868210021244e-09,1.5709133887294632e-20,-2.3167293287493762e-12,5.2111852988845e-09,2.8069835972682755e-12,6.406712246628541e-13,1.5517681578060874e-12,3.905598057142925e-21,2.1749747299394846e-16
2.9159999999999995,548,101324.99999999999,2.771e-08,0.066,0.29999999999999993,0.6339999999999998,0.22000000000000003,548.0,1e-11,1e-22,IdealGasReactor,off,0.6319517134426591,0.0,0.0,0.28845201436936957,0.020638728414769034,0.00687671668047373,5.083849458947496e-12,0.0520808270876447,0.0,0.003079825570143229,4.6373694869639306e-11,0.5326037790005919,5.776143978095841e-09,9.758054924335046e-08,1.1328835533969385e-07,9.2470850465437e-06,0.4634021142010289,5.115378492298225e-05,4.9765898019369006e-05,0.0006907260710877255,5.376504514055906e-06,3.040222488054461e-13,1.8166257775343065e-09,0.00010779337629340548,0.0,0.0,0.0,0.0,0.0,0.0,0.0,0.0,0.0,0.0,0.0,0.0,-3.0280215063086686e-07,6.056043011669668e-07,2.0186810029899668e-07,1.5565527278131784e-16,-4.0373620072451045e-07,0.0,-5.4355090075706106e-15,1.1491889520836396e-21,1.6104465361176578e-17,-3.941797525450538e-21,-6.077630803139056e-17,3.832824086325709e-20,-3.258843459275163e-20,-5.5255033217252054e-15,-1.7165788992710028e-21,-1.295444694296947e-17,1.8223160883480778e-20,9.356446703740434e-22,1.878931527476832e-21,-1.9189450008934168e-22,5.509288978384645e-15,3.9853158962602914e-07,3.0280215063086686e-07,5.807499829089784e-07,-6.056019871776477e-07,-5.162139547402137e-07,2.1039173740156943e-10,1.3237487678717524e-07,9.120761446547033e-08,8.897916674782423e-08,9.120761446547033e-08,2.0174298318757635e-07,2.0174298318757635e-07,-1.5565527278131784e-16,4.03485968143286e-07,-2.4877372061104586e-16,4.2257696643374284e-19,-1.7369973708007706e-15,4.03485971744999e-07,1.3707897553909406e-13,8.179883518690842e-12,9.923694549681901e-11,-3.3713678270758894e-11,-1.5583714508379944e-19,4.0321926279865466e-07,8.179883518690842e-12,9.923694549681901e-11,-1.9514965425639088e-07,2.667034370553638e-10,-2.0160139686194707e-07,-6.718446042605812e-09,-6.7184460425732235e-09,-2.1736544934061074e-16,5.207290927984966e-09,1.5690553958270898e-20,-2.3139893191177857e-12,5.20461109848133e-09,2.8034418078915682e-12,6.402127999169446e-13,1.5499468626272094e-12,3.901060114732239e-21,2.1736525744611065e-16
2.9249999999999994,548,101324.99999999997,2.771e-08,0.066,0.29999999999999993,0.6339999999999998,0.22000000000000003,548.0,1e-11,1e-22,IdealGasReactor,off,0.6319456033735079,0.0,0.0,0.2884202197420502,0.02069654028563193,0.006895987331734178,5.098714823318696e-12,0.052041649261977116,0.0,0.0030790395598352953,4.633642593999281e-11,0.5327632414637538,5.774844733014805e-09,9.782803489991194e-08,1.133436968209511e-07,9.253964918403038e-06,0.4632442051377821,5.113020196261602e-05,4.9715759614508516e-05,0.0006900911141262437,5.374837131691548e-06,3.0374825609324755e-13,1.8170141838876952e-09,0.00010772915064462892,0.0,0.0,0.0,0.0,0.0,0.0,0.0,0.0,0.0,0.0,0.0,0.0,-3.026142919980474e-07,6.052285838112956e-07,2.0174286119874552e-07,1.5560199865047005e-16,-4.034857225753541e-07,0.0,7.448589648677095e-15,1.4453078789918165e-22,-7.147478231869638e-18,1.6427358229917107e-21,2.914259206675783e-17,1.4545143891132439e-19,-1.435282439871386e-19,7.500190679102507e-15,-6.893070729763232e-21,1.5067802412116623e-17,-6.996493751829719e-21,2.9195856707941957e-21,1.3301185950136243e-21,-2.1177507761339497e-22,-7.492991316673657e-15,3.982876797974967e-07,3.026142919980474e-07,5.803381837982365e-07,-6.052262725596746e-07,-5.158997425501254e-07,2.101313863012716e-10,1.3235348122699752e-07,9.112354917937175e-08,8.891815178693912e-08,9.112354917937175e-08,2.016179015383457e-07,2.016179015383457e-07,-1.5560199865047005e-16,4.032358048432307e-07,-2.4843884368848977e-16,4.220794570205985e-19,-1.7356051763770546e-15,4.032357954208976e-07,1.3699398582419724e-13,8.168597495624839e-12,9.912343250692569e-11,-3.365030240780181e-11,-1.5564085587344722e-19,4.029693410121942e-07,8.168597495624839e-12,9.912343250692569e-11,-1.9502692726730921e-07,2.6646190169470904e-10,-2.0147639929705275e-07,-6.715933931436309e-09,-6.715933931292781e-09,-2.1723326257000232e-16,5.2007195281148066e-09,1.567198970472726e-20,-2.3112516210235614e-12,5.198042777857377e-09,2.799903187039705e-12,6.397544157472646e-13,1.5481270545357866e-12,3.8965257778933034e-21,2.172330507949247e-16
2.9339999999999997,548,101325.0,2.771e-08,0.066,0.29999999999999993,0.6339999999999998,0.22000000000000003,548.0,1e-11,1e-22,IdealGasReactor,off,0.6319394972150483,0.0,0.0,0.2883884454645769,0.020754315154561997,0.006915245648998678,5.113574824671921e-12,0.05200249651170071,0.0,0.003078253166064446,4.6299177670929866e-11,0.5329227031407903,5.773545112954412e-09,9.807519490933607e-08,1.1339883607489634e-07,9.260832938565945e-06,0.46308629679191876,5.1106616611532384e-05,4.966565809841805e-05,0.0006894565821018172,5.373169404199995e-06,3.034744497821388e-13,1.8174026442570047e-09,0.0001076649304906259,0.0,0.0,0.0,0.0,0.0,0.0,0.0,0.0,0.0,0.0,0.0,0.0,-3.024264528111119e-07,6.048529054692378e-07,2.016176350717897e-07,1.5554872496883377e-16,-4.0323527031108603e-07,0.0,3.853320943616671e-16,-1.1455743011560786e-23,-1.1855006805619384e-17,-1.9899309751381753e-22,-2.6489896634194175e-18,2.2234614865425384e-21,-2.1663860242763795e-21,3.9472952951912074e-16,-1.1300448370726843e-21,3.2942474761169646e-20,-1.5543170823610695e-20,1.1761474334738362e-22,-4.579110986560423e-23,8.949283938498124e-24,-3.8278793231499953e-16,3.980437899742291e-07,3.024264528111119e-07,5.799264649721368e-07,-6.048505969530034e-07,-5.155855603087911e-07,2.098712750910627e-10,1.3233204273077565e-07,9.103951412138645e-08,8.885714533579762e-08,9.103951412138645e-08,2.014928326941315e-07,2.014928326941315e-07,-1.5554872496883377e-16,4.0298566715320993e-07,-2.481043231040923e-16,4.2158238980998197e-19,-1.7342134488912925e-15,4.029856648379848e-07,1.369090048100843e-13,8.157323048878075e-12,9.901001511865716e-11,-3.358702857790695e-11,-1.554447602892986e-19,4.027194447594543e-07,8.157323048878075e-12,9.901001511865716e-11,-1.9490421325057579e-07,2.662204613184624e-10,-2.013514146104713e-07,-6.713421821213904e-09,-6.713421821211737e-09,-2.1710084418882238e-16,5.19415401025245e-09,1.5653441126389314e-20,-2.3085162344268675e-12,5.191480336856946e-09,2.796367734627712e-12,6.392960725616205e-13,1.546308733637232e-12,3.891995047127355e-21,2.1710085313810632e-16
2.9429999999999996,548,101325.0,2.771e-08,0.066,0.29999999999999993,0.6339999999999998,0.22000000000000003,548.0,1e-11,1e-22,IdealGasReactor,off,0.6319333949666603,0.0,0.0,0.2883566915337298,0.0208120530274131,0.006934491634219976,5.128429463472492e-12,0.05196336883284834,0.0,0.0030774663893924103,4.62619500698041e-11,0.5330821639591096,5.7722451186304896e-09,9.83220293490445e-08,1.1345377324842734e-07,9.267689110828062e-06,0.4629283892353603,5.108302888454454e-05,4.961559347196976e-05,0.0006888224750524092,5.3715013325570016e-06,3.0320082987620566e-13,1.817791158537231e-09,0.0001076007158813449,0.0,0.0,0.0,0.0,0.0,0.0,0.0,0.0,0.0,0.0,0.0,0.0,-3.022386332138987e-07,6.044772662722528e-07,2.0149242201550045e-07,1.554954517605734e-16,-4.029848441818887e-07,0.0,-6.661842843729882e-16,5.174491282977274e-23,4.908184805296577e-18,-6.69608280104752e-22,8.449153648861646e-20,2.2499312661442353e-21,-2.3376124110748562e-21,-6.707405424250793e-16,4.381521784472794e-22,3.2823845954167997e-19,6.457508034568995e-21,-8.581998855237662e-24,8.11351488140601e-23,-9.37903968105204e-24,6.657976473333815e-16,3.977999204063517e-07,3.022386332138987e-07,5.79514826751552e-07,-6.044749604890935e-07,-5.152714082563995e-07,2.0961140373479522e-10,1.3231056131354454e-07,9.095550935606679e-08,8.87961474419541e-08,9.095550935606679e-08,2.0136777675089845e-07,2.0136777675089845e-07,-1.554954517605734e-16,4.027355552651508e-07,-2.477701587060824e-16,4.2108576472985873e-19,-1.7328221891945125e-15,4.0273555401704186e-07,1.3682403256196055e-13,8.146060175358615e-12,9.88966933263045e-11,-3.352385666529711e-11,-1.5524885826542263e-19,4.0246957423512784e-07,8.146060175358615e-12,9.88966933263045e-11,-1.9478151230240909e-07,2.6597911611637354e-10,-2.01226442899384e-07,-6.710909713091371e-09,-6.710909713089034e-09,-2.169686739618262e-16,5.18759437445605e-09,1.5634908223625844e-20,-2.305783159382263e-12,5.1849237755369865e-09,2.7928354506847067e-12,6.388377707950152e-13,1.5444919001004836e-12,3.8874679230986184e-21,2.1696866458278653e-16
2.9519999999999995,548,101325.00000000003,2.771e-08,0.066,0.29999999999999993,0.6339999999999998,0.22000000000000003,548.0,1e-11,1e-22,IdealGasReactor,off,0.6319272966277232,0.0,0.0,0.2883249579462711,0.020869753910073337,0.006953725289359299,5.143278740186542e-12,0.051924266221429885,0.0,0.0030766792305754677,4.6224743146869635e-11,0.5332416238793903,5.770944751121496e-09,9.856853830326045e-08,1.1350850849360832e-07,9.274533438810793e-06,0.4627704825065154,5.1059438799672874e-05,4.956556573911016e-05,0.0006881887930588994,5.3698329177066064e-06,3.0292739638489055e-13,1.8181797264904555e-09,0.0001075365068657005,0.0,0.0,0.0,0.0,0.0,0.0,0.0,0.0,0.0,0.0,0.0,0.0,-3.020508333882608e-07,6.041016666237727e-07,2.0136722212478435e-07,1.5544217903858563e-16,-4.02734444414083e-07,0.0,5.429818913200558e-16,-1.0840887460343638e-22,-8.942207614760453e-18,2.8261491058686518e-22,-2.7580451553784087e-18,-1.2334917294390749e-20,1.2427561522996688e-20,5.49347999045717e-16,-7.144207085429914e-22,7.749757335208359e-20,-1.1741587870758886e-20,-2.920981538077879e-23,1.7619138560620564e-22,4.689980449013008e-24,-5.403413564764725e-16,3.9755607131948707e-07,3.020508333882608e-07,5.791032695297311e-07,-6.040993635713764e-07,-5.149572866976162e-07,2.0935177222229008e-10,1.3228903700698183e-07,9.087153495928489e-08,8.873515816407077e-08,9.087153495928489e-08,2.0124273382983101e-07,2.0124273382983101e-07,-1.5544217903858563e-16,4.024854694214237e-07,-2.4743635033729133e-16,4.205895817423142e-19,-1.7314313981199336e-15,4.0248546695487164e-07,1.3673906916216763e-13,8.134808872981875e-12,9.878346713645268e-11,-3.346078655852516e-11,-1.5505314973423e-19,4.022197296289392e-07,8.134808872981875e-12,9.878346713645268e-11,-1.9465882451705217e-07,2.657378662737941e-10,-2.0110148425851065e-07,-6.708397607732171e-09,-6.708397607744598e-09,-2.1683648057377288e-16,5.1810406214253625e-09,1.56163909987476e-20,-2.303052396230819e-12,5.178373094595898e-09,2.7893063355855138e-12,6.383795109625363e-13,1.5426765542864005e-12,3.882944406962754e-21,2.1683648526375333e-16
2.9609999999999994,548,101325.00000000003,2.771e-08,0.066,0.29999999999999993,0.6339999999999998,0.22000000000000003,548.0,1e-11,1e-22,IdealGasReactor,off,0.6319212021976113,0.0,0.0,0.28829324469895173,0.02092741780844985,0.006972946616386779,5.1581226552832165e-12,0.051885188673442106,0.0,0.003075891689967122,4.618755690625679e-11,0.5334010827931422,5.769644010753829e-09,9.881472184370097e-08,1.1356304195282804e-07,9.281365926547835e-06,0.46261257671346556,5.103584636828014e-05,4.951557489724153e-05,0.0006875555361112266,5.368164160660181e-06,3.0265414930582886e-13,1.8185683481547412e-09,0.00010747230349467558,0.0,0.0,0.0,0.0,0.0,0.0,0.0,0.0,0.0,0.0,0.0,0.0,-3.0186305343676125e-07,6.037261067930857e-07,2.012420354995045e-07,1.5538890683919232e-16,-4.024840711385114e-07,0.0,8.280065035910057e-15,1.607283998065913e-22,8.882232382090711e-18,-4.7656749852236764e-21,-7.487972424052988e-17,-2.492129749499762e-19,2.59232613709831e-19,8.188965780510659e-15,-5.353838869147458e-21,-6.958078298745697e-18,1.0378068478515625e-20,-3.3464625656598426e-21,1.0870533093380798e-21,2.4644810173836805e-22,-8.197917273500899e-15,3.9731224284514886e-07,3.0186305343676125e-07,5.7869179354862e-07,-6.037238064691411e-07,-5.146431958026517e-07,2.0909238048824186e-10,1.322674698084329e-07,9.078759098310907e-08,8.867417753762649e-08,9.078759098310907e-08,2.0111770399951364e-07,2.0111770399951364e-07,-1.5538890683919232e-16,4.0223540975919675e-07,-2.471028978505756e-16,4.200938407366052e-19,-1.7300410765345475e-15,4.0223539965467126e-07,1.3665411465730676e-13,8.123569137515331e-12,9.867033652967215e-11,-3.339781813716432e-11,-1.5485763463089999e-19,4.019699111406043e-07,8.123569137515331e-12,9.867033652967215e-11,-1.9453614999268797e-07,2.654967119842487e-10,-2.009765387875303e-07,-6.705885506816552e-09,-6.7058855070757845e-09,-2.1670406881003784e-16,5.174492750488822e-09,1.559788944994114e-20,-2.3003239447053598e-12,5.171828293362564e-09,2.78578038896744e-12,6.379212934120223e-13,1.540862696147972e-12,3.878424498831034e-21,2.1670431525813958e-16
2.9699999999999998,548,101325.00000000003,2.771e-08,0.066,0.29999999999999993,0.6339999999999998,0.22000000000000003,548.0,1e-11,1e-22,IdealGasReactor,off,0.6319151116756978,0.0,0.0,0.28826155178850665,0.02098504472847999,0.006992155617281146,5.172961209233057e-12,0.05184613618486144,0.0,0.003075103768343949,4.615039135844125e-11,0.5335605406643872,5.768342898642467e-09,9.906058005598127e-08,1.1361737377932737e-07,9.28818657767506e-06,0.46245467189125267,5.1012251608710136e-05,4.9465620950515346e-05,0.0006869227042933612,5.366495062359006e-06,3.023810886485259e-13,1.8189570232787846e-09,0.00010740810581702166,0.0,0.0,0.0,0.0,0.0,0.0,0.0,0.0,0.0,0.0,0.0,0.0,-3.0167529354484834e-07,6.033505869163411e-07,2.0111686223420973e-07,1.5533563517415766e-16,-4.02233724627615e-07,0.0,2.933331030294663e-15,-1.4007744635069546e-22,8.438965840575406e-19,1.0056138524890058e-20,1.802560227140036e-17,1.0897608262018608e-19,-1.0051567931499371e-19,2.9553107213301893e-15,3.4807898510879744e-21,4.698063148807537e-18,5.616386722585999e-23,1.4372263143108856e-21,4.3197410340843195e-22,7.966120084218709e-24,-2.956171030009287e-15,3.9706843525503816e-07,3.0167529354484834e-07,5.782803992080882e-07,-6.03348289318536e-07,-5.143291358822597e-07,2.0883322852428793e-10,1.322458597513987e-07,9.070367750435977e-08,8.861320562231565e-08,9.070367750435977e-08,2.0099268738350635e-07,2.0099268738350635e-07,-1.5533563517415766e-16,4.0198537652559233e-07,-2.467698010874538e-16,4.195985416769143e-19,-1.7286512252676173e-15,4.0198537165636594e-07,1.3656916913133356e-13,8.112340966939301e-12,9.855730151345566e-11,-3.3334951290197885e-11,-1.5466231288722746e-19,4.0172011895910497e-07,8.112340966939301e-12,9.855730151345566e-11,-1.9441348882325025e-07,2.652556534320056e-10,-2.008516065807862e-07,-6.703373410959492e-09,-6.703373410858976e-09,-2.1657214673722544e-16,5.167950762388244e-09,1.5579403579652957e-20,-2.297597805166839e-12,5.16528937257687e-09,2.7822576112274785e-12,6.374631186659934e-13,1.539050326059272e-12,3.8739081998929145e-21,2.1657215470334552e-16
2.9789999999999996,548,101325.0,2.771e-08,0.066,0.29999999999999993,0.6339999999999998,0.22000000000000003,548.0,1e-11,1e-22,IdealGasReactor,off,0.6319090250613525,0.0,0.0,0.2882298792116566,0.021042634676125955,0.007011352294029857,5.187794402508763e-12,0.05180710875164745,0.0,0.0030743154662169745,4.611324650985352e-11,0.5337199974114786,5.767041415406891e-09,9.93061130179351e-08,1.1367150412004348e-07,9.294995396103278e-06,0.462296768120919,5.0988654534916054e-05,4.941570389875121e-05,0.0006862902976291465,5.3648256237893595e-06,3.021082144146472e-13,1.819345751793448e-09,0.0001073439138828553,0.0,0.0,0.0,0.0,0.0,0.0,0.0,0.0,0.0,0.0,0.0,0.0,-3.0148755384564207e-07,6.029751077434273e-07,2.0099170242664436e-07,1.5528236407071135e-16,-4.019834050580601e-07,0.0,-1.2374389231564869e-14,3.686732285894988e-21,-1.5080441308375273e-17,-6.177370669405725e-21,-2.0755642399960172e-16,9.60667711084385e-19,-8.935461402787696e-19,-1.2531439615401093e-14,2.1237584043389368e-20,3.413526626652591e-17,-1.9456190110713098e-20,1.8466807175246343e-22,1.1869960016420081e-20,-3.83093085281202e-22,1.254664568921616e-14,3.9682464872598834e-07,3.0148755384564207e-07,5.778690868081058e-07,-6.029728128694497e-07,-5.14015107158477e-07,2.0857431628561615e-10,1.3222420684675325e-07,9.061979458413105e-08,8.855224246253992e-08,9.061979458413105e-08,2.0086768407065964e-07,2.0086768407065964e-07,-1.5528236407071135e-16,4.017353698982978e-07,-2.4643705989593875e-16,4.1910368447924304e-19,-1.7272618451704435e-15,4.0173538051746505e-07,1.364842326446196e-13,8.101124357812754e-12,9.844436207810744e-11,-3.3272185900698616e-11,-1.5446718443677538e-19,4.014703532800127e-07,8.101124357812754e-12,9.844436207810744e-11,-1.9429084110519975e-07,2.6501469080665816e-10,-2.0072668773590484e-07,-6.7008613214446156e-09,-6.7008613205510694e-09,-2.164403867918131e-16,5.16141465695237e-09,1.5560933387601413e-20,-2.294873977574212e-12,5.158756332071783e-09,2.7787380022743573e-12,6.370049871365795e-13,1.5372394441245687e-12,3.869395510646896e-21,2.164400036987278e-16
2.9879999999999995,548,101324.99999999999,2.771e-08,0.066,0.29999999999999993,0.6339999999999998,0.22000000000000003,548.0,1e-11,1e-22,IdealGasReactor,off,0.6319029423539422,0.0,0.0,0.288198226965108,0.021100187657376576,0.007030536648629036,5.2026222355849355e-12,0.05176810636974159,0.0,0.0030735267840327585,4.607612236591543e-11,0.5338794529415782,5.765739561545207e-09,9.955132080515798e-08,1.1372543312069325e-07,9.301792385828767e-06,0.4621388654947806,5.0965055159789094e-05,4.936582374068314e-05,0.0006856583161274789,5.363155845948998e-06,3.0183552660383323e-13,1.8197345336744525e-09,0.00010727972774262075,0.0,0.0,0.0,0.0,0.0,0.0,0.0,0.0,0.0,0.0,0.0,0.0,-3.0129983445945805e-07,6.025996687953434e-07,2.0086655617558334e-07,1.5522909355987402e-16,-4.0173311251347703e-07,0.0,1.4760332156433057e-14,-6.019426488921682e-22,-2.6975548944177184e-18,7.754701188213078e-21,-3.167945574378446e-17,3.858235074743338e-19,-3.844007568207426e-19,1.4736140966597007e-14,-3.4443936012130536e-21,4.36864986701773e-18,-3.0743003531875063e-21,3.33906963893515e-21,9.094055617868574e-23,-1.457809137217925e-22,-1.473342800676582e-14,3.9658088334202507e-07,3.0129983445945805e-07,5.774578566241917e-07,-6.025973766428817e-07,-5.137011098316738e-07,2.0831564371829866e-10,1.3220251109992594e-07,9.053594227965371e-08,8.849128809895666e-08,9.053594227965371e-08,2.0074269414136132e-07,2.0074269414136132e-07,-1.5522909355987402e-16,4.014853900381241e-07,-2.4610467412536013e-16,4.186092690475043e-19,-1.7258729370992664e-15,4.014853733913526e-07,1.3639930525178617e-13,8.089919306339711e-12,9.833151820965329e-11,-3.320952185033016e-11,-1.5427224921340217e-19,4.012206143004817e-07,8.089919306339711e-12,9.833151820965329e-11,-1.9416820693585526e-07,2.647738242989011e-10,-2.0060178235128586e-07,-6.6983492397280855e-09,-6.698349239343685e-09,-2.1630800811530255e-16,5.1548844337984725e-09,1.5542478872824954e-20,-2.2921524617855485e-12,5.1522291714519885e-09,2.7752215618941674e-12,6.365468992089469e-13,1.53543005038076e-12,3.864886431419225e-21,2.1630786233438883e-16
2.9969999999999994,548,101325.0,2.771e-08,0.066,0.29999999999999993,0.6339999999999998,0.22000000000000003,548.0,1e-11,1e-22,IdealGasReactor,off,0.6318968635528315,0.0,0.0,0.28816659504555325,0.021157703678246185,0.007049708683083522,5.217444708938249e-12,0.05172912903506813,0.0,0.0030727377224964787,4.603901893590066e-11,0.534038907206242,5.764437338037917e-09,9.979620350262366e-08,1.1377916093365567e-07,9.308577550601765e-06,0.4619809640604362,5.0941453500472796e-05,4.93159804791311e-05,0.0006850267598541422,5.36148572979227e-06,3.0156302522275297e-13,1.820123368720185e-09,0.00010721554744535391,0.0,0.0,0.0,0.0,0.0,0.0,0.0,0.0,0.0,0.0,0.0,0.0,-3.0111213555715036e-07,6.022242709585878e-07,2.00741423576091e-07,1.5517582365763075e-16,-4.014828473037569e-07,0.0,9.494027305710719e-15,-1.836682441025557e-21,1.246421834501581e-18,1.294891251441839e-20,5.434775147820405e-19,-4.0138773788013157e-19,3.982634767065188e-19,9.490567985103824e-15,5.697272001212097e-21,-2.3370976858217916e-18,1.2573884441919777e-21,1.538504240560347e-21,-5.046625457907693e-21,2.369559281129356e-22,-9.491829279045735e-15,3.9633713941257965e-07,3.0111213555715036e-07,5.770467090280226e-07,-6.022219815253298e-07,-5.133871441878434e-07,2.080572108029239e-10,1.321807725384505e-07,9.045212066317582e-08,8.843034258697253e-08,9.045212066317582e-08,2.006177177094666e-07,2.006177177094666e-07,-1.5517582365763075e-16,4.0123543717275176e-07,-2.4577264361789934e-16,4.1811529533084e-19,-1.7244845018861222e-15,4.0123542577319427e-07,1.363143870301948e-13,8.078725810060364e-12,9.821876991043885e-11,-3.314695902645908e-11,-1.5407750714873268e-19,4.0097090221093e-07,8.078725810060364e-12,9.821876991043885e-11,-1.940455864094896e-07,2.6453305409353415e-10,-2.0047689052199432e-07,-6.695837166601389e-09,-6.695837166999653e-09,-2.1617549378117156e-16,5.148360093375929e-09,1.5524040036940506e-20,-2.2894332580398495e-12,5.145707891177239e-09,2.7717082903328197e-12,6.360888553745806e-13,1.5336221451196305e-12,3.860380963188418e-21,2.1617573073709967e-16
3.006,548,101325.0,2.771e-08,0.066,0.29999999999999993,0.6339999999999998,0.22000000000000003,548.0,1e-11,1e-22,IdealGasReactor,off,0.6318907886573819,0.0,0.0,0.28813498344967037,0.02121518274477497,0.0070688683994068295,5.23226182304738e-12,0.05169017674353374,0.0,0.0030719482822132646,4.600193622753697e-11,0.5341983601397118,5.7631347456778944e-09,1.0004076119208437e-07,1.1383268770923166e-07,9.315350894294511e-06,0.4618230638829246,5.091784957246175e-05,4.926617411525209e-05,0.0006843956288520201,5.359815276291063e-06,3.0129071027505326e-13,1.8205122567979742e-09,0.0001071513730406089,0.0,0.0,0.0,0.0,0.0,0.0,0.0,0.0,0.0,0.0,0.0,0.0,-3.009244572897498e-07,6.018489141534444e-07,2.0061630472470126e-07,1.5512255438583055e-16,-4.01232609633382e-07,0.0,-2.725560460980436e-14,3.3185323193486873e-21,-1.1542791029622636e-17,-1.5896082521838334e-22,2.70821208950907e-16,-6.516065644549722e-19,6.510556621670119e-19,-2.6956454335956056e-14,-1.2948949053504703e-20,1.7218639013247184e-17,-8.884089213520184e-21,7.492240096987333e-21,-9.789033799009447e-21,5.931762853430352e-22,2.6968117242415027e-14,3.960934171420242e-07,3.009244572897498e-07,5.76635644353365e-07,-6.01846627437078e-07,-5.130732104794052e-07,2.0779901750608643e-10,1.3215899118137332e-07,9.036832980098111e-08,8.836940597620243e-08,9.036832980098111e-08,2.00492754875713e-07,2.00492754875713e-07,-1.5512255438583055e-16,4.009855115036621e-07,-2.4544096821799252e-16,4.176217632599167e-19,-1.7230965403711995e-15,4.0098553655276703e-07,1.3622947804829388e-13,8.067543865970908e-12,9.810611717623989e-11,-3.308449731424403e-11,-1.5388295817497713e-19,4.0072121720427256e-07,8.067543865970908e-12,9.810611717623989e-11,-1.9392297962158262e-07,2.642923803772326e-10,-2.0035201234432348e-07,-6.69332510311864e-09,-6.6933251037696955e-09,-2.1604301584298752e-16,5.141841635792287e-09,1.5505616880520564e-20,-2.286716366421606e-12,5.139192491357807e-09,2.768198187648339e-12,6.356308560832129e-13,1.5318157285296722e-12,3.85587910666873e-21,2.1604360901927286e-16
3.0149999999999992,548,101325.00000000003,2.771e-08,0.066,0.29999999999999993,0.6339999999999998,0.22000000000000003,548.0,1e-11,1e-22,IdealGasReactor,off,0.6318847176669522,0.0,0.0,0.28810339217412273,0.021272624863029936,0.007088015799621122,5.247073578392873e-12,0.051651249491026945,0.0,0.003071158463634077,4.596487424619813e-11,0.5343578116496907,5.76183178497084e-09,1.0028499395118724e-07,1.1388601359413562e-07,9.322112420943307e-06,0.4616651650540175,5.0894243388700684e-05,4.9216404647677424e-05,0.0006837649231288939,5.358144486443889e-06,3.010185817597225e-13,1.820901197881843e-09,0.00010708720457872709,0.0,0.0,0.0,0.0,0.0,0.0,0.0,0.0,0.0,0.0,0.0,0.0,-3.007367997778966e-07,6.014735993420614e-07,2.0049119971980794e-07,1.550692857753096e-16,-4.009823996108962e-07,0.0,-6.3668989867828426e-15,-9.585974477567798e-23,-5.7307840484770146e-18,3.3007247961260496e-21,5.861637401589209e-17,-8.735027268559972e-22,1.0033700830268226e-21,-6.292026243946683e-15,2.765271250113307e-22,1.0446728639995713e-17,-1.0716379290598062e-20,9.025574458719223e-22,4.75644059065009e-22,-4.104446711549101e-22,6.297799982354987e-15,3.95849716639321e-07,3.007367997778966e-07,5.762246628760881e-07,-6.014713153402746e-07,-5.1275930890731e-07,2.0754106377319934e-10,1.3213716703463495e-07,9.02845697502048e-08,8.830847830738946e-08,9.02845697502048e-08,2.0036780572070293e-07,2.0036780572070293e-07,-1.550692857753096e-16,4.007356131920453e-07,-2.4510964777367544e-16,4.1712867273728103e-19,-1.7217090534069367e-15,4.0073561757836274e-07,1.361445783608505e-13,8.056373470238896e-12,9.799355999283764e-11,-3.3022136595441283e-11,-1.5368860222526212e-19,4.004715594772231e-07,8.056373470238896e-12,9.799355999283764e-11,-1.9380038666908448e-07,2.6405180333964943e-10,-2.002271479164684e-07,-6.690813050723459e-09,-6.690813050724462e-09,-2.1591190771589786e-16,5.135329060644358e-09,1.5487209402549864e-20,-2.2840017867816984e-12,5.132682971575206e-09,2.7646912536142347e-12,6.351729017204525e-13,1.5300108006420948e-12,3.851380862171259e-21,2.159114972712267e-16
3.023999999999999,548,101325.00000000003,2.771e-08,0.066,0.29999999999999993,0.6339999999999998,0.22000000000000003,548.0,1e-11,1e-22,IdealGasReactor,off,0.6318786505808985,0.0,0.0,0.2880718212155596,0.02133003003910348,0.007107150885757254,5.261879975457346e-12,0.051612347273419075,0.0,0.0030703682673647635,4.592783299954449e-11,0.5345172616706887,5.760528456710979e-09,1.0052890186300355e-07,1.1393913873931369e-07,9.328862134447682e-06,0.4615072676384852,5.087063496469814e-05,4.916667207745911e-05,0.0006831346427264111,5.356473361222362e-06,3.0074663967995457e-13,1.8212901918388654e-09,0.00010702304210916856,0.0,0.0,0.0,0.0,0.0,0.0,0.0,0.0,0.0,0.0,0.0,0.0,-3.0054916317240547e-07,6.01098327464442e-07,2.0036610865783094e-07,1.5501601784782561e-16,-4.007322174790315e-07,0.0,4.579910957849311e-13,-8.045295370632168e-20,9.126824105071068e-18,8.471068016618402e-19,-1.2744091382638515e-15,-1.4232376975358788e-17,1.409508898191275e-17,4.567108722386317e-13,5.443244956266097e-21,1.8831765006936484e-17,9.670806436562912e-21,-2.8103461311489115e-21,-2.536670171714554e-19,4.0686435996314094e-21,-4.567208385493159e-13,3.9560603814711454e-07,3.0054916317240547e-07,5.758137649296658e-07,-6.010960461749228e-07,-5.124454397236887e-07,2.0728334957013338e-10,1.3211530011754307e-07,9.02008405769902e-08,8.824755963011132e-08,9.02008405769902e-08,2.0024287034513756e-07,2.0024287034513756e-07,-1.5501601784782561e-16,4.004857424395831e-07,-2.447786821283872e-16,4.1663602369239696e-19,-1.7203220418305949e-15,4.0048528382463644e-07,1.3605968803628847e-13,8.045214619827153e-12,9.788109835571262e-11,-3.295987675522406e-11,-1.534944392312302e-19,4.002219292223083e-07,8.045214619827153e-12,9.788109835571262e-11,-1.9367780764736535e-07,2.6381132316666336e-10,-2.0010229733452697e-07,-6.688301010465578e-09,-6.688301024560667e-09,-2.1577532696187556e-16,5.128822368088631e-09,1.5468817603543283e-20,-2.2812895191966373e-12,5.126179331916949e-09,2.7611874882761192e-12,6.347149927355989e-13,1.5282073616394156e-12,3.846886230396793e-21,2.157793956054752e-16
3.032999999999999,548,101324.99999999997,2.771e-08,0.066,0.29999999999999993,0.6339999999999998,0.22000000000000003,548.0,1e-11,1e-22,IdealGasReactor,off,0.6318725873985744,0.0,0.0,0.2880402705706162,0.021387398279114147,0.0071262736598547306,5.276681014725375e-12,0.05157347008656376,0.0,0.0030695776940888667,4.58908124963533e-11,0.5346767101491265,5.759224761831345e-09,1.00772485011274e-07,1.1399206329800776e-07,9.33560003866313e-06,0.4613493716890928,5.0847024317181904e-05,4.911697640684037e-05,0.0006825047877027795,5.354801901590139e-06,3.0047488404082925e-13,1.8216792384845356e-09,0.00010695888568112791,0.0,0.0,0.0,0.0,0.0,0.0,0.0,0.0,0.0,0.0,0.0,0.0,-3.0036154763910714e-07,6.007230944137641e-07,2.0024103163414303e-07,1.5496275062110025e-16,-4.0048206337798365e-07,0.0,2.477043794924142e-15,9.474164732686096e-21,7.395218089032706e-18,-2.849973263566859e-20,7.095228657399586e-16,-4.7569635015597524e-18,4.576619102869104e-18,3.1367064864317276e-15,7.129228977111596e-21,-3.755093338756103e-17,4.615254227739618e-20,-2.7172366134484113e-21,-1.189851607306316e-20,2.122471408562296e-21,-3.1441009077683896e-15,3.953623818052669e-07,3.0036154763910714e-07,5.75402950874635e-07,-6.007208158342002e-07,-5.121316032057474e-07,2.0702587487259848e-10,1.3209339045559547e-07,9.011714235170283e-08,8.818664999814153e-08,9.011714235170283e-08,2.001179488591372e-07,2.001179488591372e-07,-1.5496275062110025e-16,4.002358994657559e-07,-2.4444807112408065e-16,4.161438160673944e-19,-1.7189355064747805e-15,4.002358944266149e-07,1.3597480714943146e-13,8.034067312074907e-12,9.776873226499665e-11,-3.2897717680462034e-11,-1.5330046912416606e-19,3.9997232663067296e-07,8.034067312074907e-12,9.776873226499665e-11,-1.9355524265092763e-07,2.6357094004283855e-10,-1.9997746069391985e-07,-6.6857889832153995e-09,-6.6857889877920186e-09,-2.1564518167301891e-16,5.1223215582123255e-09,1.5450441484761734e-20,-2.2785795638503965e-12,5.119681572716754e-09,2.757686891812662e-12,6.342571296088126e-13,1.5264054117779335e-12,3.842395212228317e-21,2.1564730414442748e-16
3.0419999999999994,548,101324.99999999999,2.771e-08,0.066,0.29999999999999993,0.6339999999999998,0.22000000000000003,548.0,1e-11,1e-22,IdealGasReactor,off,0.6318665281193304,0.0,0.0,0.2880087402359128,0.02144472958920729,0.007145384123961682,5.2914766966833875e-12,0.051534617926296405,0.0,0.003068786744357282,4.5853812743396825e-11,0.5348361570107976,5.757920701027845e-09,1.0101574348060736e-07,1.140447874202571e-07,9.342326137558137e-06,0.4611914772793984,5.082341146077094e-05,4.906731763586452e-05,0.0006818753580861551,5.353130108525755e-06,3.002033148434918e-13,1.8220683377238735e-09,0.00010689473534417978,0.0,0.0,0.0,0.0,0.0,0.0,0.0,0.0,0.0,0.0,0.0,0.0,-3.0017395331765976e-07,6.003479064831166e-07,2.0011596874524376e-07,1.5490948411984521e-16,-4.002319376533815e-07,0.0,7.487282886294364e-17,-3.990420771386669e-23,-8.119165325961615e-18,2.9748208463119947e-22,-2.7651390563116635e-18,-2.8322664173815668e-21,2.896786505160703e-21,8.014791513914945e-17,-6.420078717696145e-22,-1.8220157345440159e-19,-1.030326598642283e-20,-4.182431972221246e-23,-1.2551226004437217e-22,7.937852486275279e-24,-7.197018984815397e-17,3.951187479595301e-07,3.0017395331765976e-07,5.749922210238311e-07,-6.003456306111958e-07,-5.118177995870213e-07,2.0676863963829195e-10,1.320714380637903e-07,9.003347513712592e-08,8.812574945791512e-08,9.003347513712592e-08,1.9999304135638374e-07,1.9999304135638374e-07,-1.5490948411984521e-16,3.9998608445865326e-07,-2.44117814604265e-16,4.156520497807477e-19,-1.7175494481770984e-15,3.9998608247771017e-07,1.3588993576393377e-13,8.02293154362242e-12,9.765646171240495e-11,-3.2835659255123854e-11,-1.5310669183542586e-19,3.9972275189552623e-07,8.02293154362242e-12,9.765646171240495e-11,-1.9343269177510066e-07,2.633306541541322e-10,-1.9985263809108968e-07,-6.6832769701430895e-09,-6.683276970145986e-09,-2.1551521505517458e-16,5.115826631162427e-09,1.5432081046100606e-20,-2.275871920730843e-12,5.113189693851388e-09,2.7541894641555185e-12,6.337993127660922e-13,1.5246049511787358e-12,3.837907808211434e-21,2.1551522299302707e-16
3.0509999999999993,548,101325.00000000003,2.771e-08,0.066,0.29999999999999993,0.6339999999999998,0.22000000000000003,548.0,1e-11,1e-22,IdealGasReactor,off,0.6318604727425138,0.0,0.0,0.28797723020805666,0.02150202397555125,0.007164482280134985,5.3062670218202306e-12,0.05149579078843681,0.0,0.003067995418620609,4.581683374587011e-11,0.5349956021624326,5.7566162747995456e-09,1.0125867734839406e-07,1.1409731125420333e-07,9.349040435249492e-06,0.4610335845021482,5.079979640837188e-05,4.901769576293755e-05,0.0006812463538814385,5.351457983031989e-06,2.9993193208596584e-13,1.8224574895329723e-09,0.00010683059114865716,0.0,0.0,0.0,0.0,0.0,0.0,0.0,0.0,0.0,0.0,0.0,0.0,-2.9998638032793397e-07,5.999727605313216e-07,1.9999092008989223e-07,1.5485621837522375e-16,-3.999818403418357e-07,0.0,-4.803472315490059e-15,1.0628743350329069e-21,6.467792592903101e-19,-1.871586714111668e-20,-3.030440363303551e-17,3.5670674991246723e-19,-3.5584482771418698e-19,-4.8262401061629175e-15,-2.627850721168946e-21,7.827880013149876e-18,3.0895446294861337e-21,-1.2763396851693217e-21,9.557404088175969e-21,2.0005681804046884e-22,4.825596746485772e-15,3.948751366469839e-07,2.9998638032793397e-07,5.745815756507418e-07,-5.999704873647319e-07,-5.115040290669736e-07,2.0651164381080444e-10,1.320494429480501e-07,8.994983898988421e-08,8.806485804984655e-08,8.994983898988421e-08,1.9986814791672648e-07,1.9986814791672648e-07,-1.5485621837522375e-16,3.9973629757774595e-07,-2.437879124158403e-16,4.1516072473202804e-19,-1.716163867787559e-15,3.997363005048271e-07,1.3580507393405082e-13,8.01180731055601e-12,9.754428668291779e-11,-3.27737013609594e-11,-1.529131072974142e-19,3.994732052135411e-07,8.01180731055601e-12,9.754428668291779e-11,-1.933101551171752e-07,2.6309046568928895e-10,-1.9972782962420382e-07,-6.680764972717027e-09,-6.6807649723611825e-09,-2.153829521839498e-16,5.1093375863601736e-09,1.541373628641085e-20,-2.27316658966705e-12,5.106703694851829e-09,2.750695205051251e-12,6.333415425910095e-13,1.5228059798593833e-12,3.833424018621462e-21,2.1538315224076784e-16
3.059999999999999,548,101324.99999999997,2.771e-08,0.066,0.29999999999999993,0.6339999999999998,0.22000000000000003,548.0,1e-11,1e-22,IdealGasReactor,off,0.6318544212674707,0.0,0.0,0.2879457404836397,0.021559281444343683,0.007183568130440054,5.32105199062624e-12,0.05145698866878504,0.0,0.003067203717549923,4.577987551225522e-11,0.5351550455492502,5.755311484059982e-09,1.0150128670157006e-07,1.1414963495364506e-07,9.355742935637712e-06,0.4608756934113265,5.0776179176532365e-05,4.896811078991478e-05,0.0006806177751420598,5.349785526071617e-06,2.9966073577227126e-13,1.822846693735647e-09,0.00010676645314358375,0.0,0.0,0.0,0.0,0.0,0.0,0.0,0.0,0.0,0.0,0.0,0.0,-2.997988288327518e-07,5.995976575172207e-07,1.9986588576319056e-07,1.5480295340536674e-16,-3.997317717533557e-07,0.0,6.776605771073287e-15,-2.1141952915781845e-21,7.293945606410242e-18,1.1592944344179957e-21,-6.466249519339329e-18,1.3526057376467109e-19,-1.3684545181832269e-19,6.842392264098436e-15,-7.666019515354143e-22,7.951786044930337e-17,7.563259489857727e-21,-4.785756831502111e-22,-5.839725459625628e-22,2.438772844381094e-22,-6.849741233101209e-15,3.946315481773849e-07,2.997988288327518e-07,5.74171015110966e-07,-5.995953870536498e-07,-5.111902919180736e-07,2.0625488736297577e-10,1.3202740513334385e-07,8.986623397940738e-08,8.800397582696626e-08,8.986623397940738e-08,1.997432686487515e-07,1.997432686487515e-07,-1.5480295340536674e-16,3.994865390402238e-07,-2.434583643991437e-16,4.14669840859291e-19,-1.7147787661336874e-15,3.994865303003081e-07,1.3572022173356388e-13,8.000694610097307e-12,9.743220717542479e-11,-3.271184388456588e-11,-1.5271971544046874e-19,3.9922368677521776e-07,8.000694610097307e-12,9.743220717542479e-11,-1.9318763277136727e-07,2.628503748315883e-10,-1.996030353883574e-07,-6.67825299182329e-09,-6.678252991686444e-09,-2.1525084813140263e-16,5.1028544240739165e-09,1.5395407206729597e-20,-2.2704635708125533e-12,5.1002235759708436e-09,2.7472041146342417e-12,6.328838195576972e-13,1.5210084980536932e-12,3.828943844288476e-21,2.1525109200868707e-16
3.068999999999999,548,101324.99999999997,2.771e-08,0.066,0.29999999999999993,0.6339999999999998,0.22000000000000003,548.0,1e-11,1e-22,IdealGasReactor,off,0.6318483736935426,0.0,0.0,0.28791427105923945,0.02161650200180706,0.0072026416769509615,5.335831603593876e-12,0.051418211563124205,0.0,0.003066411641614286,4.5742938047972053e-11,0.5353144870812827,5.7540063293446244e-09,1.0174357162050115e-07,1.1420175866764263e-07,9.362433642840111e-06,0.4607178040963576,5.075255977847083e-05,4.891856271539138e-05,0.000679989621876018,5.3481127386443845e-06,2.993897259005953e-13,1.8232359502960998e-09,0.00010670232137911502,0.0,0.0,0.0,0.0,0.0,0.0,0.0,0.0,0.0,0.0,0.0,0.0,-2.996112989552421e-07,5.992225976680081e-07,1.9974086586308203e-07,1.5474968924031921e-16,-3.9948173181313263e-07,0.0,4.744341484267687e-14,1.0947129288181614e-23,4.3304941060779984e-17,-3.85963120943407e-20,8.80565922844914e-17,-4.5684192614568655e-19,4.580256216022499e-19,4.746289474923351e-14,-3.620922042062378e-21,-2.425166786093349e-17,6.221457890194727e-20,6.245213624775359e-21,6.98510447340994e-21,2.354443330855637e-22,-4.750649862096801e-14,3.9438798247635673e-07,2.996112989552421e-07,5.737605396843964e-07,-5.992203299051441e-07,-5.108765883454738e-07,2.059983702401776e-10,1.32005324627379e-07,8.978266016323667e-08,8.794310283070551e-08,8.978266016323667e-08,1.9961840363467577e-07,1.9961840363467577e-07,-1.5474968924031921e-16,3.9923680901048334e-07,-2.431291703996758e-16,4.1417939806429393e-19,-1.713394144061244e-15,3.992367596516999e-07,1.356353792183372e-13,7.98959343839783e-12,9.732022317583014e-11,-3.265008670813924e-11,-1.5252651619638614e-19,3.989741967764299e-07,7.98959343839783e-12,9.732022317583014e-11,-1.930651248342121e-07,2.6261038176863553e-10,-1.994782554813146e-07,-6.675741028869921e-09,-6.6757410293279465e-09,-2.1511880694458202e-16,5.096377143861901e-09,1.5377093806035792e-20,-2.2677628640170065e-12,5.09374933677592e-09,2.743716192671162e-12,6.324261440566787e-13,1.5192125057918225e-12,3.824467285520712e-21,2.151190423889151e-16
3.0779999999999994,548,101325.0,2.771e-08,0.066,0.29999999999999993,0.6339999999999998,0.22000000000000003,548.0,1e-11,1e-22,IdealGasReactor,off,0.6318423300200694,0.0,0.0,0.28788282193142034,0.02167368565418846,0.00722170292175046,5.350605861217779e-12,0.051379459467220806,0.0,0.003065619191832039,4.5706021366612406e-11,0.5354739267637376,5.752700812213739e-09,1.0198553220438571e-07,1.1425368255958686e-07,9.369112560462708e-06,0.46055991655080475,5.072893823643938e-05,4.886905154662415e-05,0.0006793618942122379,5.346439621652223e-06,2.991189024841177e-13,1.8236252587969709e-09,0.00010663819590226397,0.0,0.0,0.0,0.0,0.0,0.0,0.0,0.0,0.0,0.0,0.0,0.0,-2.99423790925684e-07,5.988475817178523e-07,1.9961586048013359e-07,1.5469642587789641e-16,-3.992317211484559e-07,0.0,1.4225166888636694e-15,-8.442578803058994e-22,-1.5969043891551984e-17,-1.7572584814113037e-21,-2.1295890601630806e-17,-1.8412378690940354e-19,1.8622648002651333e-19,1.4346411929169226e-15,1.1270941691210212e-22,1.742605129280171e-17,-2.044732737185887e-20,-3.3852366568732658e-21,2.489683542871972e-23,3.927044629138134e-23,-1.4185553650092194e-15,3.941444401698094e-07,2.99423790925684e-07,5.733501498548228e-07,-5.988453166533823e-07,-5.105629187360195e-07,2.0574209246076827e-10,1.3198320148490967e-07,8.969911763077568e-08,8.788223913376797e-08,8.969911763077568e-08,1.99493553027812e-07,1.99493553027812e-07,-1.5469642587789641e-16,3.9898710779518213e-07,-2.428003302477622e-16,4.1368939634470245e-19,-1.7120100023633223e-15,3.9898710446628627e-07,1.3555054649254256e-13,7.97850379444105e-12,9.720833470460226e-11,-3.2588429725813724e-11,-1.5233350949226511e-19,3.987247353981664e-07,7.97850379444105e-12,9.720833470460226e-11,-1.929426313962674e-07,2.6237048667523144e-10,-1.9935348999346046e-07,-6.673229083866183e-09,-6.673229084052409e-09,-2.1498696428110842e-16,5.089905747113156e-09,1.5358796088773876e-20,-2.265064469936297e-12,5.087280978646533e-09,2.740231439902218e-12,6.319685167039299e-13,1.5174180036443624e-12,3.819994344010797e-21,2.149870035515547e-16
3.0869999999999993,548,101325.00000000003,2.771e-08,0.066,0.29999999999999993,0.6339999999999998,0.22000000000000003,548.0,1e-11,1e-22,IdealGasReactor,off,0.6318362902463881,0.0,0.0,0.2878513930967316,0.021730832407762312,0.007240751866929876,5.36537476399435e-12,0.051340732376822816,0.0,0.0030648263682214617,4.566912546675646e-11,0.535633364428631,5.7513949323602476e-09,1.0222716851928629e-07,1.1430540676762307e-07,9.375779693084745e-06,0.46040203094267157,5.070531455622006e-05,4.8819577274902334e-05,0.0006787345920572121,5.344766176174537e-06,2.9884826550784296e-13,1.8240146195164088e-09,0.00010657407676562351,0.0,0.0,0.0,0.0,0.0,0.0,0.0,0.0,0.0,0.0,0.0,0.0,-2.992363047787538e-07,5.984726094180903e-07,1.99490869718072e-07,1.546431633745634e-16,-3.9898173962932594e-07,0.0,4.552913258610491e-14,-2.4968806782269875e-21,-1.0976394224407505e-17,-4.586649098265643e-21,-1.5311920466634394e-17,-2.3653395052076337e-19,2.3990305715569185e-19,4.555220409268328e-14,1.7903327743397064e-21,2.748359480370335e-17,-2.5843392236079704e-20,5.385669570756194e-21,-9.762726628366175e-22,-8.32274761967178e-23,-4.554113612435106e-14,3.9390092112969854e-07,2.992363047787538e-07,5.729398457334488e-07,-5.984703470497026e-07,-5.102492831448778e-07,2.0548605390886087e-10,1.3196103567522231e-07,8.961560641306299e-08,8.782138475173796e-08,8.961560641306299e-08,1.9936871685170396e-07,1.9936871685170396e-07,-1.546431633745634e-16,3.987374354413872e-07,-2.424718437999369e-16,4.1319983552131074e-19,-1.7106263419244846e-15,3.9873738799656167e-07,1.3546572357217727e-13,7.967425671994223e-12,9.709654171872505e-11,-3.2526872809958e-11,-1.521406952629564e-19,3.9847530284794945e-07,7.967425671994223e-12,9.709654171872505e-11,-1.9282015255870478e-07,2.6213068974834273e-10,-1.99228739028327e-07,-6.670717159367203e-09,-6.670717159607106e-09,-2.1485505875190826e-16,5.083440231869765e-09,1.5340514049337848e-20,-2.262368387743709e-12,5.080818499627396e-09,2.7367498552738244e-12,6.315109377035656e-13,1.5156249911877683e-12,3.815525018905233e-21,2.1485497552443206e-16
3.095999999999999,548,101325.0,2.771e-08,0.066,0.29999999999999993,0.6339999999999998,0.22000000000000003,548.0,1e-11,1e-22,IdealGasReactor,off,0.6318302543718329,0.0,0.0,0.2878199845517081,0.0217879422688292,0.007259788514589142,5.380138312421919e-12,0.05130203028766046,0.0,0.0030640331714972113,4.5632250357378784e-11,0.5357928000283311,5.750088690776498e-09,1.0246848065505864e-07,1.1435693144801329e-07,9.382435044636496e-06,0.46024414731874147,5.068168875506083e-05,4.8770139902552375e-05,0.0006781077154713092,5.34309240316851e-06,2.9857781497605336e-13,1.8244040322491051e-09,0.00010650996401787125,0.0,0.0,0.0,0.0,0.0,0.0,0.0,0.0,0.0,0.0,0.0,0.0,-2.990488406850419e-07,5.980976812666967e-07,1.993658936714468e-07,1.5458990174602882e-16,-3.987317874552568e-07,0.0,6.9418228908992745e-15,-5.243879105723454e-21,2.0164505620849377e-17,3.795128568664251e-20,-5.1069310455856276e-17,-2.0381730293306602e-19,1.7100387521369996e-19,6.848220089003562e-15,-1.2920541982981077e-21,-2.1845108333850277e-17,2.3961444463112544e-20,-2.4505225646883445e-21,-3.1647137869379932e-21,1.5593611105904166e-22,-6.868553139200832e-15,3.9365742555519216e-07,2.990488406850419e-07,5.725296276902543e-07,-5.98095421592079e-07,-5.099356818576927e-07,2.0523025456141374e-10,1.319388272271869e-07,8.953212658161212e-08,8.776053973988946e-08,8.953212658161212e-08,1.9924389522006247e-07,1.9924389522006247e-07,-1.5458990174602882e-16,3.9848779217652744e-07,-2.421437108939672e-16,4.127107155370178e-19,-1.7092431635643976e-15,3.9848778343731794e-07,1.3538091053450473e-13,7.95635906842764e-12,9.698484421911755e-11,-3.246541584811992e-11,-1.5194807343759937e-19,3.9822589931470205e-07,7.95635906842764e-12,9.698484421911755e-11,-1.9269768841528694e-07,2.618909911690285e-10,-1.9910400268024495e-07,-6.668205256159847e-09,-6.668205256330851e-09,-2.1472280249812838e-16,5.076980598478904e-09,1.5322247689069543e-20,-2.2596746176374795e-12,5.074361900064648e-09,2.7332714389711077e-12,6.310534075458395e-13,1.5138334686855882e-12,3.811059311110152e-21,2.1472295843423944e-16
3.104999999999999,548,101324.99999999999,2.771e-08,0.066,0.29999999999999993,0.6339999999999998,0.22000000000000003,548.0,1e-11,1e-22,IdealGasReactor,off,0.6318242223957352,0.0,0.0,0.2877885962928716,0.021845015243713788,0.007278812866836857,5.394896507001056e-12,0.05126335319544766,0.0,0.003063239602589099,4.559539605062864e-11,0.5359522335523955,5.748782088855724e-09,1.0270946870919892e-07,1.144082567628736e-07,9.389078618858644e-06,0.4600862656883408,5.0658060853734265e-05,4.872073943524428e-05,0.0006774812645617471,5.341418303553719e-06,2.983075508987664e-13,1.8247934966396178e-09,0.00010644585770647472,0.0,0.0,0.0,0.0,0.0,0.0,0.0,0.0,0.0,0.0,0.0,0.0,-2.988613988568976e-07,5.977227977327519e-07,1.9924093243175768e-07,1.5453664099540674e-16,-3.9848186508157287e-07,0.0,1.4278883033123294e-14,-3.625861123398521e-21,-2.105249109999599e-17,1.0777721829135592e-21,-1.7373333962455344e-16,3.7862372742267225e-19,-3.643747141908338e-19,1.4169268362107133e-14,-6.68633434360697e-21,4.22423396053069e-17,-3.2606529774496404e-20,-1.940927608567395e-21,3.2538648263033776e-21,-1.3312810848242903e-22,-1.4147980145260045e-14,3.9341395390057095e-07,2.988613988568976e-07,5.721194961744042e-07,-5.977205407495917e-07,-5.096221152309074e-07,2.0497469442353123e-10,1.3191657618808054e-07,8.944867822027106e-08,8.769970416565988e-08,8.944867822027106e-08,1.991190882742685e-07,1.991190882742685e-07,-1.5453664099540674e-16,3.982381782833549e-07,-2.4181593136151234e-16,4.1222203637168606e-19,-1.7078604680813895e-15,3.9823816222472885e-07,1.352961074755895e-13,7.945303982201236e-12,9.68732422200603e-11,-3.240405873248711e-11,-1.517556439433995e-19,3.9797652498159574e-07,7.945303982201236e-12,9.68732422200603e-11,-1.9257523905727807e-07,2.616513911132627e-10,-1.9897928104065865e-07,-6.665693374479597e-09,-6.665693374115222e-09,-2.145910855661079e-16,5.070526847979858e-09,1.5303997011422166e-20,-2.256983160127188e-12,5.067911181001931e-09,2.729796191554001e-12,6.305959268086936e-13,1.5120434366099935e-12,3.80659722206579e-21,2.145909524379994e-16
3.1139999999999994,548,101325.0,2.771e-08,0.066,0.29999999999999993,0.6339999999999998,0.22000000000000003,548.0,1e-11,1e-22,IdealGasReactor,off,0.6318181943174237,0.0,0.0,0.28775722831672856,0.021902051338768255,0.007297824925790166,5.409649348234053e-12,0.0512247010958797,0.0,0.0030624456616105355,4.555856254639537e-11,0.5361116648491147,5.7474751264676126e-09,1.0295013275206197e-07,1.144593828536561e-07,9.395710420286432e-06,0.4599283862030831,5.063443085958837e-05,4.8671375865630905e-05,0.0006768552392543425,5.339743878393687e-06,2.9803747326295067e-13,1.8251830129019443e-09,0.00010638175788338818,0.0,0.0,0.0,0.0,0.0,0.0,0.0,0.0,0.0,0.0,0.0,0.0,-2.986739793471335e-07,5.973479585888708e-07,1.9911598610142004e-07,1.5448338117365077e-16,-3.9823197236305314e-07,0.0,-4.534807607755108e-15,-8.563278415849605e-24,-2.4831044333679673e-18,-4.115204827011925e-21,-4.911414665535654e-17,3.552509120343739e-19,-3.522606541199947e-19,-4.577819636414216e-15,2.8338300028045872e-21,3.215484812412925e-18,-7.74459117223031e-21,-5.714267069092884e-22,6.315807365113894e-21,2.242174777735103e-22,4.580327008982755e-15,3.9317050602228655e-07,2.986739793471335e-07,5.717094513316221e-07,-5.973457042948564e-07,-5.093085833506087e-07,2.0471937339101e-10,1.3189428253552384e-07,8.936526136536376e-08,8.76388780499472e-08,8.936526136536376e-08,1.9899429604998066e-07,1.9899429604998066e-07,-1.5448338117365077e-16,3.9798859383319884e-07,-2.4148850505542066e-16,4.117337978610508e-19,-1.7064782563482246e-15,3.97988596523291e-07,1.3521131441966064e-13,7.934260407529134e-12,9.676173568412589e-11,-3.234280133756058e-11,-1.5156340671378632e-19,3.9772718005318916e-07,7.934260407529134e-12,9.676173568412589e-11,-1.9245280458477364e-07,2.6141188977482595e-10,-1.988545742116482e-07,-6.663181516646403e-09,-6.663181516294143e-09,-2.1445873335937695e-16,5.064078978702038e-09,1.5285762011657718e-20,-2.254294014514132e-12,5.061466340766592e-09,2.726324112121264e-12,6.301384957344007e-13,1.5102548946231204e-12,3.80213875113824e-21,2.1445895757685473e-16
3.1229999999999993,548,101325.00000000003,2.771e-08,0.066,0.29999999999999993,0.6339999999999998,0.22000000000000003,548.0,1e-11,1e-22,IdealGasReactor,off,0.6318121701362245,0.0,0.0,0.28772588061977167,0.021959050560369894,0.007316824693574844,5.424396836625281e-12,0.051186073984634824,0.0,0.0030616513493935725,4.552174985529363e-11,0.5362710938908573,5.746167804821252e-09,1.031904728788441e-07,1.1451030988062321e-07,9.402330452788742e-06,0.4597705088896059,5.061079879177416e-05,4.8622049197713553e-05,0.0006762296396332709,5.338069128626837e-06,2.977675820754406e-13,1.8255725807495024e-09,0.00010631766459659052,0.0,0.0,0.0,0.0,0.0,0.0,0.0,0.0,0.0,0.0,0.0,0.0,-2.984865823486413e-07,5.969731645516304e-07,1.989910547732203e-07,1.5443012228969533e-16,-3.9798210968680136e-07,0.0,-3.816085598594137e-15,2.1479683296876587e-22,5.581852244143882e-18,-4.222070725794963e-21,-8.738838916822617e-18,-1.5108950196648582e-19,1.5105724192259625e-19,-3.839085453133486e-15,-1.4766284650226095e-22,-8.46196321111569e-18,1.0250239791359381e-20,-4.874678747351561e-22,1.6276266901520638e-21,1.0315006808280462e-22,3.833467003926516e-15,3.929270823067486e-07,2.984865823486413e-07,5.712994935737019e-07,-5.969709129444493e-07,-5.089950865401076e-07,2.044642914550186e-10,1.3187194630849855e-07,8.9281876094812e-08,8.757806145448317e-08,8.9281876094812e-08,1.988695186756257e-07,1.988695186756257e-07,-1.5443012228969533e-16,3.977390390829171e-07,-2.4116143180925623e-16,4.1124599996636643e-19,-1.7050965291704791e-15,3.9773904103590496e-07,1.3512653145398054e-13,7.92322834232501e-12,9.665032461904626e-11,-3.228164355340863e-11,-1.5137136167633542e-19,3.9747786471510663e-07,7.92322834232501e-12,9.665032461904626e-11,-1.9233038509007007e-07,2.611724873313274e-10,-1.9872988228588895e-07,-6.660669683150236e-09,-6.660669683301293e-09,-2.1432687084356865e-16,5.0576369913459155e-09,1.5267542692186253e-20,-2.2516071811541857e-12,5.055027380052782e-09,2.7228552010447905e-12,6.296811148597781e-13,1.508467843093737e-12,3.797683899502864e-21,2.1432697399363673e-16
3.1319999999999992,548,101324.99999999997,2.771e-08,0.066,0.29999999999999993,0.6339999999999998,0.22000000000000003,548.0,1e-11,1e-22,IdealGasReactor,off,0.6318061498514607,0.0,0.0,0.28769455319847936,0.022016012914921904,0.007335812172325235,5.439138972681065e-12,0.05114747185737371,0.0,0.00306085666641278,4.548495798254207e-11,0.5364305205881666,5.744860124458905e-09,1.0343048917288969e-07,1.1456103799511479e-07,9.40893872058841e-06,0.4596126338368206,5.058716466356592e-05,4.8572759429765955e-05,0.000675604465702984,5.3363940552545245e-06,2.9749787733282707e-13,1.8259622001454397e-09,0.0001062535778959958,0.0,0.0,0.0,0.0,0.0,0.0,0.0,0.0,0.0,0.0,0.0,0.0,-2.9829920798437283e-07,5.965984156588418e-07,1.9886613854461868e-07,1.5437686437341183e-16,-3.977322771694102e-07,0.0,6.255570756533858e-15,1.3943620533635835e-21,3.365606082282357e-17,-1.1867359418604548e-20,1.5577867636248563e-16,-1.2249419906277268e-18,1.228627907437263e-18,6.335674242147946e-15,-9.676391420310583e-21,-4.034437573029053e-17,5.811055278697258e-20,-2.064415334263905e-20,-6.204347619172614e-21,-7.70862212282956e-22,-6.369562327771396e-15,3.9268368287105095e-07,2.9829920798437283e-07,5.70889623179482e-07,-5.96596166736182e-07,-5.086816250043465e-07,2.0420944855868924e-10,1.3184956751554374e-07,8.919852246568654e-08,8.751725442060972e-08,8.919852246568654e-08,1.9874475623333337e-07,1.9874475623333337e-07,-1.5437686437341183e-16,3.9748951419676457e-07,-2.40834711465605e-16,4.1075864258545894e-19,-1.7037152873855531e-15,3.974895059766226e-07,1.350417586343542e-13,7.912207782635429e-12,9.653900900984535e-11,-3.222058526237218e-11,-1.5117950876120843e-19,3.9722857916221697e-07,7.912207782635429e-12,9.653900900984535e-11,-1.9220798066922663e-07,2.609331839679375e-10,-1.9860520536065443e-07,-6.658157875392047e-09,-6.6581578766206745e-09,-2.1419577264264635e-16,5.051200885406181e-09,1.5249339051815886e-20,-2.2489226598717136e-12,5.048594298359238e-09,2.719389458053453e-12,6.292237845745018e-13,1.5066822820344262e-12,3.7932326674229785e-21,2.1419500178043406e-16
3.140999999999999,548,101324.99999999997,2.771e-08,0.066,0.29999999999999993,0.6339999999999998,0.22000000000000003,548.0,1e-11,1e-22,IdealGasReactor,off,0.6318001334624531,0.0,0.0,0.2876632460493154,0.022072938408854645,0.00735478736418424,5.453875756909502e-12,0.05110889470973869,0.0,0.003060061613600312,4.544818694015514e-11,0.5365899449309037,5.743552086776647e-09,1.0367018173377295e-07,1.1461156736065339e-07,9.415535227494124e-06,0.4594547610537509,5.056352849575327e-05,4.85235065672515e-05,0.0006749797175683324,5.334718659195698e-06,2.9722835904414845e-13,1.8263518707326439e-09,0.00010618949782888843,0.0,0.0,0.0,0.0,0.0,0.0,0.0,0.0,0.0,0.0,0.0,0.0,-2.9811185646628435e-07,5.962237127810929e-07,1.9874123750685878e-07,1.543236074278116e-16,-3.9748247518527423e-07,0.0,4.571955938340285e-16,-5.1559672918328804e-23,-1.7264427697041702e-17,7.94232503417142e-22,-2.9720268536785263e-18,-2.6469779601696886e-21,2.7710550520526427e-21,4.715781520670412e-16,-1.4110298718574042e-21,-1.3168181440686127e-19,-2.2033284839664302e-20,4.435756034815611e-23,-8.017154168443773e-23,4.4699381519086006e-24,-4.541901551391562e-16,3.924403080885928e-07,2.9811185646628435e-07,5.704798405970074e-07,-5.962214665406417e-07,-5.083681990991637e-07,2.0395484470556157e-10,1.3182714620436243e-07,8.911520056146344e-08,8.745645701563466e-08,8.911520056146344e-08,1.9862000886425984e-07,1.9862000886425984e-07,-1.543236074278116e-16,3.972400194570365e-07,-2.4050834385450355e-16,4.102717256955243e-19,-1.7023345317866624e-15,3.97240017102618e-07,1.349569960566934e-13,7.901198726847672e-12,9.642778887016877e-11,-3.215962635665396e-11,-1.509878478946676e-19,3.969793235769491e-07,7.901198726847672e-12,9.642778887016877e-11,-1.92085591413252e-07,2.606939798590698e-10,-1.9848054352699984e-07,-6.655646093606774e-09,-6.655646093609545e-09,-2.1406303662411119e-16,5.044770661882943e-09,1.523115109387894e-20,-2.2462404511586722e-12,5.04216709668141e-09,2.715926883681537e-12,6.287665054553978e-13,1.5048982119051028e-12,3.788785056307145e-21,2.1406304109404934e-16
3.1499999999999995,548,101325.00000000004,2.771e-08,0.066,0.29999999999999993,0.6339999999999998,0.22000000000000003,548.0,1e-11,1e-22,IdealGasReactor,off,0.6317941209685192,0.0,0.0,0.2876319591687317,0.022129827048618527,0.007373750271303509,5.468607189821507e-12,0.051070342537358364,0.0,0.0030592661910001993,4.541143672685162e-11,0.5367493667546269,5.742243691511393e-09,1.0390955063090087e-07,1.1466189811802217e-07,9.422119978166146e-06,0.4592968907048301,5.053989029452044e-05,4.847429060151228e-05,0.0006743553951373313,5.33304294153114e-06,2.9695902719361823e-13,1.8267415927768398e-09,0.0001061254244476094,0.0,0.0,0.0,0.0,0.0,0.0,0.0,0.0,0.0,0.0,0.0,0.0,-2.979245278330621e-07,5.958490554915594e-07,1.9861635176313326e-07,1.5427035150815762e-16,-3.9723270366880533e-07,0.0,8.144310114195906e-15,-2.1575872049100287e-21,5.8923965302539255e-18,5.278223664664702e-21,2.0337366942694158e-17,1.053497228147536e-19,-1.0678818989998332e-19,8.15298257021421e-15,6.421927959119277e-21,-5.79571562257711e-18,-7.976432368808522e-22,2.412627352875759e-21,-5.3042555603516954e-21,2.4211176866854556e-22,-8.158918365970717e-15,3.921969578957315e-07,2.979245278330621e-07,5.700701459444693e-07,-5.958468119310052e-07,-5.080548088865374e-07,2.0370047978069053e-10,1.3180468234674333e-07,8.903191041402224e-08,8.739566925628426e-08,8.903191041402224e-08,1.9849527659460336e-07,1.9849527659460336e-07,-1.5427035150815762e-16,3.9699055491615476e-07,-2.40182328829307e-16,4.097852491177114e-19,-1.700954263249945e-15,3.9699054488195884e-07,1.3487224373879905e-13,7.890201168750089e-12,9.631666415759362e-11,-3.2098766709334197e-11,-1.507963790099398e-19,3.96730098165678e-07,7.890201168750089e-12,9.631666415759362e-11,-1.9196321742283612e-07,2.6045487519918506e-10,-1.9835589688793265e-07,-6.6531343402971465e-09,-6.653134340190358e-09,-2.1393084985350276e-16,5.038346318828316e-09,1.5212978812834464e-20,-2.2435605541978492e-12,5.03574577307381e-09,2.71246747688048e-12,6.283092777146932e-13,1.5031156322879148e-12,3.784341065316614e-21,2.1393109196527143e-16
3.1589999999999994,548,101324.99999999997,2.771e-08,0.066,0.29999999999999993,0.6339999999999998,0.22000000000000003,548.0,1e-11,1e-22,IdealGasReactor,off,0.6317881123689743,0.0,0.0,0.28760069255316356,0.022186678840696087,0.0073927008958430684,5.4833332719290186e-12,0.05103181533583975,0.0,0.003058470399608648,4.5374707355517326e-11,0.5369087860601891,5.740934940177706e-09,1.0414859596676914e-07,1.1471203043304367e-07,9.428692976385439e-06,0.45913902278801133,5.051625008170152e-05,4.842511153890942e-05,0.0006737314985275768,5.331366903169229e-06,2.9668988179154643e-13,1.8271313658766283e-09,0.0001060613577990158,0.0,0.0,0.0,0.0,0.0,0.0,0.0,0.0,0.0,0.0,0.0,0.0,-2.977372223087527e-07,5.954744444350713e-07,1.9849148140370607e-07,1.54217096613739e-16,-3.9698296299501675e-07,0.0,-1.2127759220721818e-14,1.5051271742487863e-21,-1.3749912434076859e-17,-7.929356637883783e-22,2.812276439826365e-17,-1.7152417181899582e-20,2.0645600908711018e-20,-1.2066178211538201e-14,5.8993676133262516e-21,1.9555749734837662e-17,-2.2038237623971642e-20,-4.287483910015481e-21,4.487747778233027e-21,-4.784495732821045e-23,1.2080018902466892e-14,3.919536326663e-07,2.977372223087527e-07,5.69660539692704e-07,-5.954722035521017e-07,-5.077414547428401e-07,2.0344635379524243e-10,1.3178217599597097e-07,8.894865211031799e-08,8.73348912133857e-08,8.894865211031799e-08,1.9837055957353706e-07,1.9837055957353706e-07,-1.54217096613739e-16,3.9674112087243915e-07,-2.398566662176045e-16,4.092992128389631e-19,-1.6995744825604407e-15,3.9674113105903075e-07,1.3478750178203024e-13,7.879215107020507e-12,9.620563488942212e-11,-3.203800621399188e-11,-1.5060510203232916e-19,3.9648090310885126e-07,7.879215107020507e-12,9.620563488942212e-11,-1.9184085878816997e-07,2.602158701605885e-10,-1.9823126553354897e-07,-6.650622615536094e-09,-6.650622615556739e-09,-2.1379920240465372e-16,5.031927857417374e-09,1.519482221258429e-20,-2.240882969565071e-12,5.029330328716767e-09,2.709011238284179e-12,6.278521019545309e-13,1.5013345436989307e-12,3.77990069600371e-21,2.137991545596964e-16
3.1679999999999993,548,101324.99999999999,2.771e-08,0.066,0.29999999999999993,0.6339999999999998,0.22000000000000003,548.0,1e-11,1e-22,IdealGasReactor,off,0.6317821076631306,0.0,0.0,0.2875694461990325,0.022243493791593568,0.007411639239971559,5.498054003746236e-12,0.05099331310077367,0.0,0.0030576742396872833,4.5337998828052225e-11,0.5370682027206759,5.739625832917789e-09,1.0438731781917778e-07,1.1476196445273323e-07,9.435254226639549e-06,0.458981157429932,5.049260786704758e-05,4.837596937412433e-05,0.0006731080276939418,5.329690545152526e-06,2.9642092282775307e-13,1.8275211901463204e-09,0.00010599729793417731,0.0,0.0,0.0,0.0,0.0,0.0,0.0,0.0,0.0,0.0,0.0,0.0,-2.975499399741229e-07,5.950998797441446e-07,1.9836662652876388e-07,1.5416384278711007e-16,-3.9673325317826976e-07,0.0,-3.916984338633359e-15,-5.62881407721857e-22,1.547048282616494e-17,6.712766615747294e-21,5.0041647732599996e-17,1.1202010727438122e-19,-1.098859812939944e-19,-3.900361384872304e-15,-1.1708492164424312e-21,-1.7862781362387387e-17,1.9432820844769733e-20,-1.371568853189489e-22,1.8737860516907e-21,-3.484949598260461e-23,3.884778125951996e-15,3.9171033241591074e-07,2.975499399741229e-07,5.692510220397421e-07,-5.950976415364478e-07,-5.074281368013951e-07,2.0319246666243197e-10,1.3175962714251727e-07,8.886542569462826e-08,8.727412291593476e-08,8.886542569462826e-08,1.982458578551765e-07,1.982458578551765e-07,-1.5416384278711007e-16,3.964917174341483e-07,-2.3953135586624966e-16,4.0881361671725963e-19,-1.6981951905718764e-15,3.964917194565487e-07,1.347027702231571e-13,7.868240536535099e-12,9.609470103661452e-11,-3.19773447484297e-11,-1.5041401689291374e-19,3.962317386068384e-07,7.868240536535099e-12,9.609470103661452e-11,-1.9171851560748842e-07,2.599769649321971e-10,-1.9810664956383382e-07,-6.648110921275471e-09,-6.648110921165585e-09,-2.1366726378822907e-16,5.025515276410246e-09,1.5176681289696197e-20,-2.2382076967543738e-12,5.0229207623589875e-09,2.7055581672177877e-12,6.273949784755229e-13,1.499554945928632e-12,3.775463948062946e-21,2.1366722893873308e-16
3.176999999999999,548,101325.00000000003,2.771e-08,0.066,0.29999999999999993,0.6339999999999998,0.22000000000000003,548.0,1e-11,1e-22,IdealGasReactor,off,0.6317761068502978,0.0,0.0,0.2875382201027474,0.022300271907840657,0.007430565305866265,5.51276938578968e-12,0.05095483582773508,0.0,0.0030568777121102557,4.5301311155434806e-11,0.5372276167156881,5.738316371017449e-09,1.0462571628729312e-07,1.1481170034038534e-07,9.441803732857082e-06,0.458823294649951,5.046896367037256e-05,4.8326864111461894e-05,0.0006724849827256159,5.3280138684118685e-06,2.961521503086474e-13,1.8279110652702708e-09,0.00010593324490057232,0.0,0.0,0.0,0.0,0.0,0.0,0.0,0.0,0.0,0.0,0.0,0.0,-2.9736268102902215e-07,5.947253619071586e-07,1.982417872300694e-07,1.5411059003475634e-16,-3.9648357460236394e-07,0.0,5.13269916096092e-16,-8.070784117034425e-23,1.1498476390111624e-17,2.6887936520987908e-22,-3.1418569596030135e-18,2.779326858178173e-21,-2.780154038790726e-21,4.981622513381154e-16,1.1617561871819041e-21,-3.194768724245356e-19,1.452372201353059e-20,-1.0799876872645468e-22,8.922507637722588e-23,9.93093591620078e-24,-5.097438932472634e-16,3.914670575276124e-07,2.9736268102902215e-07,5.688415934101432e-07,-5.947231263724224e-07,-5.071148553975822e-07,2.029388183762751e-10,1.3173703582933256e-07,8.878223124657372e-08,8.721336442768164e-08,8.878223124657372e-08,1.98121171572649e-07,1.98121171572649e-07,-1.5411059003475634e-16,3.962423448675235e-07,-2.3920639760529297e-16,4.083284607166918e-19,-1.6968163880782809e-15,3.9624234249302503e-07,1.3461804915263595e-13,7.857277455300405e-12,9.598386260840774e-11,-3.191678220358672e-11,-1.5022312351751897e-19,3.9598260484308053e-07,7.857277455300405e-12,9.598386260840774e-11,-1.915961879721688e-07,2.597381596883963e-10,-1.97982049070381e-07,-6.645599257900589e-09,-6.645599257897809e-09,-2.135353053194697e-16,5.019108576550705e-09,1.5158556046786933e-20,-2.2355347361519987e-12,5.016517074751571e-09,2.7021082640838985e-12,6.269379078287166e-13,1.4977768393657546e-12,3.771030822720674e-21,2.1353531525040562e-16
3.185999999999999,548,101324.99999999997,2.771e-08,0.066,0.29999999999999993,0.6339999999999998,0.22000000000000003,548.0,1e-11,1e-22,IdealGasReactor,off,0.6317701099297832,0.0,0.0,0.2875070142607003,0.022357013195998296,0.007449479095712836,5.5274794185769965e-12,0.050916383512277855,0.0,0.0030560808173234295,4.52646443422298e-11,0.5373870279501765,5.737006554961734e-09,1.04863791455945e-07,1.148612382484236e-07,9.44834149938453e-06,0.45866543454261127,5.044531750444716e-05,4.827779574840489e-05,0.0006718623636167724,5.3263368739571425e-06,2.958835642286401e-13,1.8283009912342265e-09,0.00010586919874815209,0.0,0.0,0.0,0.0,0.0,0.0,0.0,0.0,0.0,0.0,0.0,0.0,-2.9717544558973145e-07,5.943508909283143e-07,1.981169636051893e-07,1.5405733838844142e-16,-3.962339273274531e-07,0.0,5.887295449003473e-15,4.684516766854228e-22,1.401406277540294e-17,-4.538756914433619e-21,9.71930072909315e-17,2.6975352392089296e-19,-2.736520261478554e-19,5.947675686413961e-15,9.744320901813212e-22,-2.2891970644522536e-17,1.9245107593218274e-20,7.751612917810991e-21,2.840422160620783e-21,-2.509061184270617e-22,-5.961789501058882e-15,3.912238080622287e-07,2.9717544558973145e-07,5.684322540693063e-07,-5.943486580642268e-07,-5.068016107249734e-07,2.026854088735917e-10,1.3171440206274922e-07,8.869906882087576e-08,8.715261578797596e-08,8.869906882087576e-08,1.9799650080362932e-07,1.9799650080362932e-07,-1.5405733838844142e-16,3.959930033279107e-07,-2.388817912759396e-16,4.0784374472599986e-19,-1.6954380759138056e-15,3.9599299550552303e-07,1.3453333862324467e-13,7.846325859103156e-12,9.587311958698339e-11,-3.18563184612332e-11,-1.5003242183529607e-19,3.957335020126993e-07,7.846325859103156e-12,9.587311958698339e-11,-1.9147387597829487e-07,2.594994546132189e-10,-1.978574641505722e-07,-6.643087626894425e-09,-6.643087626620773e-09,-2.1340366448806557e-16,5.01270775717137e-09,1.514044648219021e-20,-2.2328640875123336e-12,5.010119265224425e-09,2.698661528520638e-12,6.264808903893109e-13,1.496000223975318e-12,3.766601320118094e-21,2.1340341358194714e-16
3.1949999999999994,548,101324.99999999999,2.771e-08,0.066,0.29999999999999993,0.6339999999999998,0.22000000000000003,548.0,1e-11,1e-22,IdealGasReactor,off,0.6317641169008908,0.0,0.0,0.2874758286692718,0.02241371766264702,0.007468380611705659,5.542184102628708e-12,0.050877956149942435,0.0,0.003055283556006205,4.522799839643744e-11,0.5375464363697272,5.735696385671772e-09,1.0510154341861197e-07,1.1491057833568738e-07,9.454867530365651e-06,0.45850757716153134,5.042166938587232e-05,4.8228764286061325e-05,0.0006712401704122937,5.324659562755626e-06,2.956151645883013e-13,1.8286909678597982e-09,0.00010580515952546552,0.0,0.0,0.0,0.0,0.0,0.0,0.0,0.0,0.0,0.0,0.0,0.0,-2.9698823381778925e-07,5.939764674610334e-07,1.97992155748419e-07,1.5400408786616861e-16,-3.95984311658933e-07,0.0,-1.3537202278645056e-15,2.400457398126258e-22,-3.50603647313089e-18,2.8646639740492403e-21,2.0514714466025527e-17,-1.2342858228271258e-19,1.2345339770108917e-19,-1.3252104190401835e-15,3.751434724318998e-22,4.5685402047136055e-18,-5.8734124992008954e-21,-1.823364564008296e-21,-7.776471649433748e-22,-9.263026700051185e-23,1.3287408943437555e-15,3.9098058432507094e-07,2.9698823381778925e-07,5.680230043686235e-07,-5.939742372652824e-07,-5.06488403053943e-07,2.0243223812168804e-10,1.3169172586914227e-07,8.861593848563549e-08,8.70918770493721e-08,8.861593848563549e-08,1.9787184565582276e-07,1.9787184565582276e-07,-1.5400408786616861e-16,3.957436930307313e-07,-2.3855753671270777e-16,4.0735946867388676e-19,-1.6940602548888368e-15,3.957436924828528e-07,1.3444863870816607e-13,7.835385744908801e-12,9.57624719689864e-11,-3.179595340813475e-11,-1.498419117732323e-19,3.95484430304227e-07,7.835385744908801e-12,9.57624719689864e-11,-1.9135157971927675e-07,2.592608498849076e-10,-1.9773289489853414e-07,-6.64057602914226e-09,-6.640576029265713e-09,-2.1327161668380005e-16,5.0063128183582405e-09,1.5122352596522204e-20,-2.230195750926685e-12,5.003727333862096e-09,2.6952179605717636e-12,6.260239266275917e-13,1.4942250999479549e-12,3.762175440974306e-21,2.1327152405353305e-16
3.2039999999999993,548,101325.0,2.771e-08,0.066,0.29999999999999993,0.6339999999999998,0.22000000000000003,548.0,1e-11,1e-22,IdealGasReactor,off,0.6317581277629222,0.0,0.0,0.28744466332482727,0.02247038531439606,0.007487269856047567,5.556883438466852e-12,0.05083955373624994,0.0,0.003054485928513879,4.519137332119638e-11,0.5377058418633998,5.73438586346246e-09,1.0533897225793526e-07,1.1495972075272878e-07,9.46138183025663e-06,0.4583497226172594,5.039801932592039e-05,4.817976972037344e-05,0.0006706184030850856,5.322981935833825e-06,2.953469513790207e-13,1.8290809951978594e-09,0.00010574112728293785,0.0,0.0,0.0,0.0,0.0,0.0,0.0,0.0,0.0,0.0,0.0,0.0,-2.968010458115342e-07,5.936020918287329e-07,1.9786736375827514e-07,1.5395083850508276e-16,-3.957347277143171e-07,0.0,6.23925283124851e-14,-1.1337293877591435e-20,2.442172662231636e-17,1.5493841695475543e-19,-3.5950989957228693e-16,1.1774287362426809e-18,-1.0582419361411402e-18,6.207774800601327e-14,4.7027223676040547e-20,6.807429049079569e-17,1.0981968688764547e-20,1.2406209923435163e-19,3.439307036920839e-20,-3.3334330550561113e-21,-6.210245761671918e-14,3.907373864346425e-07,2.968010458115342e-07,5.676138445391956e-07,-5.935998642990069e-07,-5.061752325475983e-07,2.021793060446228e-10,1.3166900724720028e-07,8.853284029012462e-08,8.703114824597083e-08,8.853284029012462e-08,1.9774720619500867e-07,1.9774720619500867e-07,-1.5395083850508276e-16,3.954944141074989e-07,-2.382336337584469e-16,4.0687563243195116e-19,-1.6926829258438987e-15,3.954943501582875e-07,1.343639494520954e-13,7.824457108004053e-12,9.56519197305983e-11,-3.173568692415279e-11,-1.4965159326076562e-19,3.952353899150562e-07,7.824457108004053e-12,9.56519197305983e-11,-1.912292992919196e-07,2.5902234568891417e-10,-1.9760834141270542e-07,-6.638064466355546e-09,-6.638064465297304e-09,-2.131429801723807e-16,4.999923759131988e-09,1.5104274387157923e-20,-2.2275297260082247e-12,4.99734127967462e-09,2.691777559702831e-12,6.255670168808704e-13,1.492451467153744e-12,3.7577531851868256e-21,2.1313964673932565e-16
3.212999999999999,548,101324.99999999997,2.771e-08,0.066,0.29999999999999993,0.6339999999999998,0.22000000000000003,548.0,1e-11,1e-22,IdealGasReactor,off,0.6317521425151763,0.0,0.0,0.28741351822371813,0.02252701615787911,0.00750614683094996,5.571577426615608e-12,0.05080117626670482,0.0,0.003053687935778166,4.515476912819163e-11,0.5378652444203581,5.733074989725172e-09,1.0557607807630545e-07,1.1500866566587244e-07,9.4678844030171e-06,0.4581918709195232,5.0374367345332656e-05,4.8130812056328765e-05,0.0006699970617344167,5.32130399411664e-06,2.950789246080327e-13,1.8294710728920061e-09,0.00010567710206762268,0.0,0.0,0.0,0.0,0.0,0.0,0.0,0.0,0.0,0.0,0.0,0.0,-2.966138817811641e-07,5.932277633557657e-07,1.9774258772608806e-07,1.5389759030842902e-16,-3.954851756064881e-07,0.0,1.5417278988996504e-14,-1.3988542612379279e-21,4.450842230884736e-19,9.229899622185632e-21,5.266469701200975e-17,-1.2088748344094968e-19,1.2135235894520448e-19,1.547023664525734e-14,-1.0517570186611028e-21,8.657814453749347e-19,1.0981802081341365e-21,1.5365396866055335e-21,-6.495211198243508e-22,-2.554409788946977e-22,-1.5470689535845096e-14,3.9049421450294136e-07,2.966138817811641e-07,5.672047750246767e-07,-5.932255384897525e-07,-5.058620995590602e-07,2.019266126422311e-10,1.31646246244945e-07,8.84497743167933e-08,8.69704294445255e-08,8.84497743167933e-08,1.976225825611567e-07,1.976225825611567e-07,-1.5389759030842902e-16,3.9524516683826175e-07,-2.379100822403954e-16,4.0639223597166976e-19,-1.6913060895639855e-15,3.952451494981801e-07,1.342792709501383e-13,7.813539946610926e-12,9.554146288392093e-11,-3.167551890145874e-11,-1.4946146622251302e-19,3.9498638102667245e-07,7.813539946610926e-12,9.554146288392093e-11,-1.911070347872926e-07,2.5878394219721017e-10,-1.9748380378389132e-07,-6.635552938795476e-09,-6.635552938916828e-09,-2.1300803723597126e-16,4.993540580345521e-09,1.5086211857152877e-20,-2.2248660132073102e-12,4.990961103546745e-09,2.6883403263895015e-12,6.251101617216923e-13,1.4906793260240258e-12,3.7533345540923746e-21,2.1300778179499236e-16
3.221999999999999,548,101325.0,2.771e-08,0.066,0.29999999999999993,0.6339999999999998,0.22000000000000003,548.0,1e-11,1e-22,IdealGasReactor,off,0.6317461611569493,0.0,0.0,0.2873823933622818,0.022583610199756122,0.007525011538632736,5.5862660676010204e-12,0.05076282373679382,0.0,0.003052889578110701,4.5118185819827766e-11,0.5380246439220511,5.7317637646923775e-09,1.0581286095624004e-07,1.150574132249683e-07,9.474375253163498e-06,0.45803402218653844,5.035071345464838e-05,4.8081891289055936e-05,0.0006693761463221132,5.319625738637349e-06,2.948110842649128e-13,1.8298612010250365e-09,0.00010561308393011798,0.0,0.0,0.0,0.0,0.0,0.0,0.0,0.0,0.0,0.0,0.0,0.0,-2.9642674181617384e-07,5.928534836101858e-07,1.9761782775044835e-07,1.538443433159298e-16,-3.9523565565055074e-07,0.0,1.1652898154239676e-14,2.3307520010592854e-21,2.4036774315407062e-18,-1.7395618602558038e-20,-1.3166703648594472e-16,-3.7677084285055347e-19,3.798330654782248e-19,1.1516643891713868e-14,-9.149523313373425e-21,-1.7865827902106852e-18,3.451876596920461e-21,-2.9071779616059003e-21,4.685934884846646e-21,-3.612372301504492e-22,-1.151904936798695e-14,3.902510688462294e-07,2.9642674181617384e-07,5.667957960391406e-07,-5.928512614055738e-07,-5.055490042363134e-07,2.0167415783193597e-10,1.316234428574462e-07,8.836674061214593e-08,8.690972067653631e-08,8.836674061214593e-08,1.9749797481418982e-07,1.9749797481418982e-07,-1.538443433159298e-16,3.949959513427553e-07,-2.375868820016907e-16,4.059092791554875e-19,-1.6899297468909186e-15,3.949959379578871e-07,1.341946032430107e-13,7.80263425575312e-12,9.543110140204476e-11,-3.161544921898845e-11,-1.4927153058775883e-19,3.9473740383734104e-07,7.80263425575312e-12,9.543110140204476e-11,-1.9098478630217435e-07,2.585456395954504e-10,-1.9735928211085597e-07,-6.633041448274005e-09,-6.633041448653838e-09,-2.128762905254487e-16,4.987163280869401e-09,1.50681650033811e-20,-2.2222046120638636e-12,4.984586804321332e-09,2.68490626000648e-12,6.246533614685497e-13,1.4889086763794111e-12,3.748919547460915e-21,2.1287592928821856e-16
3.2309999999999994,548,101325.00000000003,2.771e-08,0.066,0.29999999999999993,0.6339999999999998,0.22000000000000003,548.0,1e-11,1e-22,IdealGasReactor,off,0.6317401836875344,0.0,0.0,0.2873512887368418,0.02264016744671184,0.007543863981324347,5.60094936195122e-12,0.050724496141986784,0.0,0.0030520908563411303,4.508162340619465e-11,0.5381840403397687,5.730452189563555e-09,1.0604932099765663e-07,1.1510596359416641e-07,9.480854384774122e-06,0.4578761764460344,5.032705767292085e-05,4.803300742182236e-05,0.000668755656923631,5.317947170338671e-06,2.945434303535639e-13,1.8302513793132245e-09,0.00010554907291801912,0.0,0.0,0.0,0.0,0.0,0.0,0.0,0.0,0.0,0.0,0.0,0.0,-2.962396261065108e-07,5.924792522638868e-07,1.9749308392360959e-07,1.537910975368827e-16,-3.949861677898912e-07,0.0,3.179040522622893e-14,2.7648550247355732e-21,-3.8046037111058166e-17,-4.287473187530116e-20,-2.048966346661048e-16,-3.4654235454541563e-19,3.487881499084971e-19,3.1374273971657525e-14,-9.213410292944467e-21,-2.494059475329923e-16,-4.09356371405948e-20,3.08160967327802e-21,1.037761246928493e-20,-2.162270183721371e-22,-3.133595472069656e-14,3.9000794940736907e-07,2.962396261065108e-07,5.663869079875959e-07,-5.924770327183639e-07,-5.052359468980369e-07,2.0142194159921001e-10,1.3160059712409362e-07,8.828373925248937e-08,8.684902200283016e-08,8.828373925248937e-08,1.9737338308065987e-07,1.9737338308065987e-07,-1.537910975368827e-16,3.947467678741231e-07,-2.372640328716076e-16,4.0542676193560235e-19,-1.6885538986171825e-15,3.947467346332445e-07,1.3410994641670116e-13,7.791740033090075e-12,9.532083529031034e-11,-3.15554777667398e-11,-1.4908178628152908e-19,3.9448845853114196e-07,7.791740033090075e-12,9.532083529031034e-11,-1.9086255392830486e-07,2.5830743805726e-10,-1.9723477648555458e-07,-6.6305299953047324e-09,-6.630529995653521e-09,-2.1274430558690975e-16,4.980791861225321e-09,1.5050133827818984e-20,-2.219545522869283e-12,4.9782183825221395e-09,2.681475360835591e-12,6.241966166512384e-13,1.4871395185444454e-12,3.744508166354594e-21,2.1274408935989138e-16
3.2399999999999993,548,101325.0,2.771e-08,0.066,0.29999999999999993,0.6339999999999998,0.22000000000000003,548.0,1e-11,1e-22,IdealGasReactor,off,0.6317342101062225,0.0,0.0,0.28732020434370703,0.022696687905458115,0.0075627041612616915,5.615627310196075e-12,0.0506861934777353,0.0,0.003051291770630376,4.5045081887358616e-11,0.5383434335286589,5.729140264288317e-09,1.0628545827787176e-07,1.1515431692001759e-07,9.487321802544851e-06,0.45771833384271743,5.030340000820114e-05,4.7984160447244487e-05,0.0006681355934661118,5.316268290284079e-06,2.942759628588537e-13,1.83064160794676e-09,0.00010548506908271016,0.0,0.0,0.0,0.0,0.0,0.0,0.0,0.0,0.0,0.0,0.0,0.0,-2.960525347120983e-07,5.921050692704913e-07,1.9736835634658356e-07,1.5373785301991707e-16,-3.9473671284737434e-07,0.0,5.162615785631513e-16,3.543668584406032e-24,-6.623662529136211e-20,2.065131113896052e-22,-3.324604317973129e-20,4.235164736271502e-21,-4.3203643393644635e-21,5.167030746345729e-16,3.036162803304837e-23,4.0223975693317785e-19,-1.0240500022374317e-22,1.861673366127158e-22,-2.497959584194487e-22,-2.3438006592392855e-24,-5.166358355007228e-16,3.897648570108962e-07,2.960525347120983e-07,5.659781110274759e-07,-5.921028523817463e-07,-5.049229276421731e-07,2.0116996384074014e-10,1.315777090271845e-07,8.820077027542337e-08,8.678833344625506e-08,8.820077027542337e-08,1.972488074008401e-07,1.972488074008401e-07,-1.5373785301991707e-16,3.9449761651292845e-07,-2.369415346963081e-16,4.049446841469707e-19,-1.6871785455963548e-15,3.944976141312395e-07,1.3402530049857425e-13,7.780857272838496e-12,9.521066451204606e-11,-3.149560442045915e-11,-1.488922332337975e-19,3.942395453101042e-07,7.780857272838496e-12,9.521066451204606e-11,-1.907403377644814e-07,2.580693377711308e-10,-1.9711028700881235e-07,-6.628018582102154e-09,-6.628018582097834e-09,-2.1261226440008913e-16,4.974426319741874e-09,1.5032118325791978e-20,-2.2168887449343128e-12,4.971855836478156e-09,2.678047627972674e-12,6.237399275258816e-13,1.4853718521860617e-12,3.740100410151348e-21,2.1261226205628847e-16
3.248999999999999,548,101324.99999999996,2.771e-08,0.066,0.29999999999999993,0.6339999999999998,0.22000000000000003,548.0,1e-11,1e-22,IdealGasReactor,off,0.6317282404123015,0.0,0.0,0.28728914017917273,0.022753171582730724,0.007581532080690232,5.63029991286765e-12,0.050647915739474615,0.0,0.0030504923219914983,4.5008561276077085e-11,0.5385028234916572,5.727827990408364e-09,1.0652127290460284e-07,1.152024733721384e-07,9.493777510416343e-06,0.45756049437244384,5.0279740482547835e-05,4.793535037138737e-05,0.0006675159560642526,5.314589099383547e-06,2.94008681789389e-13,1.831031886512722e-09,0.00010542107247069763,0.0,0.0,0.0,0.0,0.0,0.0,0.0,0.0,0.0,0.0,0.0,0.0,-2.958654678580897e-07,5.917309355948583e-07,1.972436451088833e-07,1.5368460976361223e-16,-3.944872903735016e-07,0.0,-9.671704660693898e-15,-5.955332436127457e-22,-3.531108468202469e-18,1.1736695713787206e-20,-3.238249309000553e-17,4.536920223730846e-20,-4.465617254928775e-20,-9.701976023424546e-15,3.825520299621129e-21,-1.487745341901351e-18,-4.449986934084504e-21,-7.568185616977358e-22,2.1855957443053968e-21,3.904215549208862e-23,9.705512079147024e-15,3.895217912062163e-07,2.958654678580897e-07,5.655694056305888e-07,-5.917287213605795e-07,-5.046099468471285e-07,2.0091822456540294e-10,1.3155477862186057e-07,8.811783376759225e-08,8.672765507791615e-08,8.811783376759225e-08,1.9712424792465468e-07,1.9712424792465468e-07,-1.5368460976361223e-16,3.942484975589903e-07,-2.3661938729968997e-16,4.0446304577236577e-19,-1.6858036886018541e-15,3.942485053975986e-07,1.3394066559049933e-13,7.769985973558674e-12,9.51005890837241e-11,-3.143582907407039e-11,-1.487028713677942e-19,3.9399066435318063e-07,7.769985973558674e-12,9.51005890837241e-11,-1.9061813790017425e-07,2.5783133890588557e-10,-1.9698581376997815e-07,-6.62550720870906e-09,-6.6255072086644036e-09,-2.1248040850172573e-16,4.9680666575107776e-09,1.501411850102457e-20,-2.2142342788087875e-12,4.965499167285315e-09,2.6746230620093825e-12,6.232832946961985e-13,1.483605677801667e-12,3.735696280355226e-21,2.1248044754388122e-16
3.257999999999999,548,101324.99999999999,2.771e-08,0.066,0.29999999999999993,0.6339999999999998,0.22000000000000003,548.0,1e-11,1e-22,IdealGasReactor,off,0.6317222746050568,0.0,0.0,0.28725809623952037,0.022809618485291484,0.007600347741863915,5.644967170499912e-12,0.05060966292262245,0.0,0.003049692510885724,4.497206157682194e-11,0.5386622101358837,5.726515368433217e-09,1.067567649663965e-07,1.1525043310570688e-07,9.500221512844861e-06,0.45740265812757563,5.02560791089379e-05,4.788657719150992e-05,0.0006668967447101441,5.312909598647019e-06,2.9374158713799617e-13,1.831422214989248e-09,0.00010535708313159961,0.0,0.0,0.0,0.0,0.0,0.0,0.0,0.0,0.0,0.0,0.0,0.0,-2.956784256623317e-07,5.913568511874667e-07,1.971189503073744e-07,1.5363136779899746e-16,-3.9423790079473223e-07,0.0,-7.794155839109831e-15,4.67180019317534e-22,-1.2176861940800964e-17,1.3749761952358487e-20,-1.6527095108589095e-17,1.5243946072617236e-19,-1.5271077596708976e-19,-7.784084508179136e-15,7.315033210515969e-22,1.4104793021380554e-17,-1.2423771355580576e-20,3.573575342593933e-21,-5.268480016090457e-22,-7.212839828146508e-23,7.79634094888426e-15,3.892787524205051e-07,2.956784256623317e-07,5.651607920643536e-07,-5.913546396053425e-07,-5.042970047091535e-07,2.0066672370870484e-10,1.3153180591616799e-07,8.803492978368023e-08,8.666698693755996e-08,8.803492978368023e-08,1.9699970473080376e-07,1.9699970473080376e-07,-1.5363136779899746e-16,3.9399941116972713e-07,-2.362975905194551e-16,4.03981846697674e-19,-1.6844293284571419e-15,3.939994170920613e-07,1.3385604174595103e-13,7.759126130966164e-12,9.499060898710124e-11,-3.137615160973358e-11,-1.4851370061075671e-19,3.937418158540778e-07,7.759126130966164e-12,9.499060898710124e-11,-1.904959544307978e-07,2.5759344164254956e-10,-1.9686135686573157e-07,-6.6229958765765904e-09,-6.62299587642388e-09,-2.1234871803948484e-16,4.96171287381629e-09,1.4996134351748765e-20,-2.2115821242320716e-12,4.959148374227166e-09,2.6712016625574227e-12,6.228267185400135e-13,1.4818409953453616e-12,3.731295777079412e-21,2.1234864591108656e-16
3.2669999999999995,548,101324.99999999999,2.771e-08,0.066,0.29999999999999993,0.6339999999999998,0.22000000000000003,548.0,1e-11,1e-22,IdealGasReactor,off,0.6317163126837716,0.0,0.0,0.28722707252101637,0.022866028619929413,0.007619151147045115,5.6596290836285226e-12,0.050571435022578055,0.0,0.0030488923378558016,4.493558279525335e-11,0.5388215933824718,5.725202399024712e-09,1.0699193455519515e-07,1.1529819627837347e-07,9.506653814228733e-06,0.4572448251863586,5.023241590168806e-05,4.7837840906119154e-05,0.0006662779594133827,5.311229789070583e-06,2.934746788996193e-13,1.8318125932972191e-09,0.00010529310111455337,0.0,0.0,0.0,0.0,0.0,0.0,0.0,0.0,0.0,0.0,0.0,0.0,-2.954914082583168e-07,5.909828163628978e-07,1.9699427203779316e-07,1.535781271523544e-16,-3.939885442419005e-07,0.0,2.1844403826545946e-16,-3.762965304304766e-23,-1.2732938486863884e-17,2.611634938475913e-22,6.723324018831009e-20,1.402898318889935e-21,-1.372292636225473e-21,2.3133930259604466e-16,-1.0807569086886714e-21,-7.01928415290301e-20,-1.594138397154682e-20,1.9335346818427022e-22,-1.809448630225498e-22,1.1660214669829996e-23,-2.185161489244309e-16,3.890357407850594e-07,2.954914082583168e-07,5.64752270625944e-07,-5.909806074306167e-07,-5.03984101451119e-07,2.0041546121658902e-10,1.3150879092516204e-07,8.795205838297706e-08,8.660632906951207e-08,8.795205838297706e-08,1.9687517790839696e-07,1.9687517790839696e-07,-1.535781271523544e-16,3.9375035752334996e-07,-2.359761441909259e-16,4.035010868224341e-19,-1.6830554659773446e-15,3.9375035543187664e-07,1.3377142902547688e-13,7.748277741178298e-12,9.488072420889746e-11,-3.1316571911374654e-11,-1.4832472088913352e-19,3.9349300000423277e-07,7.748277741178298e-12,9.488072420889746e-11,-1.9037378745084343e-07,2.573556461600198e-10,-1.9673691639163316e-07,-6.6204845869497275e-09,-6.620484586948355e-09,-2.1221684559750918e-16,4.955364968199347e-09,1.4978165876975834e-20,-2.2089322810586283e-12,4.952803456841078e-09,2.6677834293664204e-12,6.223701994680536e-13,1.4800778048481979e-12,3.726898900633805e-21,2.1221685725772385e-16
3.2759999999999994,548,101324.99999999999,2.771e-08,0.066,0.29999999999999993,0.6339999999999998,0.22000000000000003,548.0,1e-11,1e-22,IdealGasReactor,off,0.6317103546477251,0.0,0.0,0.2871960690199153,0.02292240199345389,0.007637942298504866,5.6742856527918836e-12,0.05053323203472677,0.0,0.003048091803498938,4.489912493779632e-11,0.5389809731620037,5.72388908294565e-09,1.072267817652406e-07,1.1534576304953248e-07,9.51307441893207e-06,0.457086995617524,5.020875087600177e-05,4.7789141514517484e-05,0.0006656596001947772,5.309549671640281e-06,2.932079570704289e-13,1.8322030213192263e-09,0.00010522912646834004,0.0,0.0,0.0,0.0,0.0,0.0,0.0,0.0,0.0,0.0,0.0,0.0,-2.953044157899175e-07,5.906088314728394e-07,1.9686961039503822e-07,1.535248878467649e-16,-3.937392209609313e-07,0.0,3.907523453759839e-15,4.451986519682385e-22,-7.185843060481096e-18,-9.529175290053742e-22,-4.657696534097469e-17,-2.056701875051848e-19,2.1159445505228959e-19,3.878113382915845e-15,-4.203438643929685e-22,1.0094033014485415e-17,-1.1090797869277823e-20,9.77934279190817e-22,-5.841277521516456e-23,-1.9586684472562663e-22,-3.870878414342431e-15,3.887927565461016e-07,2.953044157899175e-07,5.64343841632114e-07,-5.906066251880901e-07,-5.036712373134631e-07,2.001644370417122e-10,1.314857336686054e-07,8.786921962778209e-08,8.654568152111228e-08,8.786921962778209e-08,1.967506675534118e-07,1.967506675534118e-07,-1.535248878467649e-16,3.9350133681181713e-07,-2.356550481475766e-16,4.030207660548653e-19,-1.6816821019710677e-15,3.935013310751856e-07,1.3368682749429098e-13,7.737440800569838e-12,9.477093473903631e-11,-3.1257089864072955e-11,-1.4813593212869093e-19,3.9324421699342844e-07,7.737440800569838e-12,9.477093473903631e-11,-1.9025163705410397e-07,2.5711795263555993e-10,-1.966124924424086e-07,-6.617973340934255e-09,-6.6179733411458495e-09,-2.1208527755799895e-16,4.949022940360467e-09,1.496021307621935e-20,-2.206284749217014e-12,4.946464414829707e-09,2.6643683622746056e-12,6.219137379127589e-13,1.4783161063908593e-12,3.722505651455534e-21,2.1208508169115422e-16
3.2849999999999993,548,101324.99999999999,2.771e-08,0.066,0.29999999999999993,0.6339999999999998,0.22000000000000003,548.0,1e-11,1e-22,IdealGasReactor,off,0.6317044004961948,0.0,0.0,0.28716508573245564,0.02297873861270476,0.0076567211985225075,5.688936878529606e-12,0.05049505395443345,0.0,0.0030472909084338813,4.486268801115959e-11,0.5391403494087244,5.722575420998525e-09,1.0746130669187394e-07,1.1539313357947689e-07,9.51948333131709e-06,0.45692916948611384,5.0185084047430726e-05,4.774047901629089e-05,0.0006650416670792274,5.307869247338801e-06,2.9294142164696823e-13,1.8325934989227485e-09,0.0001051651592415911,0.0,0.0,0.0,0.0,0.0,0.0,0.0,0.0,0.0,0.0,0.0,0.0,-2.951174484049913e-07,5.902348966602706e-07,1.967449654737057e-07,1.534716499040712e-16,-3.934899311112874e-07,0.0,5.345171539193259e-15,3.1507044936648675e-22,-3.4381111012127302e-18,-2.397435724953887e-21,-3.783484417148146e-18,5.585123495958043e-20,-6.590478812454993e-20,5.351883008059551e-15,-2.8887515844986796e-21,6.966824374610769e-18,-4.6511493426804444e-21,6.072022684022069e-22,-5.293007950380397e-22,-3.947226494015091e-23,-5.348418145962938e-15,3.885497998633346e-07,2.951174484049913e-07,5.639355054070733e-07,-5.902326930207419e-07,-5.033584125434075e-07,1.999136511391434e-10,1.3146263416814699e-07,8.77864135815145e-08,8.648504434085713e-08,8.77864135815145e-08,1.9662617376447042e-07,1.9662617376447042e-07,-1.534716499040712e-16,3.932523492323733e-07,-2.3533430222197897e-16,4.025408843062517e-19,-1.6803092372438494e-15,3.932523420235867e-07,1.336022372194044e-13,7.726615305606556e-12,9.466124056860971e-11,-3.119770535337315e-11,-1.479473342548277e-19,3.9299546701075923e-07,7.726615305606556e-12,9.466124056860971e-11,-1.9012950333412199e-07,2.568803612456362e-10,-1.9648808511245e-07,-6.615462139583711e-09,-6.615462139517806e-09,-2.11953358793909e-16,4.942686790061424e-09,1.494227594917411e-20,-2.203639528662402e-12,4.940131247952769e-09,2.660956461151288e-12,6.214573343148727e-13,1.4765559000717708e-12,3.71811603002704e-21,2.1195331932164405e-16
3.293999999999999,548,101324.99999999999,2.771e-08,0.066,0.29999999999999993,0.6339999999999998,0.22000000000000003,548.0,1e-11,1e-22,IdealGasReactor,off,0.6316984502284554,0.0,0.0,0.2871341226548626,0.023035038484546088,0.0076754878493858905,5.7035827613834445e-12,0.05045690077704646,0.0,0.0030464896532591207,4.4826272021710255e-11,0.539299722053311,5.721261413947733e-09,1.0769550943026279e-07,1.1544030802822307e-07,9.525880555777226e-06,0.45677134686076365,5.016141543118817e-05,4.769185341064817e-05,0.0006644241600865035,5.306188517152723e-06,2.926750726249695e-13,1.8329840259900124e-09,0.00010510119948301963,0.0,0.0,0.0,0.0,0.0,0.0,0.0,0.0,0.0,0.0,0.0,0.0,-2.949305062472782e-07,5.898610123440187e-07,1.9662033736851571e-07,1.534184133473233e-16,-3.932406748940949e-07,0.0,4.028019437579951e-16,1.6181728630232998e-23,-3.602432311152522e-18,-5.271983856346793e-22,-2.905958283792691e-18,-1.4902485915755347e-20,1.4838793008588763e-20,4.0355129163799057e-16,-5.970970738022961e-22,2.183129767383651e-20,-4.393308098459716e-21,1.900447457340581e-22,1.0098867590324291e-22,-2.122242467297883e-24,-3.999231724193952e-16,3.883068709382032e-07,2.949305062472782e-07,5.635272622671022e-07,-5.898588113473994e-07,-5.03045627381203e-07,1.996631034608706e-10,1.31439492443758e-07,8.770364030630808e-08,8.642441757603796e-08,8.770364030630808e-08,1.9650169663747096e-07,1.9650169663747096e-07,-1.534184133473233e-16,3.93003394976813e-07,-2.3501390624685475e-16,4.0206144148367464e-19,-1.6789368726019356e-15,3.9300339271797213e-07,1.3351765826597732e-13,7.715801252632079e-12,9.455164168727545e-11,-3.1138418264398835e-11,-1.477589271928827e-19,3.927467502457285e-07,7.715801252632079e-12,9.455164168727545e-11,-1.9000738638451477e-07,2.566428721668296e-10,-1.9636369449634884e-07,-6.61295098400095e-09,-6.612950984015789e-09,-2.1182157237871704e-16,4.936356516983601e-09,1.4924354495302553e-20,-2.2009966193158415e-12,4.933803955891677e-09,2.6575477258234272e-12,6.210009891063932e-13,1.4747971859663212e-12,3.7137300367717326e-21,2.1182157025647458e-16
3.3029999999999995,548,101324.99999999999,2.771e-08,0.066,0.29999999999999993,0.6339999999999998,0.22000000000000003,548.0,1e-11,1e-22,IdealGasReactor,off,0.6316925038437787,0.0,0.0,0.28710317978334804,0.0230913016158653,0.007694242253391406,5.71822330189743e-12,0.05041877249789833,0.0,0.003045688038522535,4.47898769750291e-11,0.5394590910174751,5.719947062462449e-09,1.0792939007410098e-07,1.154872865547545e-07,9.532266096770647e-06,0.4566135278191391,5.013774504165315e-05,4.76432646959514e-05,0.0006638070792246778,5.304507482078927e-06,2.9240890999857507e-13,1.8333746024397197e-09,0.00010503724724162617,0.0,0.0,0.0,0.0,0.0,0.0,0.0,0.0,0.0,0.0,0.0,0.0,-2.947435894505344e-07,5.894871787507631e-07,1.9649572617494716e-07,1.5336517820260742e-16,-3.9299145249859456e-07,0.0,-3.445186604855271e-16,-1.1407423297889639e-23,4.7386308691563985e-18,2.4762935540191943e-22,-3.0262369623028015e-18,-2.064642808932357e-21,1.9281580078611075e-21,-3.5224527186932367e-16,6.562022183796035e-22,1.0079661416560308e-19,5.9149096625284946e-21,7.899574849881414e-23,1.3893382921783906e-22,-9.986932714519828e-25,3.4747301534920146e-16,3.880639699604428e-07,2.947435894505344e-07,5.631191125093779e-07,-5.894849803947421e-07,-5.02732882050158e-07,1.9941279395185407e-10,1.314163085111178e-07,8.762089986128108e-08,8.636380127102676e-08,8.762089986128108e-08,1.9637723626168272e-07,1.9637723626168272e-07,-1.5336517820260742e-16,3.927544742236766e-07,-2.346938600559585e-16,4.015824374848582e-19,-1.6775650088556526e-15,3.927544727222454e-07,1.3343309069466577e-13,7.70499863771586e-12,9.444213808138326e-11,-3.107922848122536e-11,-1.4757071086842816e-19,3.9249806688919573e-07,7.70499863771586e-12,9.444213808138326e-11,-1.8988528629952325e-07,2.5640548557664797e-10,-1.9623932068937037e-07,-6.610439875423916e-09,-6.610439875425844e-09,-2.1168983559436185e-16,4.930032120632198e-09,1.490644871354026e-20,-2.1983560210205896e-12,4.92748253815175e-09,2.654142156023151e-12,6.2054470269827e-13,1.4730399640976666e-12,3.7093476719792455e-21,2.1168983459566858e-16
3.3119999999999994,548,101325.00000000003,2.771e-08,0.066,0.29999999999999993,0.6339999999999998,0.22000000000000003,548.0,1e-11,1e-22,IdealGasReactor,off,0.6316865613414342,0.0,0.0,0.28707225711410833,0.023147528013579055,0.007712984412843755,5.7328585006169635e-12,0.050380669112301824,0.0,0.003044886064701649,4.4753502875625323e-11,0.5396184562104587,5.718632367079806e-09,1.0816294871493806e-07,1.1553406931643006e-07,9.538639958833585e-06,0.4564557124514623,5.0114072892047516e-05,4.7594712869416694e-05,0.0006631904244859063,5.30282614312857e-06,2.9214293375983277e-13,1.8337652282413795e-09,0.00010497330256682474,0.0,0.0,0.0,0.0,0.0,0.0,0.0,0.0,0.0,0.0,0.0,0.0,-2.945566981347257e-07,5.891133959672126e-07,1.9637113198940746e-07,1.5331194450023067e-16,-3.927422639505067e-07,0.0,-1.8039504125200915e-14,-8.590405418127735e-21,5.403025518654385e-17,5.3737912231684326e-20,1.493045917883842e-16,6.619827180588374e-19,-6.706168292926659e-19,-1.8071543300286403e-14,4.916460657911509e-20,-1.2723801555075866e-16,4.942867974875642e-20,-1.0422475718168149e-21,6.784876646743386e-21,5.959543656156008e-22,1.8017073509837646e-14,3.878210969565079e-07,2.945566981347257e-07,5.627110564048146e-07,-5.891112002494791e-07,-5.02420176750186e-07,1.991627225475115e-10,1.3139308237991566e-07,8.753819230141433e-08,8.630319546616867e-08,8.753819230141433e-08,1.962527927172323e-07,1.962527927172323e-07,-1.5331194450023067e-16,3.925055871332101e-07,-2.343741634846612e-16,4.011038721948528e-19,-1.6761936468215144e-15,3.925056033526886e-07,1.3334853455991356e-13,7.694207456555517e-12,9.433272973277593e-11,-3.102013588648123e-11,-1.473826852074609e-19,3.9224941713396105e-07,7.694207456555517e-12,9.433272973277593e-11,-1.8976320317413507e-07,2.5616820165402027e-10,-1.961149637877448e-07,-6.6079288152723986e-09,-6.607928814601782e-09,-2.1155751647485542e-16,4.923713600282048e-09,1.4888558602106488e-20,-2.1957177335142e-12,4.921166993998799e-09,2.650739751354174e-12,6.200884754724199e-13,1.471284234417973e-12,3.704968935757155e-21,2.1155811242922103e-16
3.3209999999999993,548,101325.0,2.771e-08,0.066,0.29999999999999993,0.6339999999999998,0.22000000000000003,548.0,1e-11,1e-22,IdealGasReactor,off,0.6316806227206883,0.0,0.0,0.28704135464332764,0.023203717684625168,0.0077317143300562495,5.747488358090061e-12,0.050342590615555315,0.0,0.0030440837329092215,4.471714973732995e-11,0.5397778176530982,5.7173173295238084e-09,1.0839618546758628e-07,1.1558065648804148e-07,9.545002145942518e-06,0.45629790073557336,5.009039900599158e-05,4.754619793809351e-05,0.0006625741959999182,5.301144501189248e-06,2.918771439174993e-13,1.8341559029099715e-09,0.00010490936550404537,0.0,0.0,0.0,0.0,0.0,0.0,0.0,0.0,0.0,0.0,0.0,0.0,-2.943698325425247e-07,5.887396648425964e-07,1.9624655489904045e-07,1.5325871223271342e-16,-3.9249310995435154e-07,0.0,5.208406856598669e-15,-2.7897113190538537e-21,-3.1876626377380085e-18,2.400241022759729e-20,8.917488753310389e-17,-3.0808176478415005e-19,3.0580288219656646e-19,5.300308750161846e-15,5.1803208729737504e-21,-1.711081205696176e-19,-1.5138148379801997e-21,1.12646489793237e-21,-4.312991488508859e-21,6.838052510044452e-23,-5.2971215388375575e-15,3.875782526296121e-07,2.943698325425247e-07,5.623030944571925e-07,-5.887374717608389e-07,-5.021075118894269e-07,1.9891288926556837e-10,1.3136981411435562e-07,8.745551771791304e-08,8.624260023758102e-08,8.745551771791304e-08,1.9612836616563377e-07,1.9612836616563377e-07,-1.5325871223271342e-16,3.922567340284659e-07,-2.34054816350445e-16,4.00625745606713e-19,-1.6748227872499946e-15,3.922567268777044e-07,1.332639899714651e-13,7.683427708030679e-12,9.422341666236743e-11,-3.0961140376034136e-11,-1.4719485013018763e-19,3.9200080115426403e-07,7.683427708030679e-12,9.422341666236743e-11,-1.8964113709571556e-07,2.559310205619153e-10,-1.9599062387847625e-07,-6.6054178033248875e-09,-6.60541780363069e-09,-2.1142633555587186e-16,4.917400957218102e-09,1.4870684165390823e-20,-2.193081757444528e-12,4.914857324739447e-09,2.6473405125171484e-12,6.196323080683591e-13,1.4695299974896935e-12,3.700593829776659e-21,2.1142640393639696e-16
3.329999999999999,548,101325.0,2.771e-08,0.066,0.29999999999999993,0.6339999999999998,0.22000000000000003,548.0,1e-11,1e-22,IdealGasReactor,off,0.6316746879808046,0.0,0.0,0.28701047236717536,0.023259870635968887,0.007750432007350558,5.762112874866369e-12,0.050304537002938576,0.0,0.003043281043134877,4.468081755738067e-11,0.5399371751687533,5.716001949418849e-09,1.0862910040701734e-07,1.1562704821438263e-07,9.551352663107739e-06,0.4561400928481846,5.006672338870402e-05,4.749771989148123e-05,0.0006619583936513158,5.299462557367977e-06,2.9161154045011546e-13,1.8345466267649418e-09,0.00010484543610567659,0.0,0.0,0.0,0.0,0.0,0.0,0.0,0.0,0.0,0.0,0.0,0.0,-2.941829926991256e-07,5.883659852480559e-07,1.9612199500719848e-07,1.5320548145944373e-16,-3.9224399016388414e-07,0.0,-1.3953616116311683e-16,2.968221926796084e-26,4.193835959611105e-18,-1.0902977627021916e-21,-2.9802854249142557e-18,2.6999175193730823e-21,-2.7321775632626504e-21,-1.462621453947978e-16,6.888648463880984e-22,4.987035950112603e-19,5.215896404584654e-21,2.90547190159251e-23,1.979429427496217e-22,1.1788960220828525e-24,1.4203923373663884e-16,3.8733543663584634e-07,2.941829926991256e-07,5.618952267571678e-07,-5.883637947999641e-07,-5.017948875069856e-07,1.9866329397704097e-10,1.3134650368239067e-07,8.737287613760025e-08,8.618201559796309e-08,8.737287613760025e-08,1.960039566241435e-07,1.960039566241435e-07,-1.5320548145944373e-16,3.920079149439235e-07,-2.3373581850139117e-16,4.001480575206272e-19,-1.6734524310051592e-15,3.9200791324134343e-07,1.3317945694104562e-13,7.672659385342316e-12,9.411419882150525e-11,-3.090224182236485e-11,-1.4700720556646106e-19,3.917522191568136e-07,7.672659385342316e-12,9.411419882150525e-11,-1.895190881649339e-07,2.5569394249060536e-10,-1.9586630106470786e-07,-6.6029068422645805e-09,-6.602906842261848e-09,-2.1129470795935752e-16,4.911094189121235e-09,1.4852825396782897e-20,-2.190448091836808e-12,4.908553528037811e-09,2.6439444382542557e-12,6.191762006687966e-13,1.4677772527870862e-12,3.6962223529209354e-21,2.1129470913825354e-16
3.3389999999999995,548,101325.00000000003,2.771e-08,0.066,0.29999999999999993,0.6339999999999998,0.22000000000000003,548.0,1e-11,1e-22,IdealGasReactor,off,0.6316687571210444,0.0,0.0,0.2869796102818065,0.02331598687460166,0.007769137447056764,5.776732051497368e-12,0.0502665082697137,0.0,0.0030424779962005535,4.464450634524481e-11,0.5400965287270252,5.714686227944229e-09,1.0886169363826634e-07,1.1567324466298568e-07,9.55769151460059e-06,0.455982288818734,5.0043046059032024e-05,4.744927873199089e-05,0.0006613430175052139,5.297780312609695e-06,2.9134612335819795e-13,1.8349373995301358e-09,0.00010478151441889379,0.0,0.0,0.0,0.0,0.0,0.0,0.0,0.0,0.0,0.0,0.0,0.0,-2.939961787905639e-07,5.879923573857139e-07,1.9599745240511792e-07,1.5315225219029052e-16,-3.9199490494124483e-07,0.0,-1.3089474321132707e-14,4.761308405863851e-22,1.1279660730672277e-17,-4.268887345747489e-21,4.2345506373847423e-17,2.633478372572823e-19,-2.6508905244670644e-19,-1.3069088481406118e-14,7.221396001667861e-21,-1.0802442050197874e-17,1.4245735407492178e-20,1.3178021133735422e-22,-1.3341351661258324e-21,-2.4078715021713814e-22,1.3057731258767034e-14,3.87092649337009e-07,2.939961787905639e-07,5.614874537007965e-07,-5.87990169568977e-07,-5.014823039149166e-07,1.9841393666096075e-10,1.3132315112339418e-07,8.729026763481008e-08,8.612144160690476e-08,8.729026763481008e-08,1.9587956421671516e-07,1.9587956421671516e-07,-1.5315225219029052e-16,3.9175913012751184e-07,-2.3341716976229163e-16,3.9967080787853184e-19,-1.6720825788649267e-15,3.917591413493682e-07,1.330949355528783e-13,7.661902485867877e-12,9.400507621279015e-11,-3.084344011530591e-11,-1.4681975143861704e-19,3.915036713240274e-07,7.661902485867877e-12,9.400507621279015e-11,-1.893970564724941e-07,2.5545696760954063e-10,-1.9574199543750664e-07,-6.600395932623817e-09,-6.600395932358728e-09,-2.1116326896002284e-16,4.904793296333491e-09,1.4834982297770157e-20,-2.1878167369106027e-12,4.902255604235865e-09,2.6405515287477334e-12,6.18720153794155e-13,1.4660260005852407e-12,3.691854506124854e-21,2.1116302817287263e-16
3.3479999999999994,548,101324.99999999999,2.771e-08,0.066,0.29999999999999993,0.6339999999999998,0.22000000000000003,548.0,1e-11,1e-22,IdealGasReactor,off,0.6316628301406667,0.0,0.0,0.2869487683833632,0.0233720664075384,0.007787830651513441,5.791345888536781e-12,0.050228504411126855,0.0,0.003041674592771276,4.4608216108039145e-11,0.540255878269847,5.71337016598565e-09,1.0909396526138623e-07,1.1571924599746497e-07,9.564018704851487e-06,0.4558244887045235,5.001936703324521e-05,4.740087445952922e-05,0.0006607280675919184,5.296097767890512e-06,2.9108089263785114e-13,1.8353282210418e-09,0.00010471760049182543,0.0,0.0,0.0,0.0,0.0,0.0,0.0,0.0,0.0,0.0,0.0,0.0,-2.93809390972309e-07,5.876187817944187e-07,1.9587292718624954e-07,1.5309902444449146e-16,-3.917458545298755e-07,0.0,-2.842150099081581e-15,-4.004458673849129e-24,-2.0606444246660025e-18,1.0347792943279e-21,-2.9145344923836407e-18,5.158960044370723e-20,-5.1653293350873813e-20,-2.8407202098593036e-15,2.901099718911413e-22,2.2063373696004632e-18,-2.3820695319801385e-21,-9.197214435823976e-22,-7.5602787526977245e-22,7.051716679375682e-23,2.8427949585405747e-15,3.8684989097672023e-07,2.93809390972309e-07,5.610797756258984e-07,-5.87616596606726e-07,-5.011697613733879e-07,1.9816481727547115e-10,1.3129975646332216e-07,8.720769227476526e-08,8.60608783150764e-08,8.720769227476526e-08,1.9575518904702295e-07,1.9575518904702295e-07,-1.5309902444449146e-16,3.9151037978657114e-07,-2.3309886996192364e-16,3.991939965948149e-19,-1.6707132316221748e-15,3.915103807816678e-07,1.3301042587740684e-13,7.651157006174283e-12,9.389604882894876e-11,-3.0784735141426865e-11,-1.466324876701796e-19,3.912551578427811e-07,7.651157006174283e-12,9.389604882894876e-11,-1.8927504211090777e-07,2.55220096091733e-10,-1.9561770709015776e-07,-6.5978850753417885e-09,-6.597885075290135e-09,-2.1103129063892878e-16,4.8984982786756414e-09,1.481715486827347e-20,-2.1851876926546222e-12,4.895963553155255e-09,2.6371617838999293e-12,6.18264167900556e-13,1.4642762410042767e-12,3.6874902899260524e-21,2.1103136115609558e-16
3.3569999999999993,548,101324.99999999997,2.771e-08,0.066,0.29999999999999993,0.6339999999999998,0.22000000000000003,548.0,1e-11,1e-22,IdealGasReactor,off,0.6316569070389271,0.0,0.0,0.28691794666797305,0.023428109241820073,0.007806511623067556,5.8059543865401676e-12,0.05019052542240652,0.0,0.0030408708332678894,4.4571946849242805e-11,0.5404152236961404,5.712053763971977e-09,1.0932591536789028e-07,1.1576505237508045e-07,9.570334238524934e-06,0.4556666926061699,4.9995686323611534e-05,4.735250707014891e-05,0.0006601135438879629,5.294414924234603e-06,2.9081584827842217e-13,1.8357190913121471e-09,0.00010465369437409242,0.0,0.0,0.0,0.0,0.0,0.0,0.0,0.0,0.0,0.0,0.0,0.0,-2.9362262935246583e-07,5.872452585365659e-07,1.957484194475215e-07,1.5304579825584765e-16,-3.9149683902095634e-07,0.0,-5.719938412932811e-15,8.012832469457101e-22,1.3368242436975367e-17,-2.008968011096385e-20,1.5422987661843114e-17,-2.1636397846427034e-19,2.1819370197923764e-19,-5.731973306855945e-15,-3.779620257456889e-21,-1.3701695991908867e-17,1.8376323794431985e-20,2.2351971114831345e-21,5.109208934343918e-21,-3.428244052791498e-23,5.718517270990415e-15,3.8660716164713727e-07,2.9362262935246583e-07,5.6067219278026e-07,-5.872430759756072e-07,-5.008572600622387e-07,1.9791593574659506e-10,1.3127631970725153e-07,8.712515010863425e-08,8.60003257593364e-08,8.712515010863425e-08,1.9563083118731745e-07,1.9563083118731745e-07,-1.5304579825584765e-16,3.9126166406559944e-07,-2.327809189354059e-16,3.9871762354152653e-19,-1.6693443900936887e-15,3.9126166795355743e-07,1.3292592796372358e-13,7.640422941583554e-12,9.378711664748679e-11,-3.072612678224305e-11,-1.464454141865904e-19,3.910066789069243e-07,7.640422941583554e-12,9.378711664748679e-11,-1.8915304517553165e-07,2.5498332811587424e-10,-1.9549343611940743e-07,-6.59537427198984e-09,-6.595374272208034e-09,-2.1089974245175325e-16,4.892209135168623e-09,1.4799343105804392e-20,-2.182560958702046e-12,4.88967737381908e-09,2.6337752031835324e-12,6.178082433446059e-13,1.4625279739258037e-12,3.683129704251351e-21,2.1089970816931272e-16
3.365999999999999,548,101324.99999999999,2.771e-08,0.066,0.29999999999999993,0.6339999999999998,0.22000000000000003,548.0,1e-11,1e-22,IdealGasReactor,off,0.6316509878150783,0.0,0.0,0.2868871451317496,0.023484115384512838,0.007825180364074489,5.820557546065053e-12,0.05015257129876407,0.0,0.0030400667184882556,4.453569857784994e-11,0.5405745649711019,5.710737023036011e-09,1.0955754406336092e-07,1.1581066396364886e-07,9.576638119964443e-06,0.4555089005575478,4.99720039485627e-05,4.730417656571084e-05,0.0006594994464511815,5.292731782592564e-06,2.905509902790757e-13,1.836110010082467e-09,0.00010458979611292188,0.0,0.0,0.0,0.0,0.0,0.0,0.0,0.0,0.0,0.0,0.0,0.0,-2.934358941117848e-07,5.868717880431259e-07,1.9562392928032898e-07,1.5299257363571923e-16,-3.9124785871004853e-07,0.0,9.005444853076623e-16,-4.101110490169396e-22,-6.73730201798595e-20,2.5664983852551305e-21,2.7449584963433298e-17,1.6959187790807195e-19,-1.6883997073126124e-19,9.245624585603601e-16,-1.0946558048015497e-21,-3.6683280497345086e-18,-4.0929284450035944e-23,-3.9823576615599826e-22,-2.5510018447553974e-22,-1.480788616190487e-22,-9.244956661557395e-16,3.8636446164359677e-07,2.934358941117848e-07,5.602647055495008e-07,-5.868696081065908e-07,-5.005448002845339e-07,1.9766729204888884e-10,1.3125284089262586e-07,8.704264120897801e-08,8.593978399770652e-08,8.704264120897801e-08,1.9550649075804336e-07,1.9550649075804336e-07,-1.5299257363571923e-16,3.910129832055026e-07,-2.324633165071557e-16,3.98241688654338e-19,-1.667976055056339e-15,3.9101298043853205e-07,1.328414418936674e-13,7.629700289291932e-12,9.367827966896124e-11,-3.066761492709672e-11,-1.4625853090978394e-19,3.907582346991767e-07,7.629700289291932e-12,9.367827966896124e-11,-1.890310657571629e-07,2.5474666385100524e-10,-1.953691826164787e-07,-6.5928635231660684e-09,-6.5928635229972284e-09,-2.1076821742563487e-16,4.885925866040844e-09,1.4781547011513242e-20,-2.179936535222834e-12,4.883397066451745e-09,2.6303917867176926e-12,6.173523806353161e-13,1.460781199591317e-12,3.678772749949335e-21,2.1076806934677325e-16
3.3749999999999996,548,101325.0,2.771e-08,0.066,0.29999999999999993,0.6339999999999998,0.22000000000000003,548.0,1e-11,1e-22,IdealGasReactor,off,0.6316450724683715,0.0,0.0,0.28685636377079315,0.02354008484270824,0.007843836876898025,5.835155367670908e-12,0.05011464203539377,0.0,0.0030392622488416947,4.449947129709589e-11,0.5407339019914619,5.709419943584219e-09,1.097888514397505e-07,1.1585608092068005e-07,9.582930353874981e-06,0.45535111266148093,4.994831992016869e-05,4.725588294197925e-05,0.0006588857752543439,5.291048343991798e-06,2.902863186283933e-13,1.8365009773740424e-09,0.00010452590575795493,0.0,0.0,0.0,0.0,0.0,0.0,0.0,0.0,0.0,0.0,0.0,0.0,-2.93249185355792e-07,5.864983705140526e-07,1.9549945678165268e-07,1.529393506186494e-16,-3.9099891369401795e-07,0.0,-4.95694052254609e-15,-6.950787244376189e-22,1.0360756768450896e-17,2.8951177785898017e-21,4.4667753077863494e-17,7.157428404298838e-20,-7.127070875818142e-20,-4.934502351766805e-15,4.646291272168829e-22,-1.1800419231882032e-17,1.323354058364325e-20,-1.2191091265383091e-21,-2.60764267717864e-21,2.122809096471861e-22,4.924065098932283e-15,3.861217910640022e-07,2.93249185355792e-07,5.598573141762754e-07,-5.864961931996307e-07,-5.002323822157554e-07,1.9741888610609917e-10,1.3122932002363191e-07,8.696016562608498e-08,8.587925306628482e-08,8.696016562608498e-08,1.9538216782974336e-07,1.9538216782974336e-07,-1.529393506186494e-16,3.907643373473518e-07,-2.3214606251190845e-16,3.977661918020542e-19,-1.666608227325991e-15,3.9076434044105213e-07,1.3275696771517012e-13,7.618989044528884e-12,9.356953786984707e-11,-3.060919945730017e-11,-1.4607183776490118e-19,3.9050982541351155e-07,7.618989044528884e-12,9.356953786984707e-11,-1.889091039511793e-07,2.545101034754748e-10,-1.952449466781775e-07,-6.590352830473376e-09,-6.590352830402105e-09,-2.106362324870959e-16,4.8796484702519086e-09,1.4763766582739514e-20,-2.177314421824861e-12,4.877122630015751e-09,2.627011533942424e-12,6.168965801237283e-13,1.4590359178651965e-12,3.674419426902496e-21,2.1063644476800555e-16
3.3839999999999995,548,101324.99999999999,2.771e-08,0.066,0.29999999999999993,0.6339999999999998,0.22000000000000003,548.0,1e-11,1e-22,IdealGasReactor,off,0.6316391609980544,0.0,0.0,0.28682560258119,0.02359601762352252,0.007862481163910376,5.849747851919236e-12,0.050076737627473104,0.0,0.0030384574250813764,4.4463265015237577e-11,0.5408932347144358,5.7081025266649795e-09,1.1001983760186758e-07,1.1590130341336615e-07,9.589210944671692e-06,0.455193328959883,4.99246342561181e-05,4.720762620000545e-05,0.0006582725303442291,5.289364609392237e-06,2.900218333238658e-13,1.8368919929608132e-09,0.00010446202335663404,0.0,0.0,0.0,0.0,0.0,0.0,0.0,0.0,0.0,0.0,0.0,0.0,-2.9306250325620585e-07,5.861250063597433e-07,1.9537500204339611e-07,1.5288612921869977e-16,-3.9075000423887456e-07,0.0,2.3551312527245045e-16,-4.5347973840841093e-23,-6.4227713500838754e-21,2.2901964857026325e-21,-2.184286212732027e-19,-7.414185266435298e-20,7.370179257847477e-20,2.34418002661518e-16,2.7018614745919386e-22,-8.0968427847169105e-19,7.674963809624156e-22,8.83739086936341e-22,-2.53876237815103e-22,1.3682548347215897e-24,-2.344128243040883e-16,3.858791501743083e-07,2.9306250325620585e-07,5.594500190288027e-07,-5.861228316651247e-07,-4.999200061436653e-07,1.971707178861275e-10,1.312057571339782e-07,8.687772342971819e-08,8.581873302044755e-08,8.687772342971819e-08,1.95257862516869e-07,1.95257862516869e-07,-1.5288612921869977e-16,3.905157267200484e-07,-2.318291567746025e-16,3.9729113291133257e-19,-1.6652409076817998e-15,3.9051572464643414e-07,1.3267250550599846e-13,7.608289204228183e-12,9.346089124759334e-11,-3.055088026128616e-11,-1.4588533467385264e-19,3.902614512336882e-07,7.608289204228183e-12,9.346089124759334e-11,-1.8878715984876931e-07,2.542736471587524e-10,-1.9512072839623691e-07,-6.587842194626789e-09,-6.5878421947004905e-09,-2.1050483319243063e-16,4.873376947857563e-09,1.474600182013325e-20,-2.174694618604303e-12,4.870854064566238e-09,2.623634444885793e-12,6.164408422997115e-13,1.457292128939233e-12,3.6700697358318924e-21,2.1050483456068547e-16
3.3929999999999993,548,101325.00000000003,2.771e-08,0.066,0.29999999999999993,0.6339999999999998,0.22000000000000003,548.0,1e-11,1e-22,IdealGasReactor,off,0.6316332534033718,0.0,0.0,0.286794861559012,0.023651913734097443,0.007881113227492123,5.864334999373442e-12,0.05003885807016222,0.0,0.003037652247793778,4.4427079738034843e-11,0.5410525630678973,5.706784773015337e-09,1.1025050264900417e-07,1.1594633160454405e-07,9.595479896925755e-06,0.45503554952421565,4.990094697137056e-05,4.715940633819276e-05,0.0006576597117307119,5.287680579786607e-06,2.8975753435829055e-13,1.8372830567369181e-09,0.00010439814895740568,0.0,0.0,0.0,0.0,0.0,0.0,0.0,0.0,0.0,0.0,0.0,0.0,-2.9287584795237413e-07,5.857516961167156e-07,1.9525056515955392e-07,1.528329094598685e-16,-3.905011305423176e-07,0.0,3.3343281079768424e-14,1.519996902008954e-20,-2.855985670594917e-17,-6.764294480892045e-20,-3.6491809906138723e-16,-1.3658406274475593e-20,2.6009288154688615e-19,3.3048615509540505e-14,-3.478053278723811e-20,4.115911206080152e-17,4.565256652707043e-21,9.084459378575342e-21,-2.0871267110382438e-21,-2.9763917537259083e-22,-3.3019867199264876e-14,3.856365391727073e-07,2.9287584795237413e-07,5.590428204137763e-07,-5.857495240395901e-07,-4.996076723011998e-07,1.9692278733486855e-10,1.311821522431623e-07,8.679531468003294e-08,8.57582239061474e-08,8.679531468003294e-08,1.9513357491241166e-07,1.9513357491241166e-07,-1.528329094598685e-16,3.902671515095841e-07,-2.3151259912435973e-16,3.968165118797855e-19,-1.6638740969188917e-15,3.902671166233773e-07,1.3258805532933748e-13,7.597600764469894e-12,9.335233978922824e-11,-3.0492657224048356e-11,-1.456990215597779e-19,3.9001311234817045e-07,7.597600764469894e-12,9.335233978922824e-11,-1.8866523354279e-07,2.54037295074065e-10,-1.949965278647263e-07,-6.585331616763928e-09,-6.585331617024021e-09,-2.1037353646816132e-16,4.8671112983515454e-09,1.4728252722691553e-20,-2.1720771254136458e-12,4.864591369610276e-09,2.620260519280834e-12,6.159851675851516e-13,1.4555498328415798e-12,3.6657236770397206e-21,2.1037323882898594e-16
3.4019999999999992,548,101325.0,2.771e-08,0.066,0.29999999999999993,0.6339999999999998,0.22000000000000003,548.0,1e-11,1e-22,IdealGasReactor,off,0.6316273496835666,0.0,0.0,0.28676414070031786,0.02370777318160025,0.007899733070032226,5.878916810598846e-12,0.05000100335860408,0.0,0.003036846717303379,4.439091546738402e-11,0.5412118869331022,5.705466682879645e-09,1.1048084667069532e-07,1.1599116565051339e-07,9.601737215487409e-06,0.4548777744728848,4.987725807658544e-05,4.7111223350838695e-05,0.0006570473193664857,5.285996256222362e-06,2.8949342171744024e-13,1.8376741687866852e-09,0.00010433428261042591,0.0,0.0,0.0,0.0,0.0,0.0,0.0,0.0,0.0,0.0,0.0,0.0,-2.926892195329508e-07,5.853784388974409e-07,1.9512614622905814e-07,1.5277969138193632e-16,-3.9025229256050287e-07,0.0,-3.1501437327345473e-15,2.6144980036147065e-22,2.1213871675861626e-18,4.600787595026369e-21,1.5692661776425202e-17,1.1374064294849152e-19,-1.1459429334064624e-19,-3.1847412649580984e-15,-1.388488594320159e-21,-4.825408598503957e-17,1.9742280905711898e-21,-3.7336864899112287e-22,2.0470791339074792e-22,1.3466257133019622e-23,3.1826036092429415e-15,3.8539395801669846e-07,2.926892195329508e-07,5.5863571854134e-07,-5.853762694354992e-07,-4.992953808349834e-07,1.966750943639357e-10,1.311585053481532e-07,8.671293942213207e-08,8.569772575450227e-08,8.671293942213207e-08,1.9500930507568403e-07,1.9500930507568403e-07,-1.5277969138193632e-16,3.900186118345759e-07,-2.311963893973876e-16,3.9634232855998575e-19,-1.662507795859403e-15,3.900186131833294e-07,1.3250361722548855e-13,7.586923720009836e-12,9.324388346554321e-11,-3.043453022523413e-11,-1.4551289834808352e-19,3.8976480895332466e-07,7.586923720009836e-12,9.324388346554321e-11,-1.8854332513031725e-07,2.5380104740114717e-10,-1.9487234518165615e-07,-6.5828210987409e-09,-6.5828210986263055e-09,-2.1024164417385096e-16,4.86085152043509e-09,1.471051928684833e-20,-2.169461941726673e-12,4.858334543804426e-09,2.616889756403269e-12,6.155295562953398e-13,1.453809029346682e-12,3.661381250177426e-21,2.102416576401081e-16
3.4109999999999996,548,101324.99999999997,2.771e-08,0.066,0.29999999999999993,0.6339999999999998,0.22000000000000003,548.0,1e-11,1e-22,IdealGasReactor,off,0.6316214498378789,0.0,0.0,0.28673344000115186,0.023763595973223126,0.00791834069392804,5.893493286162756e-12,0.049963173487924686,0.0,0.003036040834202383,4.4354772209053404e-11,0.5413712062387964,5.704148257007133e-09,1.107108697676421e-07,1.1603580571477704e-07,9.607982904950722e-06,0.4547200038764747,4.985356758681956e-05,4.706307723632439e-05,0.0006564353532615994,5.2843116396920225e-06,2.8922949539382556e-13,1.8380653290018971e-09,0.00010427042436405037,0.0,0.0,0.0,0.0,0.0,0.0,0.0,0.0,0.0,0.0,0.0,0.0,-2.925026181380729e-07,5.850052362545509e-07,1.9500174534567014e-07,1.5272647500860572e-16,-3.900034906354337e-07,0.0,-3.022510756503478e-14,3.5197769953920364e-20,9.348278949411744e-17,-6.304113337597436e-19,-1.3024455053014953e-16,1.490222121795933e-18,-1.9508649428563007e-18,-3.056297537906675e-14,-2.5275818088542154e-19,-1.1380404219159646e-16,9.823996085481185e-20,-2.0485282966240584e-20,1.0297214149671249e-19,-6.850634590970086e-21,3.046914654174515e-14,3.851514070487812e-07,2.925026181380729e-07,5.582287137194298e-07,-5.850030694054835e-07,-4.989831319796391e-07,1.9642763891930336e-10,1.3113481646908053e-07,8.663059771633326e-08,8.563723861174263e-08,8.663059771633326e-08,1.9488505310026297e-07,1.9488505310026297e-07,-1.5272647500860572e-16,3.897701078820812e-07,-2.308805274218739e-16,3.9586858284947963e-19,-1.6611420052960144e-15,3.897701366106787e-07,1.3241919125803457e-13,7.576258066928272e-12,9.313552226368269e-11,-3.037649915002159e-11,-1.4532696496147195e-19,3.8951654123721974e-07,7.576258066928272e-12,9.313552226368269e-11,-1.884214347039883e-07,2.5356490431243877e-10,-1.9474818044089704e-07,-6.580310641681825e-09,-6.58031063973096e-09,-2.1011694173342492e-16,4.8545976135322946e-09,1.4692801511602944e-20,-2.1668490673967134e-12,4.852083586652514e-09,2.6135221559838197e-12,6.150740088538217e-13,1.4520697184828052e-12,3.6570424555471745e-21,2.1011009109883395e-16
3.4199999999999995,548,101324.99999999997,2.771e-08,0.066,0.29999999999999993,0.6339999999999998,0.22000000000000003,548.0,1e-11,1e-22,IdealGasReactor,off,0.6316155538655454,0.0,0.0,0.28670275945754514,0.023819382116182834,0.007936936101585289,5.9080644266345124e-12,0.049925368453233365,0.0,0.0030352345999593204,4.43186499816144e-11,0.5415305210686762,5.702829497777388e-09,1.1094057207210287e-07,1.1608025198499752e-07,9.61421696912616e-06,0.45456223764953385,4.9829875531401814e-05,4.7014968006542695e-05,0.0006558238136140757,5.282626731010173e-06,2.889657554025402e-13,1.8384565366370107e-09,0.00010420657426090224,0.0,0.0,0.0,0.0,0.0,0.0,0.0,0.0,0.0,0.0,0.0,0.0,-2.9231604407648745e-07,5.846320880004254e-07,1.9487736258907737e-07,1.5267326031111324e-16,-3.8975472533340227e-07,0.0,1.7200510289894027e-16,5.036986029132188e-23,-2.6776522036896e-18,-2.87998709031151e-22,-1.4219565602031567e-19,-1.3234889800848443e-21,1.2151283198403977e-21,1.7445450546107922e-16,-3.5110666607964934e-22,-1.1835303758700415e-19,-3.3136604922868535e-21,1.584050873039048e-22,-9.284226703325085e-23,1.5592258325315657e-24,-1.7175800243987718e-16,3.8490888683295754e-07,2.9231604407648745e-07,5.578218065762106e-07,-5.846299237619219e-07,-4.986709262548316e-07,1.9618042105925913e-10,1.3111108570122213e-07,8.654828967243343e-08,8.557676257303074e-08,8.654828967243343e-08,1.947608191913699e-07,1.947608191913699e-07,-1.5267326031111324e-16,3.895216400628492e-07,-2.3056501300145125e-16,3.953952747925692e-19,-1.6597767259258647e-15,3.8952163805561213e-07,1.323347775664179e-13,7.565603805631187e-12,9.302725622398216e-11,-3.0318563901456316e-11,-1.4514122131434352e-19,3.892683093614125e-07,7.565603805631187e-12,9.302725622398216e-11,-1.8829956234467484e-07,2.533288659576395e-10,-1.9462403372311962e-07,-6.577800244402529e-09,-6.577800244403744e-09,-2.0997853787333254e-16,4.848349580055084e-09,1.4675099404377677e-20,-2.164238503518326e-12,4.8458385004447335e-09,2.6101577192536225e-12,6.146185260372235e-13,1.4503319011109236e-12,3.65270729558531e-21,2.0997853943255838e-16
3.4289999999999994,548,101325.0,2.771e-08,0.066,0.29999999999999993,0.6339999999999998,0.22000000000000003,548.0,1e-11,1e-22,IdealGasReactor,off,0.6316096617658008,0.0,0.0,0.2866720990655143,0.02387513161772251,0.00795551929541804,5.922630232585226e-12,0.04988758824962165,0.0,0.003034428014198218,4.428254877658762e-11,0.5416898311798436,5.701510404129337e-09,1.1116995364985945e-07,1.1612450459925814e-07,9.620439413549561e-06,0.4544044760354918,4.980618190956187e-05,4.696689564478617e-05,0.0006552127002239132,5.280941531368144e-06,2.887022017104576e-13,1.8388477922867129e-09,0.00010414273235561217,0.0,0.0,0.0,0.0,0.0,0.0,0.0,0.0,0.0,0.0,0.0,0.0,-2.921294973013458e-07,5.842589944499695e-07,1.9475299806920015e-07,1.5262004737127653e-16,-3.8950599629994313e-07,0.0,3.6158711883525254e-16,4.9858336438071634e-23,-8.929488020502774e-18,-6.411735171675561e-22,3.9069394692104603e-20,9.052664623780335e-21,-8.99393480028907e-21,3.706209005800095e-16,-1.1448745133230765e-21,-5.826498797279173e-20,-1.0765065816671483e-20,-1.5313181089887925e-22,1.2462331194341508e-22,-3.619804127552067e-24,-3.6162798372886177e-16,3.8466639701837963e-07,2.921294973013458e-07,5.574149970640459e-07,-5.84256832819721e-07,-4.983587635780718e-07,1.9593344060409128e-10,1.3108731298164941e-07,8.64660152955258e-08,8.551629763012659e-08,8.64660152955258e-08,1.9463660331858403e-07,1.9463660331858403e-07,-1.5262004737127653e-16,3.8927320831572913e-07,-2.3024984599070987e-16,3.9492240412199903e-19,-1.6584119586433485e-15,3.89273206113927e-07,1.3225037612996843e-13,7.554960927347317e-12,9.29190852740626e-11,-3.026072434495642e-11,-1.4495566733799672e-19,3.8902011354302156e-07,7.554960927347317e-12,9.29190852740626e-11,-1.8817770815859292e-07,2.53092932533443e-10,-1.9449990513666676e-07,-6.575289910607218e-09,-6.575289910598224e-09,-2.0984700622976926e-16,4.8421074162793735e-09,1.465741295475476e-20,-2.161630248555501e-12,4.839599281563516e-09,2.6067964442643132e-12,6.141631078767345e-13,1.4485955763276976e-12,3.648375768206055e-21,2.0984700260996513e-16
3.4379999999999993,548,101325.00000000004,2.771e-08,0.066,0.29999999999999993,0.6339999999999998,0.22000000000000003,548.0,1e-11,1e-22,IdealGasReactor,off,0.6316037735378773,0.0,0.0,0.28664145882106334,0.023930844485107468,0.00797409027784882,5.937190704588405e-12,0.049849832872165975,0.0,0.0030336210777953407,4.42464686037899e-11,0.5418491365510852,5.700190977337596e-09,1.1139901461262866e-07,1.161685637297043e-07,9.626650242605798e-06,0.45424671905454234,4.9782486740956966e-05,4.6918860153668425e-05,0.0006546020131602069,5.2792560417017055e-06,2.8843883431675557e-13,1.8392390956365477e-09,0.0001040788986945938,0.0,0.0,0.0,0.0,0.0,0.0,0.0,0.0,0.0,0.0,0.0,0.0,-2.919429780069206e-07,5.838859559270346e-07,1.9462865187516328e-07,1.5256683619585358e-16,-3.892573039121906e-07,0.0,3.2033878466045933e-15,7.516074933972718e-22,-4.5734108679898374e-18,-7.826022814230345e-21,-6.578661379351815e-17,4.539567201691016e-20,-4.5470945452652484e-20,3.1469665038775903e-15,1.6614953549667376e-21,4.69396466314669e-18,-7.253021927607376e-21,1.2936587792446507e-21,4.733875206213834e-21,-1.1292502709281815e-22,-3.1423633986583024e-15,3.8442393798180773e-07,2.919429780069206e-07,5.570082855933802e-07,-5.838837969027318e-07,-4.980466442752589e-07,1.9568669753502019e-10,1.310634983549485e-07,8.638377466160435e-08,8.545584384490668e-08,8.638377466160435e-08,1.945124056112799e-07,1.945124056112799e-07,-1.5256683619585358e-16,3.89024812899569e-07,-2.29935026208989e-16,3.944499707809363e-19,-1.6570477042068487e-15,3.8902480792302185e-07,1.3216598703659262e-13,7.544329429506552e-12,9.281100941780004e-11,-3.0202980371512777e-11,-1.4477030295187775e-19,3.887719539611812e-07,7.544329429506552e-12,9.281100941780004e-11,-1.8805587223448592e-07,2.528571042040305e-10,-1.9437579477095916e-07,-6.572779640677355e-09,-6.572779640631884e-09,-2.097155937002142e-16,4.835871122614358e-09,1.4639742164376914e-20,-2.159024302750758e-12,4.83336593038283e-09,2.603438331215309e-12,6.137077549088856e-13,1.4468607444223369e-12,3.644047874380266e-21,2.097154807751871e-16
3.4469999999999996,548,101324.99999999999,2.771e-08,0.066,0.29999999999999993,0.6339999999999998,0.22000000000000003,548.0,1e-11,1e-22,IdealGasReactor,off,0.6315978891810038,0.0,0.0,0.2866108387201812,0.02398652072563097,0.007992649051308379,5.9517458432190585e-12,0.04981210231592382,0.0,0.003032813791531874,4.4210409471606595e-11,0.542008437144263,5.698871218499354e-09,1.1162775506920864e-07,1.1621242954636296e-07,9.632849460795752e-06,0.4540889667439228,4.975879004368583e-05,4.687086153425983e-05,0.0006539917524709547,5.277570262966583e-06,2.8817565321793075e-13,1.8396304464412636e-09,0.00010401507332485483,0.0,0.0,0.0,0.0,0.0,0.0,0.0,0.0,0.0,0.0,0.0,0.0,-2.9175648636892395e-07,5.835129728904009e-07,1.945043240979368e-07,1.5251362679733332e-16,-3.8900864858805144e-07,0.0,1.6131052090703495e-14,3.8379645839095953e-22,-4.126937220437671e-17,-4.82919915949479e-21,-3.0542832819775755e-16,-5.10072652924699e-19,5.126021712378861e-19,1.6065134436611697e-14,-1.9348539803936585e-20,1.9810369279360962e-16,-6.540232457198637e-20,2.5555228036942944e-21,6.0061964202501536e-21,-1.4445740295682073e-21,-1.6023501585006258e-14,3.8418151014109336e-07,2.9175648636892395e-07,5.566016725390428e-07,-5.835108164697347e-07,-4.977345686409231e-07,1.9544019182050114e-10,1.3103964185758108e-07,8.630156784112818e-08,8.539540127384802e-08,8.630156784112818e-08,1.9438822618653866e-07,1.9438822618653866e-07,-1.5251362679733332e-16,3.887764540485388e-07,-2.296205534779151e-16,3.939779746958287e-19,-1.6556839633839952e-15,3.887764361554247e-07,1.3208161036584393e-13,7.53370930904631e-12,9.270302865308686e-11,-3.0145331870180795e-11,-1.4458512807615728e-19,3.8852383079779054e-07,7.53370930904631e-12,9.270302865308686e-11,-1.8793405466267753e-07,2.5262138113572234e-10,-1.942517027168036e-07,-6.570269435259282e-09,-6.570269435771884e-09,-2.095854186328555e-16,4.829640699117822e-09,1.4622087033933516e-20,-2.1564206662060997e-12,4.827138446958065e-09,2.6000833801342167e-12,6.132524676311968e-13,1.4451274055897641e-12,3.639723614836751e-21,2.0958397405882592e-16
3.4559999999999995,548,101325.00000000003,2.771e-08,0.066,0.29999999999999993,0.6339999999999998,0.22000000000000003,548.0,1e-11,1e-22,IdealGasReactor,off,0.6315920086944071,0.0,0.0,0.28658023875884353,0.024042160346611007,0.008011195618235845,5.966295649054205e-12,0.049774396575936,0.0,0.0030320061556056667,4.4174371379861665e-11,0.5421677328177618,5.6975511276217245e-09,1.1185617510693146e-07,1.1625610220337637e-07,9.63903707314813e-06,0.4539312192450706,4.9735091826336286e-05,4.68228997786198e-05,0.000653381918078019,5.275884196238716e-06,2.8791265839517205e-13,1.8400218448802216e-09,0.00010395125629721322,0.0,0.0,0.0,0.0,0.0,0.0,0.0,0.0,0.0,0.0,0.0,0.0,-2.915700224506298e-07,5.831400447931148e-07,1.9438001483726565e-07,1.524604192232393e-16,-3.88760029769841e-07,0.0,-4.3398432516500053e-16,-1.6185391220007422e-21,-5.471206736718844e-18,8.726129919799137e-21,-4.435848017299727e-17,-2.848942378530636e-19,2.908019617879173e-19,-5.357425951961714e-16,-8.442003888195443e-21,-6.265956670266337e-17,-5.81394879525406e-22,5.619141298649286e-22,-5.047171618680326e-22,1.7275409916626272e-24,5.412485354838243e-16,3.8393911294036607e-07,2.915700224506298e-07,5.561951580628145e-07,-5.831378909737766e-07,-4.974225367790507e-07,1.951939233538611e-10,1.310157434760199e-07,8.621939487145956e-08,8.533496994072111e-08,8.621939487145956e-08,1.9426406508691855e-07,1.9426406508691855e-07,-1.524604192232393e-16,3.8852813184775954e-07,-2.293064276352746e-16,3.9350641569446743e-19,-1.654320737004671e-15,3.8852813055711977e-07,1.319972461466395e-13,7.523100560000618e-12,9.259514294212772e-11,-3.0087778718184555e-11,-1.4440014263621947e-19,3.8827574425236166e-07,7.523100560000618e-12,9.259514294212772e-11,-1.878122555407454e-07,2.523857635095698e-10,-1.94127629073762e-07,-6.567759296520245e-09,-6.567759296811047e-09,-2.0945248078225087e-16,4.823416143975659e-09,1.4604447558470724e-20,-2.1538193381908338e-12,4.820916829474901e-09,2.596731590045047e-12,6.127972463055639e-13,1.4433955594663623e-12,3.635402988873685e-21,2.0945248250979186e-16
3.4649999999999994,548,101324.99999999997,2.771e-08,0.066,0.29999999999999993,0.6339999999999998,0.22000000000000003,548.0,1e-11,1e-22,IdealGasReactor,off,0.6315861320773115,0.0,0.0,0.2865496589330124,0.024097763355389813,0.008029729981078697,5.980840122672937e-12,0.049736715647226835,0.0,0.003031198170977609,4.413835433947422e-11,0.5423270235653701,5.696230706136958e-09,1.1208427484233532e-07,1.1629958187629895e-07,9.645213084035253e-06,0.4537734765630749,4.971139210991655e-05,4.6774974890444606e-05,0.0006527725100665231,5.274197842436396e-06,2.87649849849003e-13,1.8404132905779679e-09,0.00010388744765738702,0.0,0.0,0.0,0.0,0.0,0.0,0.0,0.0,0.0,0.0,0.0,0.0,-2.9138358646194693e-07,5.827671728307264e-07,1.9425572418119665e-07,1.5240721347525057e-16,-3.8851144850235765e-07,0.0,2.9896224924306053e-15,3.992074172847945e-22,4.673511864507158e-19,-1.961646960557295e-20,-5.922232021053414e-17,-2.261842666964999e-19,2.227415409870542e-19,2.9177110578417464e-15,-2.132363778720518e-21,-1.1973959811136594e-17,3.7320244546472366e-21,1.7053879291429202e-21,6.642060964011169e-21,-3.219066643257467e-23,-2.9181828533839095e-15,3.8369674742382096e-07,2.9138358646194693e-07,5.557887426039752e-07,-5.827650216104073e-07,-4.971105490421384e-07,1.9494789212567785e-10,1.3099180326226653e-07,8.613725583294974e-08,8.527454991192657e-08,8.613725583294974e-08,1.9413992245216485e-07,1.9413992245216485e-07,-1.5240721347525057e-16,3.8827984657670027e-07,-2.2899264849671196e-16,3.9303529373196195e-19,-1.6529580258137391e-15,3.8827984183420483e-07,1.319128944739324e-13,7.512503180155607e-12,9.248735229338961e-11,-3.0030320808236305e-11,-1.4421534655005032e-19,3.8802769450090126e-07,7.512503180155607e-12,9.248735229338961e-11,-1.876904749565587e-07,2.521502514864255e-10,-1.9400357392970678e-07,-6.56524922463794e-09,-6.565249224860681e-09,-2.0932103847419374e-16,4.8171974577864565e-09,1.4586823740338408e-20,-2.151220319052199e-12,4.814701078536677e-09,2.5933829612681997e-12,6.123420915008632e-13,1.4416652064112151e-12,3.631085997640075e-21,2.093210062835273e-16
3.4739999999999993,548,101325.0,2.771e-08,0.066,0.29999999999999993,0.6339999999999998,0.22000000000000003,548.0,1e-11,1e-22,IdealGasReactor,off,0.6315802593289379,0.0,0.0,0.2865190992386356,0.02415332975933481,0.008048252142292735,5.995379264656255e-12,0.049699059524803565,0.0,0.0030303898381404903,4.4102358354509266e-11,0.54248630929752,5.6949099546017515e-09,1.1231205437456938e-07,1.1634286872801978e-07,9.651377498258452e-06,0.45361573878696243,4.968769090781115e-05,4.67270868662203e-05,0.0006521635284205951,5.27251120257634e-06,2.873872275678497e-13,1.8408047834999969e-09,0.00010382364745421252,0.0,0.0,0.0,0.0,0.0,0.0,0.0,0.0,0.0,0.0,0.0,0.0,-2.911971785225233e-07,5.823943568725077e-07,1.9413145222489866e-07,1.523540095832674e-16,-3.8826290459117204e-07,0.0,-3.4001785761431827e-15,-2.3582992304154514e-22,6.952288677775348e-18,4.580970627080182e-22,2.0229793758392862e-17,3.0141138032452244e-19,-3.0021858588122097e-19,-3.3906764414268758e-15,-1.3374487636378312e-21,-3.988870832023921e-18,6.829940248867635e-21,-1.008074672760718e-21,3.518385081038498e-21,-4.37411211161159e-24,3.3836755177141223e-15,3.8345441339792796e-07,2.911971785225233e-07,5.553824264308121e-07,-5.823922082488992e-07,-4.967986056296683e-07,1.9470209806627657e-10,1.3096782122816844e-07,8.605515077940206e-08,8.521414122761375e-08,8.605515077940206e-08,1.940157983621913e-07,1.940157983621913e-07,-1.523540095832674e-16,3.8803159839521243e-07,-2.286792158910853e-16,3.925646086844159e-19,-1.6515958306072164e-15,3.8803159996270153e-07,1.318285554020219e-13,7.501917164969778e-12,9.237965668670905e-11,-2.997295802359202e-11,-1.4403073973995231e-19,3.8777968173378687e-07,7.501917164969778e-12,9.237965668670905e-11,-1.8756871300388483e-07,2.51914845239148e-10,-1.938795373796607e-07,-6.562739221013827e-09,-6.5627392207136086e-09,-2.0918954984402232e-16,4.810984639657706e-09,1.456921557736041e-20,-2.148623608469328e-12,4.808491193244085e-09,2.5900374933192777e-12,6.118870035969205e-13,1.4399363463353899e-12,3.6267726411376166e-21,2.091895454699102e-16
3.482999999999999,548,101325.0,2.771e-08,0.066,0.29999999999999993,0.6339999999999998,0.22000000000000003,548.0,1e-11,1e-22,IdealGasReactor,off,0.6315743904485052,0.0,0.0,0.2864885596716478,0.024208859565838448,0.008066762104342087,6.009913075587114e-12,0.04966142820365653,0.0,0.0030295811577515444,4.406638343138339e-11,0.5426455899539455,5.693588873880463e-09,1.1253951380952922e-07,1.1638596292626691e-07,9.657530320489069e-06,0.453458005976254,4.966398823607608e-05,4.6679235704888555e-05,0.0006515549731588973,5.270824277640475e-06,2.8712479154402395e-13,1.8411963234921722e-09,0.00010375985573536575,0.0,0.0,0.0,0.0,0.0,0.0,0.0,0.0,0.0,0.0,0.0,0.0,-2.9101079878344687e-07,5.820215974178421e-07,1.9400719906093632e-07,1.5230080756727017e-16,-3.880143982763718e-07,0.0,5.956660270764606e-17,-7.844389106692576e-23,-2.1989224368293627e-18,2.1011289574336948e-22,-3.2643590995996667e-18,-6.643914680025918e-21,6.5041211565044566e-21,5.850926405273383e-17,-2.3592358331716587e-22,-1.2437810403877319e-20,-2.7910475389377806e-21,1.204064779147501e-22,-2.8499617269139895e-23,5.8806031103191e-24,-5.629543601500266e-17,3.832121111031631e-07,2.9101079878344687e-07,5.549762098710839e-07,-5.820194513886357e-07,-4.964867067945355e-07,1.944565411266021e-10,1.3094379739977307e-07,8.597307977378286e-08,8.515374393707924e-08,8.597307977378286e-08,1.9389169291776967e-07,1.9389169291776967e-07,-1.5230080756727017e-16,3.877833875048297e-07,-2.2836612964209934e-16,3.9209436045475255e-19,-1.6502341521612998e-15,3.8778338562472925e-07,1.317442289993796e-13,7.491342510693734e-12,9.227205611174847e-11,-2.991569025084105e-11,-1.4384632212640054e-19,3.8753170613608884e-07,7.491342510693734e-12,9.227205611174847e-11,-1.874469697743165e-07,2.5167954493584733e-10,-1.9375551951600036e-07,-6.560229286619821e-09,-6.560229286626325e-09,-2.090580943010754e-16,4.804777689197947e-09,1.455162306890725e-20,-2.1460292063497545e-12,4.802287173208718e-09,2.5866951859874626e-12,6.114319830392986e-13,1.4382089793027924e-12,3.6224629197592414e-21,2.090581001816785e-16
3.4919999999999995,548,101325.00000000003,2.771e-08,0.066,0.29999999999999993,0.6339999999999998,0.22000000000000003,548.0,1e-11,1e-22,IdealGasReactor,off,0.6315685254352295,0.0,0.0,0.2864580402279699,0.024264352782317658,0.008085259869699199,6.0244415560504835e-12,0.049623821678759394,0.0,0.0030287721303194058,4.403042957430463e-11,0.5428048654479035,5.692267464558516e-09,1.1276665324783428e-07,1.1642886463489478e-07,9.663671555543241e-06,0.45330027821713376,4.96402841083363e-05,4.6631421403049745e-05,0.00065094684426749,5.2691370686421275e-06,2.868625417657653e-13,1.8415879105092898e-09,0.00010369607254948486,0.0,0.0,0.0,0.0,0.0,0.0,0.0,0.0,0.0,0.0,0.0,0.0,-2.908244473670629e-07,5.816488945849615e-07,1.9388296478406777e-07,1.5224760745620377e-16,-3.877659297213418e-07,0.0,1.0809212929347109e-16,6.961775178792854e-24,-8.588602953171661e-19,-8.72880706557239e-24,-3.089764433346874e-18,7.967403660110763e-21,-7.785423925349096e-21,1.0597527318991316e-16,-9.715353424502517e-23,9.450460748287523e-20,-1.0989459964356016e-21,-9.750391470468814e-23,2.5340388299202145e-23,-4.643419092721792e-24,-1.0511010518660803e-16,3.82969840703783e-07,2.908244473670629e-07,5.545700931978624e-07,-5.816467511478491e-07,-4.961748527407845e-07,1.9421122123815786e-10,1.3091973179040672e-07,8.58910428705393e-08,8.509335808123264e-08,8.58910428705393e-08,1.937676062005936e-07,1.937676062005936e-07,-1.5224760745620377e-16,3.875352140689353e-07,-2.280533895772914e-16,3.916245489202861e-19,-1.6488729912672527e-15,3.8753521214296427e-07,1.316599153215141e-13,7.480779212826664e-12,9.216455054896172e-11,-2.9858517373583404e-11,-1.436620936310541e-19,3.872837678973262e-07,7.480779212826664e-12,9.216455054896172e-11,-1.873252453612511e-07,2.5144435074819345e-10,-1.9363152043331974e-07,-6.55771942281668e-09,-6.557719422808895e-09,-2.0892667515407541e-16,4.7985766055364286e-09,1.453404621289088e-20,-2.1434371123857303e-12,4.796089017558819e-09,2.583356038801808e-12,6.109770302132068e-13,1.436483105233039e-12,3.618156833528267e-21,2.0892667051065632e-16
3.5009999999999994,548,101324.99999999997,2.771e-08,0.066,0.29999999999999993,0.6339999999999998,0.22000000000000003,548.0,1e-11,1e-22,IdealGasReactor,off,0.6315626642883241,0.0,0.0,0.2864275409035087,0.02431980941621478,0.008103745440844811,6.038964706633218e-12,0.04958623994506868,0.0,0.0030279627564751958,4.399449678923416e-11,0.5429641357143199,5.690945727450114e-09,1.1299347279512133e-07,1.1647157402145695e-07,9.669801208145866e-06,0.45314255557396527,4.961657854021056e-05,4.6583643959136616e-05,0.0006503391417581716,5.267449576569618e-06,2.8660047822427393e-13,1.8419795444169822e-09,0.00010363229794436529,0.0,0.0,0.0,0.0,0.0,0.0,0.0,0.0,0.0,0.0,0.0,0.0,-2.9063812441906763e-07,5.812762486830262e-07,1.9375874948712917e-07,1.521944092716757e-16,-3.8751749912161074e-07,0.0,3.1652424639419084e-15,2.1394733997412486e-22,2.4604671986001695e-18,3.867319762285283e-21,2.93136927221032e-18,3.554891400507892e-20,-3.687819324945163e-20,3.1633505827669915e-15,1.5474137997069813e-21,-2.3646780983753023e-18,2.8025155822593257e-21,2.2933582483032692e-21,1.5098750563880947e-21,9.651154395617627e-23,-3.1658332374210684e-15,3.827276023958114e-07,2.9063812441906763e-07,5.541640767284216e-07,-5.812741078356997e-07,-4.958630437121243e-07,1.9396613834774948e-10,1.3089562442396198e-07,8.580904013092538e-08,8.503298370778132e-08,8.580904013092538e-08,1.9364353830785211e-07,1.9364353830785211e-07,-1.521944092716757e-16,3.872870782819095e-07,-2.2774099552044704e-16,3.91155173978273e-19,-1.6475123487019767e-15,3.8728707330015766e-07,1.3157561443446266e-13,7.470227267455348e-12,9.205713998609196e-11,-2.9801439277919354e-11,-1.434780541742496e-19,3.8703586720314655e-07,7.470227267455348e-12,9.205713998609196e-11,-1.872035398564825e-07,2.5120926284434394e-10,-1.935075402242835e-07,-6.555209630646672e-09,-6.555209630609794e-09,-2.0879516005412438e-16,4.792381388178246e-09,1.4516485008370192e-20,-2.1408473264387383e-12,4.7898967257993385e-09,2.580020051494209e-12,6.105221455527213e-13,1.4347587241590478e-12,3.61385438275821e-21,2.0879525656566834e-16
3.5099999999999993,548,101325.0,2.771e-08,0.066,0.29999999999999993,0.6339999999999998,0.22000000000000003,548.0,1e-11,1e-22,IdealGasReactor,off,0.6315568070069998,0.0,0.0,0.2863970616941576,0.024375229474996936,0.008122218820267969,6.053482527924124e-12,0.04954868299752404,0.0,0.0030271530368397954,4.3958585081945617e-11,0.543123400686241,5.689623663349807e-09,1.1321997255705444e-07,1.1651409125350057e-07,9.675919283046097e-06,0.45298483811300405,4.959287154714403e-05,4.6535903371368014e-05,0.0006497318656398733,5.265761802413763e-06,2.863386009102519e-13,1.8423712250886286e-09,0.00010356853196783687,0.0,0.0,0.0,0.0,0.0,0.0,0.0,0.0,0.0,0.0,0.0,0.0,-2.904518300829975e-07,5.809036600210334e-07,1.9363455326303723e-07,1.5214121303592956e-16,-3.872691066766742e-07,0.0,-7.83373382083848e-16,5.034033992067634e-23,2.3035209021132184e-18,5.370171503796478e-21,-7.168969228205178e-18,1.870619324451919e-19,-1.8142552375125556e-19,-7.919104782667138e-16,3.939463318284154e-21,7.595756875614168e-19,4.356199475632944e-21,-1.118865176054539e-21,-2.5624240791953473e-21,9.769450815859926e-23,7.895935869884774e-16,3.824853963792837e-07,2.904518300829975e-07,5.537581607757969e-07,-5.80901521761185e-07,-4.955512799485955e-07,1.9372129240046026e-10,1.3087147532349923e-07,8.57270716154924e-08,8.497262086379474e-08,8.57270716154924e-08,1.9351948933529474e-07,1.9351948933529474e-07,-1.5214121303592956e-16,3.8703898033525835e-07,-2.2742894729529717e-16,3.906862355235867e-19,-1.6461522252423175e-15,3.8703897931036124e-07,1.314913264032845e-13,7.459686670597651e-12,9.19498244100877e-11,-2.974445584975624e-11,-1.432942036762168e-19,3.8678800423937527e-07,7.459686670597651e-12,9.19498244100877e-11,-1.8708185335185778e-07,2.5097428139238837e-10,-1.9338357898165047e-07,-6.552699911179455e-09,-6.552699910998029e-09,-2.086637607594591e-16,4.786192036584474e-09,1.4498939454274527e-20,-2.1382598483511578e-12,4.783710297390545e-09,2.5766872237724753e-12,6.10067329487285e-13,1.4330358361007807e-12,3.6095555677293936e-21,2.0866385845396727e-16
3.5189999999999992,548,101325.0,2.771e-08,0.066,0.29999999999999993,0.6339999999999998,0.22000000000000003,548.0,1e-11,1e-22,IdealGasReactor,off,0.6315509535904653,0.0,0.0,0.2863666025957959,0.02443061296615712,0.008140680010465962,6.067995020513818e-12,0.049511150831047734,0.0,0.0030263429717702593,4.3922694454328285e-11,0.543282660249688,5.688301272558116e-09,1.1344615262965627e-07,1.1655641649141865e-07,9.682025785235161e-06,0.4528271259478592,4.956916314027811e-05,4.6488199633865746e-05,0.0006491250158643003,5.264073747221278e-06,2.8607690980738576e-13,1.8427629525916967e-09,0.00010350477466947993,0.0,0.0,0.0,0.0,0.0,0.0,0.0,0.0,0.0,0.0,0.0,0.0,-2.90265564451585e-07,5.805311285061209e-07,1.9351037620869807e-07,1.5208801878713095e-16,-3.8702075237517255e-07,0.0,-6.36470697635755e-14,8.573768486099399e-21,6.818644775449676e-17,-1.2508997376345894e-20,2.4541699679685603e-16,2.304273723666519e-18,-2.2419746158320877e-18,-6.35941557874141e-14,-1.523528262797561e-20,-1.2587250684689945e-16,1.0619242962356012e-19,-2.5672325792407482e-20,-1.2190991552304639e-20,-8.315135625189024e-22,6.35255398938939e-14,3.822432226442251e-07,2.90265564451585e-07,5.533523455565876e-07,-5.805289928314432e-07,-4.95239561604016e-07,1.9347668330735885e-10,1.3084728448947086e-07,8.564513736981775e-08,8.491226958154862e-08,8.564513736981775e-08,1.9339545934496586e-07,1.9339545934496586e-07,-1.5208801878713095e-16,3.867909203530706e-07,-2.271172447326751e-16,3.9021773340638564e-19,-1.6447926216931337e-15,3.8679098213201257e-07,1.3140705127013707e-13,7.449157416958213e-12,9.18426037917538e-11,-2.9687566969717746e-11,-1.4311054205945928e-19,3.8654017919990563e-07,7.449157416958213e-12,9.18426037917538e-11,-1.8696018594252316e-07,2.5073940656704724e-10,-1.9325963680219333e-07,-6.5501902661749165e-09,-6.550190263932942e-09,-2.085333077594146e-16,4.780008549360949e-09,1.448140954697859e-20,-2.135674677588442e-12,4.777529730947456e-09,2.573357554889811e-12,6.096125823398357e-13,1.4313144408254676e-12,3.605260388074786e-21,2.0853247624585208e-16
3.5279999999999996,548,101324.99999999999,2.771e-08,0.066,0.29999999999999993,0.6339999999999998,0.22000000000000003,548.0,1e-11,1e-22,IdealGasReactor,off,0.6315451040379254,0.0,0.0,0.28633616360429043,0.024485959897210165,0.00815912901394449,6.082502184995323e-12,0.04947364344054703,0.0,0.0030255325625719366,4.388682492205392e-11,0.5434419144595095,5.686978557149319e-09,1.13672013145432e-07,1.1659854992262024e-07,9.688120718905937e-06,0.45266941902213914,4.954545334619906e-05,4.644053275522344e-05,0.0006485185925859218,5.26238541183872e-06,2.858154049234753e-13,1.8431547262971245e-09,0.00010344102609242233,0.0,0.0,0.0,0.0,0.0,0.0,0.0,0.0,0.0,0.0,0.0,0.0,-2.90079327799289e-07,5.801586554355914e-07,1.933862184064196e-07,1.5203482650628392e-16,-3.86772436957045e-07,0.0,-1.4573294331339637e-14,-5.25901970377802e-22,5.23856055087042e-19,-6.743550409369282e-22,1.0941865733512645e-17,2.556980709523919e-19,-2.5779083790215107e-19,-1.4569918949712582e-14,-3.840209217842481e-21,-7.308599986977455e-18,-1.4574809302084975e-21,2.4244146766046396e-21,4.282328821909915e-21,2.2738305308012673e-22,1.4569400867056195e-14,3.8200108192897736e-07,2.90079327799289e-07,5.529466316318503e-07,-5.801565223437764e-07,-4.949278891406854e-07,1.9323231109992438e-10,1.308230520038418e-07,8.556323749275208e-08,8.485192994621041e-08,8.556323749275208e-08,1.9327144851951005e-07,1.9327144851951005e-07,-1.5203482650628392e-16,3.865428987006037e-07,-2.2680588763629123e-16,3.897496676344896e-19,-1.643433538753113e-15,3.865429114568997e-07,1.313227891591224e-13,7.438639505880329e-12,9.17354781591576e-11,-2.963077253750012e-11,-1.4292706923738037e-19,3.862923922489812e-07,7.438639505880329e-12,9.17354781591576e-11,-1.8683853771150245e-07,2.505046385176062e-10,-1.931357137678999e-07,-6.5476806949171514e-09,-6.5476806946593606e-09,-2.0840088276078976e-16,4.7738309281329695e-09,1.4463895291896318e-20,-2.133091814949726e-12,4.7713550280676345e-09,2.5700310457034913e-12,6.091579048138689e-13,1.4295945389942492e-12,3.60096884571622e-21,2.0840111014384284e-16
3.5369999999999995,548,101325.0,2.771e-08,0.066,0.29999999999999993,0.6339999999999998,0.22000000000000003,548.0,1e-11,1e-22,IdealGasReactor,off,0.6315392583485835,0.0,0.0,0.2863057447154927,0.024541270275699377,0.008177565833217378,6.097004021963043e-12,0.04943616082091001,0.0,0.003024721809077697,4.385097647929785e-11,0.5436011631082631,5.6856555164424735e-09,1.1389755418130341e-07,1.1664049169324775e-07,9.694204089528523e-06,0.4525117175435666,4.952174216749593e-05,4.639290272142461e-05,0.0006479125956426901,5.260696797424365e-06,2.8555408622828626e-13,1.8435465466583374e-09,0.00010337728628972669,0.0,0.0,0.0,0.0,0.0,0.0,0.0,0.0,0.0,0.0,0.0,0.0,-2.898931201179233e-07,5.797862400999417e-07,1.9326207996098294e-07,1.5198163626319846e-16,-3.865241600230607e-07,0.0,-8.205247494144896e-15,-8.657453834340547e-22,1.7853176899511885e-17,-1.5849036505278175e-20,-1.5941371825562746e-17,1.4433970816805312e-19,-1.43690371387199e-19,-8.272064973505002e-15,-1.7488943779941025e-21,-3.294007696894563e-17,2.4513357502773502e-20,2.1825160462211635e-21,-3.1166981056885295e-21,-5.088481557014732e-23,8.25409517257923e-15,3.81758973837373e-07,2.898931201179233e-07,5.525410190266089e-07,-5.797841095886826e-07,-4.946162625411462e-07,1.9298817562168016e-10,1.3079877782213792e-07,8.548137200012406e-08,8.479160196066768e-08,8.548137200012406e-08,1.9314745685399052e-07,1.9314745685399052e-07,-1.5198163626319846e-16,3.862949153680341e-07,-2.264948758510905e-16,3.892820379692817e-19,-1.642074977282774e-15,3.8629492182806757e-07,1.31238540066886e-13,7.428132929459703e-12,9.162844745103403e-11,-2.957407242323203e-11,-1.4274378513698765e-19,3.860446435965404e-07,7.428132929459703e-12,9.162844745103403e-11,-1.8671690876044702e-07,2.5026997743198756e-10,-1.930118099835516e-07,-6.545171200535931e-09,-6.545171200392241e-09,-2.0826981102964705e-16,4.767659169809791e-09,1.4446396680329663e-20,-2.130511259152093e-12,4.7651861856877105e-09,2.5667076945639184e-12,6.08703297020736e-13,1.4278761298722689e-12,3.5966809390012035e-21,2.0826976014483148e-16
3.5459999999999994,548,101325.0,2.771e-08,0.066,0.29999999999999993,0.6339999999999998,0.22000000000000003,548.0,1e-11,1e-22,IdealGasReactor,off,0.6315334165216399,0.0,0.0,0.28627534592524156,0.024596544109191033,0.008195990470806798,6.111500532013623e-12,0.04939870296700923,0.0,0.003023910712337335,4.381514913792689e-11,0.5437604062051405,5.684332152032251e-09,1.1412277586074584e-07,1.1668224198406933e-07,9.700275901546401e-06,0.45235402150172405,4.949802962657841e-05,4.634530953703582e-05,0.0006473070251329468,5.259007904879572e-06,2.852929537225972e-13,1.8439384132343813e-09,0.0001033135553061848,0.0,0.0,0.0,0.0,0.0,0.0,0.0,0.0,0.0,0.0,0.0,0.0,-2.8970694163251554e-07,5.794138831132104e-07,1.9313796095844608e-07,1.519284480543363e-16,-3.862759220749949e-07,0.0,2.2394337651445086e-16,-8.063880983777303e-23,-6.511697922049283e-18,9.73809676014199e-22,-1.5363060080824872e-19,-2.4669834588781497e-20,2.4510188730558763e-20,2.299852575641321e-16,-3.525342392608352e-22,-3.737732408809604e-19,-8.024699650020698e-21,2.548233274546171e-22,-8.286951890062352e-23,1.4454950655725604e-24,-2.23428648902629e-16,3.815168988704218e-07,2.8970694163251554e-07,5.521355082078913e-07,-5.794117551801998e-07,-4.94304682183738e-07,1.9274427687069242e-10,1.3077446200445773e-07,8.539954097614056e-08,8.473128569567508e-08,8.539954097614056e-08,1.9302348449823214e-07,1.9302348449823214e-07,-1.519284480543363e-16,3.8604697065497724e-07,-2.261842091873583e-16,3.888148443745406e-19,-1.640716938006882e-15,3.860469686145507e-07,1.3115430409522978e-13,7.417637685747564e-12,9.152151167961587e-11,-2.9517466521501584e-11,-1.4256068967370167e-19,3.8579693341451375e-07,7.417637685747564e-12,9.152151167961587e-11,-1.8659529917546199e-07,2.500354234655778e-10,-1.9288792553498034e-07,-6.542661782984097e-09,-6.5426617830086076e-09,-2.0813842496987158e-16,4.761493275165416e-09,1.442891371518259e-20,-2.1279330106241987e-12,4.759023204573056e-09,2.5633875018809116e-12,6.082487595601826e-13,1.4261592138723573e-12,3.592396669215627e-21,2.0813842641536665e-16
3.5549999999999993,548,101324.99999999999,2.771e-08,0.066,0.29999999999999993,0.6339999999999998,0.22000000000000003,548.0,1e-11,1e-22,IdealGasReactor,off,0.6315275785562918,0.0,0.0,0.28624496722936266,0.02465178140527519,0.00821440292924322,6.125991715745801e-12,0.049361269873701014,0.0,0.0030230992727597558,4.3779342900440643e-11,0.5439196436451569,5.683008464314742e-09,1.1434767828345053e-07,1.1672380095802065e-07,9.706336159966266e-06,0.4521963310011657,4.947431573541047e-05,4.6297753196757724e-05,0.0006467018810169788,5.257318735241366e-06,2.8503200739050874e-13,1.8443303260560986e-09,0.0001032498331908975,0.0,0.0,0.0,0.0,0.0,0.0,0.0,0.0,0.0,0.0,0.0,0.0,-2.895207924450208e-07,5.79041584778865e-07,1.9301386149467127e-07,1.5187526191481756e-16,-3.860277231795595e-07,0.0,-7.132977865216612e-15,-4.3622994412517485e-22,-1.7351817152395388e-17,-3.812548560019353e-21,-4.082317640939463e-17,2.599332356886634e-19,-2.565856357496613e-19,-7.135082652755032e-15,-2.1975235380304798e-21,2.087256055383421e-17,-1.8165738473877616e-20,2.7581303549815017e-21,3.5376020825987975e-21,2.5871956550247567e-22,7.152558865289921e-15,3.812748570961033e-07,2.895207924450208e-07,5.517300994093323e-07,-5.790394594217961e-07,-4.939931482379988e-07,1.925006147631101e-10,1.3075010455591247e-07,8.531774446883323e-08,8.467098118617187e-08,8.531774446883323e-08,1.9289953152040148e-07,1.9289953152040148e-07,-1.5187526191481756e-16,3.857990646977761e-07,-2.25873887473099e-16,3.8834808670656773e-19,-1.6393594217199126e-15,3.857990700240066e-07,1.310700812904711e-13,7.407153769634405e-12,9.141467081821107e-11,-2.9460954714059246e-11,-1.4237778276873695e-19,3.8554926189465735e-07,7.407153769634405e-12,9.141467081821107e-11,-1.8647370905078135e-07,2.4980097679038193e-10,-1.9276406051788423e-07,-6.540152443889906e-09,-6.540152443633321e-09,-2.0800685031291645e-16,4.75533324293459e-09,1.4411446393208577e-20,-2.125357068887551e-12,4.752866083456212e-09,2.5600704669706918e-12,6.077942927740863e-13,1.4244437907985516e-12,3.588116036086464e-21,2.0800710903248195e-16
3.5639999999999996,548,101325.0,2.771e-08,0.066,0.29999999999999993,0.6339999999999998,0.22000000000000003,548.0,1e-11,1e-22,IdealGasReactor,off,0.6315217444517348,0.0,0.0,0.28621460862366704,0.02470698217156868,0.008232803211065287,6.140477573759952e-12,0.04932386153582363,0.0,0.0030222874908844817,4.374355777120163e-11,0.5440788753464976,5.68168445392958e-09,1.1457226155433919e-07,1.1676516878199857e-07,9.712384869698604e-06,0.45203864612311345,4.945060050807948e-05,4.625023369724071e-05,0.0006460971632825076,5.255629289519863e-06,2.847712472192644e-13,1.8447222850588375e-09,0.00010318611999205652,0.0,0.0,0.0,0.0,0.0,0.0,0.0,0.0,0.0,0.0,0.0,0.0,-2.893346726822722e-07,5.78669345292929e-07,1.92889781663492e-07,1.518220778719172e-16,-3.8577956345786086e-07,0.0,-1.1445338866540794e-14,1.12887666279034e-21,3.562840047965045e-18,-3.724321238028985e-21,-8.01680685675937e-17,3.1668444315470154e-19,-3.382713756004979e-19,-1.1546151435866884e-14,2.424964884997926e-21,-1.73160607894825e-17,6.334202587490866e-21,2.802953204424219e-21,1.748676276048306e-22,-4.3282342983643677e-23,1.1542553706333415e-14,3.810328486363902e-07,2.893346726822722e-07,5.513247929116266e-07,-5.786672225094954e-07,-4.936816609156696e-07,1.9225718923134075e-10,1.3072570549288034e-07,8.523598253347581e-08,8.461068847432832e-08,8.523598253347581e-08,1.9277559800517964e-07,1.9277559800517964e-07,-1.518220778719172e-16,3.8555119766580036e-07,-2.2556391053231767e-16,3.878817648428516e-19,-1.6380024292008616e-15,3.855512074046885e-07,1.3098587171014839e-13,7.39668117663585e-12,9.130792484788012e-11,-2.940453688530744e-11,-1.4219506434190326e-19,3.8530162922456016e-07,7.39668117663585e-12,9.130792484788012e-11,-1.8635213847894932e-07,2.495666375746494e-10,-1.9264021502589575e-07,-6.537643184542663e-09,-6.5376431842043914e-09,-2.0787585137366765e-16,4.749179072247833e-09,1.4393994712379777e-20,-2.1227834336433184e-12,4.74671482147061e-09,2.5567565893652706e-12,6.073398970563517e-13,1.4227298605755314e-12,3.583839039649682e-21,2.0787580809132466e-16
3.5729999999999995,548,101325.0,2.771e-08,0.066,0.29999999999999993,0.6339999999999998,0.22000000000000003,548.0,1e-11,1e-22,IdealGasReactor,off,0.6315159142071611,0.0,0.0,0.2861842701039527,0.024762146415711835,0.008251191318819937,6.154958106658591e-12,0.049286477948199396,0.0,0.003021475367503548,4.370779375820482e-11,0.5442381012723274,5.680360121987886e-09,1.1479652578828942e-07,1.1680634563030506e-07,9.71842203545139e-06,0.4518809669034984,4.9426883962776035e-05,4.620275103893265e-05,0.0006454928719705573,5.253939568671586e-06,2.8451067320230197e-13,1.8451142899916566e-09,0.00010312241575608843,0.0,0.0,0.0,0.0,0.0,0.0,0.0,0.0,0.0,0.0,0.0,0.0,-2.891485825192595e-07,5.782971648868254e-07,1.927657215546046e-07,1.5176889593767979e-16,-3.8553144325805937e-07,0.0,-1.1049067513718905e-16,-1.5962686960614784e-25,3.111684214069622e-18,2.0498116504354472e-22,-5.4104229505868434e-20,5.135137242729196e-21,-5.151680854980256e-21,-1.1347964430417389e-16,4.901166298411731e-22,2.102058227716887e-19,3.602896633486951e-21,1.0184661292059153e-22,-5.918112383865328e-23,-1.1488513177351854e-24,1.1034657644877198e-16,3.807908738395283e-07,2.891485825192595e-07,5.509195890865349e-07,-5.782950446747205e-07,-4.933702205101852e-07,1.9201400023937831e-10,1.3070126485347138e-07,8.515425523938625e-08,8.455040761631062e-08,8.515425523938625e-08,1.9265168406917156e-07,1.9265168406917156e-07,-1.5176889593767979e-16,3.853033697922499e-07,-2.2525427818153587e-16,3.87415878702122e-19,-1.636645961199311e-15,3.8530336810005394e-07,1.3090167543349157e-13,7.386219903482087e-12,9.120127376472593e-11,-2.9348212924696963e-11,-1.4201253431041671e-19,3.8505403558372783e-07,7.386219903482087e-12,9.120127376472593e-11,-1.8623058754903737e-07,2.493324059795398e-10,-1.9251638914862504e-07,-6.535134005567228e-09,-6.5351340055620766e-09,-2.0774452487089628e-16,4.743030763025154e-09,1.4376558673041227e-20,-2.1202121049426092e-12,4.740569418531089e-09,2.5534458690167985e-12,6.068855729015934e-13,1.4210174233624991e-12,3.5795656805416215e-21,2.0774452372204496e-16
3.5819999999999994,548,101325.0,2.771e-08,0.066,0.29999999999999993,0.6339999999999998,0.22000000000000003,548.0,1e-11,1e-22,IdealGasReactor,off,0.6315100878217609,0.0,0.0,0.2861539516660034,0.02481727414537101,0.008269567255062298,6.169433315045962e-12,0.049249119105633,0.0,0.003020662903182708,4.367205086612086e-11,0.544397321345389,5.679035469177763e-09,1.1502047109213979e-07,1.1684733167115083e-07,9.724447662145047e-06,0.4517232934189546,4.940316611400456e-05,4.6155305218778895e-05,0.0006448890070731987,5.252249573701485e-06,2.842502853270943e-13,1.8455063407709096e-09,0.00010305872053093494,0.0,0.0,0.0,0.0,0.0,0.0,0.0,0.0,0.0,0.0,0.0,0.0,-2.889625220874381e-07,5.779250439946143e-07,1.9264168126131776e-07,1.5171571613783654e-16,-3.85283362620546e-07,0.0,-4.610896392118505e-15,1.1802767140679685e-21,-7.679434544318084e-18,-3.2715317945099996e-21,2.849927054331819e-17,1.6726253730312262e-19,-1.6907240848338864e-19,-4.6359876189811004e-15,-1.4491936750309994e-21,-6.15264590666023e-17,-7.132673206932663e-21,3.446913311296751e-21,2.7830142554826104e-21,-1.2101597218794406e-22,4.643714925093214e-15,3.805489327467172e-07,2.889625220874381e-07,5.505144882232986e-07,-5.779229263515318e-07,-4.930588272411777e-07,1.9177104772216902e-10,1.3067678265641684e-07,8.507256264306798e-08,8.449013865562766e-08,8.507256264306798e-08,1.9252778980012838e-07,1.9252778980012838e-07,-1.5171571613783654e-16,3.8505558125262704e-07,-2.2494499024338874e-16,3.869504281649416e-19,-1.635290018489096e-15,3.85055584084526e-07,1.3081749252012506e-13,7.375769945781265e-12,9.109471755105868e-11,-2.929198271718934e-11,-1.4183019259345994e-19,3.8480648115863917e-07,7.375769945781265e-12,9.109471755105868e-11,-1.861090563531306e-07,2.490982821719097e-10,-1.9239258297914405e-07,-6.532624908187157e-09,-6.532624908018084e-09,-2.0761337703913722e-16,4.736888314452924e-09,1.435913827335321e-20,-2.1176430825144544e-12,4.734429873828842e-09,2.550138305488719e-12,6.06431320713217e-13,1.4193064791024726e-12,3.575295958845046e-21,2.0761325602316503e-16
3.5909999999999993,548,101325.00000000004,2.771e-08,0.066,0.29999999999999993,0.6339999999999998,0.22000000000000003,548.0,1e-11,1e-22,IdealGasReactor,off,0.6315042652947209,0.0,0.0,0.28612365330559003,0.02487236536823616,0.008287931022355761,6.1839031995284305e-12,0.04921178500291311,0.0,0.0030198500982671077,4.3636329096372045e-11,0.5445565354490458,5.677710495773915e-09,1.1524409756475773e-07,1.1688812706666283e-07,9.73046175489679e-06,0.45156562578576925,4.937944697266651e-05,4.610789623028711e-05,0.0006442855685345603,5.2505593056619675e-06,2.839900835751653e-13,1.8458984374767965e-09,0.00010299503436601113,0.0,0.0,0.0,0.0,0.0,0.0,0.0,0.0,0.0,0.0,0.0,0.0,-2.8877649147589895e-07,5.775529831641966e-07,1.9251766088022927e-07,1.516625385114522e-16,-3.850353218186553e-07,0.0,-6.42837204211364e-14,9.478586590341521e-21,4.4970061101042854e-17,-5.645897856598082e-20,-3.6376105205543786e-16,8.184720550640694e-19,-8.12647049190471e-19,-6.474042384912341e-14,-3.353281746906192e-20,-4.8285274613547204e-17,6.376405984539207e-20,-9.40375109502081e-21,8.140171257574582e-22,-1.1671309151422532e-21,6.46952113370729e-14,3.8030702563280217e-07,2.8877649147589895e-07,5.501094905306172e-07,-5.775508680878308e-07,-4.927474812562918e-07,1.915283315862974e-10,1.3065225890154866e-07,8.499090478852697e-08,8.442988162343952e-08,8.499090478852697e-08,1.9240391525766365e-07,1.9240391525766365e-07,-1.516625385114522e-16,3.8480783216616673e-07,-2.2463604654625426e-16,3.8648541307454737e-19,-1.633934601867119e-15,3.8480789510408897e-07,1.3073332301055473e-13,7.365331298047404e-12,9.09882561757333e-11,-2.92358461433722e-11,-1.416480391120343e-19,3.845589661425535e-07,7.365331298047404e-12,9.09882561757333e-11,-1.8598754498602817e-07,2.4886426632415396e-10,-1.9226879661391094e-07,-6.5301158942011e-09,-6.530115893388453e-09,-2.0748317219327648e-16,4.73075172501543e-09,1.4341733509348016e-20,-2.11507636577413e-12,4.7282961858531505e-09,2.546833897965386e-12,6.059771408057539e-13,1.4175970275278276e-12,3.571029874103205e-21,2.0748200506236133e-16
3.5999999999999996,548,101325.0,2.771e-08,0.066,0.29999999999999993,0.6339999999999998,0.22000000000000003,548.0,1e-11,1e-22,IdealGasReactor,off,0.6314984466252261,0.0,0.0,0.28609337501847,0.02492742009202149,0.008306282623271972,6.198367760714375e-12,0.049174475634812004,0.0,0.003019036953950262,4.3600628462664176e-11,0.544715743618102,5.676385203636936e-09,1.154674053371269e-07,1.1692873200348108e-07,9.736464318124481e-06,0.451407963967739,4.935572656347235e-05,4.606052407987188e-05,0.0006436825564795169,5.24886876542354e-06,2.8373006794949044e-13,1.8462905795611072e-09,0.0001029313573048562,0.0,0.0,0.0,0.0,0.0,0.0,0.0,0.0,0.0,0.0,0.0,0.0,-2.8859049093580967e-07,5.771809817176213e-07,1.9239366049455388e-07,1.516093630463165e-16,-3.8478732115384603e-07,0.0,-1.6461360309389147e-14,-1.994082451346906e-22,-5.8896292013320506e-18,8.932407223509312e-21,2.339293242079564e-18,2.9977025398921723e-19,-2.9856339747550236e-19,-1.6445542260266748e-14,-3.0270827997155768e-21,7.207173835051323e-18,-5.257536345425211e-21,-2.235352207847988e-21,-2.048325755191345e-21,-2.2491498614536828e-23,1.6451474204515227e-14,3.8006515279810724e-07,2.8859049093580967e-07,5.497045965244181e-07,-5.77178869205666e-07,-4.924361829783845e-07,1.912858518453268e-10,1.3062769366165094e-07,8.490928176720996e-08,8.436963659805829e-08,8.490928176720996e-08,1.9228006060896704e-07,1.9228006060896704e-07,-1.516093630463165e-16,3.845601228672444e-07,-2.2432744689436107e-16,3.860208334142033e-19,-1.632579712034233e-15,3.84560137511869e-07,1.306491670183813e-13,7.354903958911935e-12,9.08818896584855e-11,-2.9179803100719656e-11,-1.4146607377896377e-19,3.8431149070180924e-07,7.354903958911935e-12,9.08818896584855e-11,-1.858660535313692e-07,2.4863035858557337e-10,-1.9214503013596952e-07,-6.5276069631846975e-09,-6.527606962886134e-09,-2.0735079351676594e-16,4.724620995873718e-09,1.432434438509019e-20,-2.1125119553207983e-12,4.722168355738771e-09,2.5435326470564165e-12,6.05523033833039e-13,1.4158890691652828e-12,3.566767427893453e-21,2.0735077102526732e-16
3.6089999999999995,548,101325.0,2.771e-08,0.066,0.29999999999999993,0.6339999999999998,0.22000000000000003,548.0,1e-11,1e-22,IdealGasReactor,off,0.6314926318124584,0.0,0.0,0.2860631168003865,0.024982438324466973,0.008324622060390734,6.212826999213926e-12,0.04913719099608445,0.0,0.0030182234702202607,4.356494896118155e-11,0.544874945671777,5.6750595923739005e-09,1.1569039449564709e-07,1.1696914663410581e-07,9.742455357279838e-06,0.451250308145738,4.933200489151153e-05,4.601318875550776e-05,0.0006430799707749765,5.247177954118072e-06,2.8347023842223554e-13,1.8466827673697408e-09,0.00010286768939934247,0.0,0.0,0.0,0.0,0.0,0.0,0.0,0.0,0.0,0.0,0.0,0.0,-2.884045204876128e-07,5.76809040983794e-07,1.9226968020653264e-07,1.5155618980321067e-16,-3.845393604933621e-07,0.0,7.05660374721702e-14,1.0943544485623584e-20,1.5389432191427633e-17,-2.1913974142572156e-19,-1.598931389037734e-16,-1.906247647795803e-18,1.924561426557727e-18,7.033276725870922e-14,-1.123108763048488e-19,-5.577475620940231e-17,6.939098968766546e-20,-7.621580125517656e-20,-2.766739608929246e-20,1.4316393262648697e-22,-7.034814182993885e-14,3.7982331411252814e-07,2.884045204876128e-07,5.492998062830602e-07,-5.76806931033944e-07,-4.921249324387052e-07,1.9104360836005462e-10,1.3060308690594826e-07,8.482769360292279e-08,8.430940359069288e-08,8.482769360292279e-08,1.9215622586810632e-07,1.9215622586810632e-07,-1.5155618980321067e-16,3.8431245338401746e-07,-2.240191911257032e-16,3.855566889670695e-19,-1.6312253498263133e-15,3.843123812519167e-07,1.3056502455316348e-13,7.344487921121632e-12,9.077561794644221e-11,-2.912385346280571e-11,-1.41284296518374e-19,3.840640550409208e-07,7.344487921121632e-12,9.077561794644221e-11,-1.8574458208865282e-07,2.4839655913771857e-10,-1.9202128364741324e-07,-6.52509811787983e-09,-6.525098119804392e-09,-2.0721941076571292e-16,4.718496124336498e-09,1.430697089317014e-20,-2.1099498500625602e-12,4.716046380833989e-09,2.540234551332973e-12,6.050689999658197e-13,1.4141826034064382e-12,3.5625086188865225e-21,2.0721955392964554e-16
3.6179999999999994,548,101325.0,2.771e-08,0.066,0.29999999999999993,0.6339999999999998,0.22000000000000003,548.0,1e-11,1e-22,IdealGasReactor,off,0.6314868208555974,0.0,0.0,0.28603287864706956,0.025037420073336772,0.008342949336300082,6.227280915639236e-12,0.04909993108146886,0.0,0.0030174096480733536,4.352929060266716e-11,0.545034141609729,5.673733663473767e-09,1.1591306516473971e-07,1.170093711400373e-07,9.748434876974623e-06,0.45109265831895573,4.9308281978250804e-05,4.59658902604664e-05,0.0006424778115020377,5.2454868726557516e-06,2.832105949906536e-13,1.8470750005009063e-09,0.00010280403069422955,0.0,0.0,0.0,0.0,0.0,0.0,0.0,0.0,0.0,0.0,0.0,0.0,-2.882185803443363e-07,5.764371605404725e-07,1.9214572010214685e-07,1.5150301878182444e-16,-3.842914403623412e-07,0.0,4.756466961581649e-16,-4.203856911102994e-24,-2.2922746511694236e-18,3.3432860960059765e-23,-3.318569208223942e-18,-2.0381730293306602e-20,2.0338716901453844e-20,4.788678698123444e-16,-1.428439539786427e-22,4.239535153519758e-18,-2.7631679576133706e-21,7.361907451721946e-23,8.426265112959264e-23,4.972552274155921e-24,-4.765600933406752e-16,3.795815101007103e-07,2.882185803443363e-07,5.488951202498615e-07,-5.764350531504221e-07,-4.918137299950094e-07,1.908016011181127e-10,1.3057843869036446e-07,8.47461403757333e-08,8.424918266848261e-08,8.47461403757333e-08,1.9203241117692765e-07,1.9203241117692765e-07,-1.5150301878182444e-16,3.840648240001021e-07,-2.237112790492313e-16,3.8509297968193287e-19,-1.629871515962632e-15,3.8406482172348433e-07,1.304808957112818e-13,7.334083182303597e-12,9.066944104705216e-11,-2.9067997123187317e-11,-1.4110270724443624e-19,3.8381665933191024e-07,7.334083182303597e-12,9.066944104705216e-11,-1.8562313074377022e-07,2.4816286813418227e-10,-1.9189755723401262e-07,-6.522589358376615e-09,-6.522589358396954e-09,-2.0708834896073756e-16,4.712377110939625e-09,1.428961303570189e-20,-2.1073900503110676e-12,4.709930261630888e-09,2.5369396110575376e-12,6.046150397776197e-13,1.4124776305854205e-12,3.558253448165493e-21,2.0708835393328984e-16
3.6269999999999993,548,101324.99999999999,2.771e-08,0.066,0.29999999999999993,0.6339999999999998,0.22000000000000003,548.0,1e-11,1e-22,IdealGasReactor,off,0.6314810137538197,0.0,0.0,0.28600266055423584,0.02509236534641919,0.008361264453596267,6.2417295106044635e-12,0.04906269588568726,0.0,0.00301659548786845,4.349365338861743e-11,0.5451933313173453,5.672407417237142e-09,1.1613541744536826e-07,1.1704940568490616e-07,9.754402882377796e-06,0.45093501460164,4.9284557834814654e-05,4.591862858827466e-05,0.0006418760786056052,5.243795522090522e-06,2.8295113763594027e-13,1.8474672790263864e-09,0.00010274038123877211,0.0,0.0,0.0,0.0,0.0,0.0,0.0,0.0,0.0,0.0,0.0,0.0,-2.8803267059699805e-07,5.76065341061325e-07,1.920217802777413e-07,1.5144985002053543e-16,-3.840435607808463e-07,0.0,3.2092973952998784e-15,-1.584147392795071e-21,1.1707489464319003e-17,1.555239826110115e-20,-1.8697511156809832e-17,2.6297726034285856e-19,-2.888547786259675e-19,3.2647249450409867e-15,2.74536721662375e-22,8.575285511952637e-17,1.645875313295606e-20,5.9319189677709e-22,-5.560737301607104e-21,1.4864743195784729e-22,-3.276524181669953e-15,3.7933974078422934e-07,2.8803267059699805e-07,5.484905386367631e-07,-5.760632362287695e-07,-4.915025757986013e-07,1.9055983002649535e-10,1.3055374901612969e-07,8.466462213003408e-08,8.418897386318643e-08,8.466462213003408e-08,1.9190861659635454e-07,1.9190861659635454e-07,-1.5144985002053543e-16,3.838172348374321e-07,-2.2340371049177186e-16,3.846297054023019e-19,-1.6285182112352503e-15,3.8381722977653965e-07,1.303967805341322e-13,7.323689736979629e-12,9.056335892945539e-11,-2.9012233962858513e-11,-1.4092130587736128e-19,3.835693037673179e-07,7.323689736979629e-12,9.056335892945539e-11,-1.8550169959129407e-07,2.47929285745948e-10,-1.9177385099196946e-07,-6.520080686447224e-09,-6.520080686158369e-09,-2.069570224579662e-16,4.706263954138957e-09,1.4272270808745962e-20,-2.104832555485822e-12,4.703819996616968e-09,2.533647825414484e-12,6.04161153586876e-13,1.4107741504363794e-12,3.554001915278918e-21,2.0695717110539815e-16
3.6359999999999997,548,101325.0,2.771e-08,0.066,0.29999999999999993,0.6339999999999998,0.22000000000000003,548.0,1e-11,1e-22,IdealGasReactor,off,0.6314752105062996,0.0,0.0,0.2859724625175884,0.02514727415152724,0.008379567414883726,6.256172784725686e-12,0.04902548540344497,0.0,0.0030157809904061677,4.345803732688796e-11,0.5453525147589047,5.671080854787656e-09,1.1635745145556687e-07,1.1708925044521517e-07,9.76035937829911e-06,0.4507773770286026,4.926083247948867e-05,4.587140373913774e-05,0.0006412747721241252,5.242103903378527e-06,2.8269186635019213e-13,1.8478596026900866e-09,0.00010267674107909761,0.0,0.0,0.0,0.0,0.0,0.0,0.0,0.0,0.0,0.0,0.0,0.0,-2.8784679142081585e-07,5.756935826902254e-07,1.9189786082236863e-07,1.513966835310102e-16,-3.837957217936186e-07,0.0,1.0048442677709023e-16,3.7909591794948736e-23,2.6162909582429086e-18,4.295537624446651e-22,2.7422691667357973e-20,1.0614381620280451e-20,-1.058129439577833e-20,9.798953258998332e-17,5.530724253779177e-22,1.1521768661940754e-19,3.024801792630912e-21,6.958656903102345e-23,-1.856814557093824e-22,-8.01624383775029e-24,-1.0062369266277846e-16,3.790980062079712e-07,2.8784679142081585e-07,5.480860618151532e-07,-5.756914804128598e-07,-4.911914701432867e-07,1.9031829504745522e-10,1.3052901792241861e-07,8.458313893473599e-08,8.412877723097638e-08,8.458313893473599e-08,1.917848422431517e-07,1.917848422431517e-07,-1.513966835310102e-16,3.835696861294925e-07,-2.230964852674338e-16,3.8416686604372726e-19,-1.6271654363847156e-15,3.835696842369174e-07,1.3031267910105299e-13,7.313307581795676e-12,9.045737158908292e-11,-2.8956563871568238e-11,-1.4074009233297778e-19,3.8332198852540954e-07,7.313307581795676e-12,9.045737158908292e-11,-1.853802887196692e-07,2.4769581213154903e-10,-1.916501650102371e-07,-6.517572102699418e-09,-6.517572102688837e-09,-2.0682601359255005e-16,4.700156653796349e-09,1.4254944212508816e-20,-2.1022773656174538e-12,4.697715585647387e-09,2.5303591943249797e-12,6.037073418879308e-13,1.409072163104245e-12,3.5497540208257875e-21,2.068260055763062e-16
3.6449999999999996,548,101324.99999999999,2.771e-08,0.066,0.29999999999999993,0.6339999999999998,0.22000000000000003,548.0,1e-11,1e-22,IdealGasReactor,off,0.6314694111122087,0.0,0.0,0.28594228453281634,0.025202146496499593,0.008397858222775027,6.2706107386207454e-12,0.04898829962942988,0.0,0.003014966156090435,4.3422442419530385e-11,0.5455116918279654,5.669753976507268e-09,1.1657916729856003e-07,1.1712890558633614e-07,9.766304369895698e-06,0.45061974570586755,4.923710592410111e-05,4.582421570714401e-05,0.0006406738920105376,5.2404120175612226e-06,2.8243278111503075e-13,1.8482519715311713e-09,0.0001026131102640102,0.0,0.0,0.0,0.0,0.0,0.0,0.0,0.0,0.0,0.0,0.0,0.0,-2.87660942915071e-07,5.753218856427667e-07,1.9177396183138192e-07,1.5134351934886136e-16,-3.835479237497872e-07,0.0,1.4232589916463878e-14,-1.1905134416105366e-21,2.793654046760701e-17,-9.594849410908294e-21,3.623437541764446e-17,-1.9995271511121827e-19,1.9854568088926557e-19,1.420410152996306e-14,4.385865694379048e-22,-3.622236039791169e-17,3.575033591735824e-20,-1.800565398374803e-21,3.280952206882709e-22,-2.488324641215877e-23,-1.4232231293291582e-14,3.7885630672245853e-07,2.87660942915071e-07,5.476816900124367e-07,-5.753197859182865e-07,-4.908804131940929e-07,1.9007699609280098e-10,1.305042454144471e-07,8.450169083646621e-08,8.40685928059426e-08,8.450169083646621e-08,1.91661088183712e-07,1.91661088183712e-07,-1.5134351934886136e-16,3.8332217800908494e-07,-2.2278960320089294e-16,3.8370446145547467e-19,-1.6258131921942167e-15,3.8332216201197866e-07,1.3022859145715638e-13,7.302936711453626e-12,9.035147899739731e-11,-2.8900986731228407e-11,-1.4055906653052497e-19,3.830747137967502e-07,7.302936711453626e-12,9.035147899739731e-11,-1.85258898222596e-07,2.4746244745974405e-10,-1.9152649938392078e-07,-6.515063608785922e-09,-6.515063608984468e-09,-2.0669488230440324e-16,4.694055208524255e-09,1.4237633243409442e-20,-2.099724480178101e-12,4.6916170273286655e-09,2.527073717036252e-12,6.032536050161081e-13,1.4073716683588418e-12,3.5455097644448634e-21,2.0669485742115683e-16
3.6539999999999995,548,101324.99999999999,2.771e-08,0.066,0.29999999999999993,0.6339999999999998,0.22000000000000003,548.0,1e-11,1e-22,IdealGasReactor,off,0.631463615570716,0.0,0.0,0.28591212659559584,0.02525698238919811,0.00841613687989099,6.2850433729096306e-12,0.04895113855831417,0.0,0.003014150985836353,4.33868686759707e-11,0.5456708625093827,5.66842678373364e-09,1.1680056509777738e-07,1.171683712886319e-07,9.772237861913006e-06,0.450462120647529,4.921337818878633e-05,4.577706449411073e-05,0.0006400734383261809,5.2387198655696964e-06,2.8217388192491513e-13,1.8486443852082296e-09,0.00010254948883872514,0.0,0.0,0.0,0.0,0.0,0.0,0.0,0.0,0.0,0.0,0.0,0.0,-2.8747512527642007e-07,5.749502504073821e-07,1.9165008339184862e-07,1.5129035747878918e-16,-3.833001669324071e-07,0.0,3.664681213783871e-15,-3.6671939222940917e-23,6.089102248646759e-19,5.1630370900736756e-21,-5.82483382003101e-18,2.950851029997169e-19,-2.9440598771681084e-19,3.6565675712089055e-15,1.1966584329521773e-20,-1.9719506535301943e-18,-1.764797914817554e-21,1.4054315595158786e-21,-4.8131120612475995e-21,-4.3779909160306584e-24,-3.657184418920238e-15,3.786146426105596e-07,2.8747512527642007e-07,5.47277423640302e-07,-5.749481532334828e-07,-4.905694052813214e-07,1.8983593313831448e-10,1.3047943154136858e-07,8.442027791026963e-08,8.40084206504881e-08,8.442027791026963e-08,1.9153735454902576e-07,1.9153735454902576e-07,-1.5129035747878918e-16,3.8307471073819074e-07,-2.2248306410220545e-16,3.8324249157056513e-19,-1.6244614793882978e-15,3.830747052901984e-07,1.3014451769144668e-13,7.292577123114882e-12,9.024568115632243e-11,-2.8845502433857657e-11,-1.4037822838426438e-19,3.8282747975549765e-07,7.292577123114882e-12,9.024568115632243e-11,-1.8513752818683422e-07,2.472291918851481e-10,-1.9140285419996416e-07,-6.512555205014408e-09,-6.512555204720002e-09,-2.0656373116392173e-16,4.6879596185048665e-09,1.4220337902669706e-20,-2.0971738993483023e-12,4.685524321847528e-09,2.523791393647192e-12,6.027999435103924e-13,1.4056726664452047e-12,3.541269146992005e-21,2.0656372678593082e-16
3.6629999999999994,548,101325.00000000003,2.771e-08,0.066,0.29999999999999993,0.6339999999999998,0.22000000000000003,548.0,1e-11,1e-22,IdealGasReactor,off,0.6314578238809879,0.0,0.0,0.2858819887015894,0.025311781837509196,0.008434403388860576,6.299470688214262e-12,0.048914002184753384,0.0,0.003013335480099259,4.335131609894616e-11,0.5458300267055936,5.6670992769438945e-09,1.1702164495917018e-07,1.1720764771949636e-07,9.778159859495523e-06,0.4503045019506707,4.918964928620169e-05,4.5729950094818854e-05,0.000639473411033936,5.237027448436211e-06,2.8191516876245745e-13,1.8490368437228718e-09,0.0001024858768516676,0.0,0.0,0.0,0.0,0.0,0.0,0.0,0.0,0.0,0.0,0.0,0.0,-2.8728933861357675e-07,5.745786771281075e-07,1.9152622559818627e-07,1.5123719795339924e-16,-3.8305245143367984e-07,0.0,7.424713163013813e-15,-3.03115173798972e-22,-3.5936870626131764e-17,1.467671722523922e-21,-5.244224498423709e-17,-1.095848875510251e-19,1.1508398426327763e-19,7.458480229063418e-15,6.552326641508761e-23,4.9918404841863485e-17,-4.4651422319217324e-20,-1.1524693884395058e-21,-3.167990111363866e-21,-1.780290529607437e-22,-7.422290411952517e-15,3.7837301396573264e-07,2.8728933861357675e-07,5.46873262943774e-07,-5.745765825024849e-07,-4.902584465860253e-07,1.895951061015713e-10,1.304545763128789e-07,8.433890020541913e-08,8.394826080143871e-08,8.433890020541913e-08,1.9141364141174236e-07,1.9141364141174236e-07,-1.5123719795339924e-16,3.828272844620963e-07,-2.221768677941478e-16,3.8278095624565803e-19,-1.6231102987428934e-15,3.828272752137707e-07,1.3006045785328715e-13,7.282228811699491e-12,9.013997804010841e-11,-2.8790110862449494e-11,-1.401975778126827e-19,3.825802865904865e-07,7.282228811699491e-12,9.013997804010841e-11,-1.8501617870528207e-07,2.469960455746282e-10,-1.9127922955261714e-07,-6.510046892904213e-09,-6.510046893019297e-09,-2.0643279178167704e-16,4.681869882485157e-09,1.420305818714005e-20,-2.094625622663785e-12,4.6794374679471894e-09,2.520512223479674e-12,6.023463577256995e-13,1.403975157175622e-12,3.537032168214324e-21,2.0643261375262408e-16
3.6719999999999993,548,101324.99999999999,2.771e-08,0.066,0.29999999999999993,0.6339999999999998,0.22000000000000003,548.0,1e-11,1e-22,IdealGasReactor,off,0.6314520360421886,0.0,0.0,0.28585187084644587,0.02536654484934534,0.008452657752320871,6.313892685158251e-12,0.048876890503385464,0.0,0.0030125196391648096,4.3315784688708505e-11,0.5459891842884844,5.665771456297296e-09,1.1724240698248241e-07,1.1724673504162595e-07,9.78407036794175e-06,0.45014688974313505,4.916591922624424e-05,4.5682872501435955e-05,0.000638873810060125,5.235334767230802e-06,2.8165664160580373e-13,1.8494293472044713e-09,0.00010242227435244073,0.0,0.0,0.0,0.0,0.0,0.0,0.0,0.0,0.0,0.0,0.0,0.0,-2.871035830027643e-07,5.74207166027312e-07,1.9140238854749072e-07,1.5118404081563885e-16,-3.828047772164673e-07,0.0,1.1704156007281274e-14,-1.4157797954544434e-21,9.789645992466716e-18,1.539470160073103e-20,-1.7288344794110216e-16,-2.916175618718946e-19,2.9214613028331597e-19,1.1501183962165868e-14,-7.084098964165047e-21,-1.9827206373152704e-17,1.308678953412968e-20,1.0556323881036885e-20,1.3681414419174336e-20,-4.82912326316325e-22,-1.1511085705044365e-14,3.781314207526327e-07,2.871035830027643e-07,5.464692081063322e-07,-5.742050739476626e-07,-4.899475372341084e-07,1.8935451487859077e-10,1.304296797241359e-07,8.425755776164236e-08,8.388811328617018e-08,8.425755776164236e-08,1.9128994882296576e-07,1.9128994882296576e-07,-1.5118404081563885e-16,3.8257989928300115e-07,-2.2187101410402138e-16,3.8231985530904434e-19,-1.6217596510524249e-15,3.825798859935503e-07,1.2997641197740155e-13,7.271891771296121e-12,9.003436961275766e-11,-2.8734811896720626e-11,-1.400171147357261e-19,3.823331344959366e-07,7.271891771296121e-12,9.003436961275766e-11,-1.8489484987306703e-07,2.467630086993889e-10,-1.9115562553879185e-07,-6.507538674423687e-09,-6.507538674715833e-09,-2.063020012919426e-16,4.67578599867119e-09,1.4185794092048085e-20,-2.0920796494210013e-12,4.673356463834612e-09,2.517236205567138e-12,6.018928479489106e-13,1.4022791402018046e-12,3.532798827447627e-21,2.063015183796163e-16
3.680999999999999,548,101325.0,2.771e-08,0.066,0.29999999999999993,0.6339999999999998,0.22000000000000003,548.0,1e-11,1e-22,IdealGasReactor,off,0.631446252053479,0.0,0.0,0.28582177302580086,0.025421271432641664,0.008470899972917159,6.328309364367417e-12,0.04883980350883291,0.0,0.003011703464119522,4.328027445704665e-11,0.5461483352735761,5.664443323450352e-09,1.1746285129884658e-07,1.1728563344119061e-07,9.789969391902202e-06,0.44998928400814264,4.9142188031805503e-05,4.563583171819934e-05,0.0006382746355004153,5.233641822847696e-06,2.813983004530199e-13,1.8498218951835383e-09,0.00010235868138492953,0.0,0.0,0.0,0.0,0.0,0.0,0.0,0.0,0.0,0.0,0.0,0.0,-2.8691785867270604e-07,5.738357172178073e-07,1.9127857232387492e-07,1.5113088605982619e-16,-3.825571447621867e-07,0.0,6.966395879843683e-14,-2.6260271814436397e-20,2.5654740608684746e-18,1.3616121680311378e-19,-2.3557574449918194e-17,-1.764581387367521e-18,1.7673342444460977e-18,6.960198685046083e-14,4.1853371109079923e-20,-3.401515558403612e-17,-4.057149632141569e-20,-1.3552423758492236e-20,-4.590293991801534e-20,2.0722266195843373e-21,-6.960461494404271e-14,3.77889863451995e-07,2.8691785867270604e-07,5.460652595998769e-07,-5.738336276818272e-07,-4.896366776102732e-07,1.8911415946535448e-10,1.304047418391667e-07,8.417625066311908e-08,8.382797817636317e-08,8.417625066311908e-08,1.9116627693493067e-07,1.9116627693493067e-07,-1.5113088605982619e-16,3.823325555054663e-07,-2.2156550283596436e-16,3.81859188719863e-19,-1.6204095370176708e-15,3.8233248411678744e-07,1.2989238016722916e-13,7.261565999835692e-12,8.992885588588345e-11,-2.867960543208784e-11,-1.3983683906538225e-19,3.820860236399941e-07,7.261565999835692e-12,8.992885588588345e-11,-1.847735417744435e-07,2.4653008140829657e-10,-1.9103204224246938e-07,-6.505030549431409e-09,-6.5050305511987435e-09,-2.0616836860962344e-16,4.66970796776873e-09,1.4168545620136238e-20,-2.089535980024537e-12,4.667281310191714e-09,2.513963340274516e-12,6.014394147856487e-13,1.4005846159185651e-12,3.528569125931771e-21,2.0617044083624302e-16
3.689999999999999,548,101324.99999999999,2.771e-08,0.066,0.29999999999999993,0.6339999999999998,0.22000000000000003,548.0,1e-11,1e-22,IdealGasReactor,off,0.6314404719140181,0.0,0.0,0.2857916952352766,0.025475961595358563,0.008489130053302844,6.342720726469396e-12,0.04880274119570114,0.0,0.0030108869552468633,4.32447854040828e-11,0.5463074795323953,5.663114878558418e-09,1.1768297800878811e-07,1.1732434308129608e-07,9.79585693670387e-06,0.44983168487390046,4.9118455712746896e-05,4.558882773713389e-05,0.0006376758872793323,5.231948616356397e-06,2.8114014528159077e-13,1.8502144877921494e-09,0.00010229509799863705,0.0,0.0,0.0,0.0,0.0,0.0,0.0,0.0,0.0,0.0,0.0,0.0,-2.8673216569884934e-07,5.734643311581559e-07,1.9115477702422012e-07,1.5107773372903178e-16,-3.8230955411086604e-07,0.0,-1.753363201619513e-14,1.3674227055597668e-21,3.468518212895881e-17,-7.434089204734155e-21,8.872744237871681e-17,-3.0403188850509043e-19,2.9771967325069827e-19,-1.7534122087620843e-14,1.7441264067574607e-20,-5.374460042176756e-17,3.061652648530471e-20,-2.0895099260972325e-21,5.538487137557624e-21,6.71477316977564e-22,1.749917495883343e-14,3.776483421056697e-07,2.8673216569884934e-07,5.456614176062757e-07,-5.734622441635421e-07,-4.893258678392819e-07,1.8887403975688414e-10,1.303797626531111e-07,8.409497894926133e-08,8.376785549918901e-08,8.409497894926133e-08,1.910426257982496e-07,1.910426257982496e-07,-1.5107773372903178e-16,3.820852532305293e-07,-2.2126033381659612e-16,3.813989563046775e-19,-1.619059957430819e-15,3.820852689795373e-07,1.2980836245715977e-13,7.251251491363972e-12,8.982343682305131e-11,-2.8624491348270162e-11,-1.3965675072116942e-19,3.818389542164906e-07,7.251251491363972e-12,8.982343682305131e-11,-1.8465225450431987e-07,2.4629726387174863e-10,-1.9090847976034206e-07,-6.502522519900261e-09,-6.502522520197981e-09,-2.0603870970296698e-16,4.6636357878790455e-09,1.4151312766547585e-20,-2.086994613758495e-12,4.6612120051963065e-09,2.5106936266192446e-12,6.009860585211069e-13,1.39889158396943e-12,3.5243430629806884e-21,2.0603938118028395e-16
3.698999999999999,548,101325.00000000003,2.771e-08,0.066,0.29999999999999993,0.6339999999999998,0.22000000000000003,548.0,1e-11,1e-22,IdealGasReactor,off,0.6314346956229618,0.0,0.0,0.28576163747048144,0.0255306153454812,0.008507347996139461,6.3571267720936954e-12,0.04876570355857882,0.0,0.0030100701135522207,4.320931754037089e-11,0.5464666170658233,5.661786123125062e-09,1.1790278724138871e-07,1.173628641463562e-07,9.801733007097043e-06,0.44967409233836975,4.909472229062464e-05,4.554186056113301e-05,0.0006370775654740136,5.230255148669765e-06,2.8088217608713985e-13,1.8506071246211095e-09,0.00010223152423796514,0.0,0.0,0.0,0.0,0.0,0.0,0.0,0.0,0.0,0.0,0.0,0.0,-2.865465042939934e-07,5.730930084401156e-07,1.9103100273381507e-07,1.5102458382252972e-16,-3.8206200562481517e-07,0.0,-4.925984889542959e-16,-8.332212627682367e-24,-5.923450441185869e-18,4.166318270714356e-22,-3.19437300233278e-18,2.6469779601696886e-21,-2.4691341284707876e-21,-4.895890404497055e-16,-4.065251417916096e-22,2.0336919924274494e-19,-7.085001471527718e-21,-1.2397369430638502e-22,-7.704923448635223e-23,3.4572487377128636e-24,4.955531428954605e-16,3.7740685707556357e-07,2.865465042939934e-07,5.45257682566971e-07,-5.730909239845647e-07,-4.89015108278704e-07,1.8863415573809365e-10,1.3035474222310604e-07,8.401374269944131e-08,8.370774532167183e-08,8.401374269944131e-08,1.9091899555459437e-07,1.9091899555459437e-07,-1.5102458382252972e-16,3.818379927417019e-07,-2.2095550685175127e-16,3.8093915800795036e-19,-1.6177109129994894e-15,3.818379914477532e-07,1.2972435894345557e-13,7.240948243381642e-12,8.971811243066326e-11,-2.856946953911944e-11,-1.394768496155e-19,3.8159192639595986e-07,7.240948243381642e-12,8.971811243066326e-11,-1.8453098814791134e-07,2.4606455624020725e-10,-1.9078493817757504e-07,-6.500014585903745e-09,-6.5000145859012756e-09,-2.0590833611226127e-16,4.657569459487646e-09,1.4134095533195736e-20,-2.0844555509054744e-12,4.655148549251608e-09,2.507427064816553e-12,6.005327797273245e-13,1.3972000446667786e-12,3.520120639622985e-21,2.0590833956951e-16
3.7079999999999993,548,101325.0,2.771e-08,0.066,0.29999999999999993,0.6339999999999998,0.22000000000000003,548.0,1e-11,1e-22,IdealGasReactor,off,0.6314289231794638,0.0,0.0,0.2857315997270119,0.025585232691016223,0.008525553804096787,6.371527501872215e-12,0.04872869059203995,0.0,0.003009252939198146,4.317387086423535e-11,0.5466257477233624,5.6604570570775914e-09,1.1812227909286706e-07,1.1740119679648029e-07,9.807597608538652e-06,0.44951650655193387,4.9070987773318756e-05,4.549493018029908e-05,0.0006364796699822964,5.228561420886604e-06,2.806243928438255e-13,1.8509998058940286e-09,0.00010216796015326393,0.0,0.0,0.0,0.0,0.0,0.0,0.0,0.0,0.0,0.0,0.0,0.0,-2.8636087451022583e-07,5.727217488697218e-07,1.909072495514972e-07,1.5097143639084614e-16,-3.81814499245872e-07,0.0,-2.0025570309779032e-16,-3.993424961229091e-23,7.564556397185457e-18,2.535856208733225e-22,-1.896295010665565e-19,7.040961374051372e-21,-7.126160977144333e-21,-2.0858438450787852e-16,6.985624081592889e-22,-4.863526010093002e-19,8.832894892318178e-21,-2.6573177178266014e-23,9.030076237441982e-23,1.1958973205842849e-23,2.0096737967342526e-16,3.771654083057317e-07,2.8636087451022583e-07,5.448540546193318e-07,-5.727196669509313e-07,-4.887043990135769e-07,1.8839450728819588e-10,1.303296805339384e-07,8.393254194610396e-08,8.364764766415233e-08,8.393254194610396e-08,1.90795386239066e-07,1.90795386239066e-07,-1.5097143639084614e-16,3.8159077410912333e-07,-2.2065102177095764e-16,3.804797936354423e-19,-1.6163624045279007e-15,3.815907725357448e-07,1.2964036964996668e-13,7.230656249322915e-12,8.961288266480225e-11,-2.8514539882076738e-11,-1.3929713566876438e-19,3.813449403760905e-07,7.230656249322915e-12,8.961288266480225e-11,-1.8440974280175844e-07,2.4583195868693604e-10,-1.906614175928102e-07,-6.497506749738769e-09,-6.497506749731643e-09,-2.0577730408578797e-16,4.651508980346268e-09,1.4116893914039716e-20,-2.0819187905746467e-12,4.64909094014024e-09,2.504163653671332e-12,6.000795786403583e-13,1.3955099975364435e-12,3.515901854871587e-21,2.0577731604476117e-16
3.716999999999999,548,101325.0,2.771e-08,0.066,0.29999999999999993,0.6339999999999998,0.22000000000000003,548.0,1e-11,1e-22,IdealGasReactor,off,0.6314231545826746,0.0,0.0,0.28570158200044843,0.025639813639999773,0.008543747479852504,6.385922916437968e-12,0.04869170229063866,0.0,0.0030084354330478734,4.3138445384078137e-11,0.5467848714804033,5.659127681653676e-09,1.1834145368750594e-07,1.1743934121243745e-07,9.813450745923997e-06,0.4493589275382198,4.9047252180074586e-05,4.544803659526584e-05,0.0006358822008498156,5.226867433950173e-06,2.8036679554311003e-13,1.8513925313089836e-09,0.00010210440578982906,0.0,0.0,0.0,0.0,0.0,0.0,0.0,0.0,0.0,0.0,0.0,0.0,-2.8617527653287933e-07,5.723505529113385e-07,1.9078351756461566e-07,1.5091829144188522e-16,-3.815670352727818e-07,0.0,5.098117543692355e-15,-1.754864447849276e-21,3.5376928542091474e-18,7.40145624644161e-21,3.528315741787788e-18,-8.012402285433647e-20,7.990812871446013e-20,5.094169607497625e-15,1.674100165785368e-21,-3.8005560691097384e-18,4.1443037119645966e-21,-1.0646331471440312e-21,2.1757849778388634e-22,3.868449133177633e-23,-5.097741514778815e-15,3.769239960949803e-07,2.8617527653287933e-07,5.444505341526865e-07,-5.723484735270057e-07,-4.883937403550343e-07,1.881550943735688e-10,1.303045776306855e-07,8.385137676050366e-08,8.358756258568587e-08,8.385137676050366e-08,1.9067179797513681e-07,1.9067179797513681e-07,-1.5091829144188522e-16,3.81343597579744e-07,-2.203468783833823e-16,3.800208631069316e-19,-1.6150144327375432e-15,3.813435907051854e-07,1.2955639466058918e-13,7.220375505970659e-12,8.950774752308004e-11,-2.8459702268257335e-11,-1.3911760879431146e-19,3.810979963315615e-07,7.220375505970659e-12,8.950774752308004e-11,-1.8428851855276255e-07,2.4559947136544226e-10,-1.9053791809325002e-07,-6.494999011853121e-09,-6.494999011933029e-09,-2.0564627205931467e-16,4.645454350397842e-09,1.409970790959066e-20,-2.0793843328417296e-12,4.64303917780153e-09,2.5009033931491128e-12,5.996264557747161e-13,1.393821442752207e-12,3.511686709399355e-21,2.05646310743806e-16
3.725999999999999,548,101324.99999999997,2.771e-08,0.066,0.29999999999999993,0.6339999999999998,0.22000000000000003,548.0,1e-11,1e-22,IdealGasReactor,off,0.6314173898317432,0.0,0.0,0.28567158428636014,0.02569435820048859,0.00856192902609257,6.400313016426506e-12,0.0486547386489151,0.0,0.0030076175956768527,4.3103041104112573e-11,0.5469439882605369,5.657797997552007e-09,1.1856031113862998e-07,1.1747729756687604e-07,9.819292424399862e-06,0.4492013553730147,4.902351552545949e-05,4.5401179802265193e-05,0.0006352851580606169,5.225173188868214e-06,2.801093841690426e-13,1.8517853007803163e-09,0.00010204086119498924,0.0,0.0,0.0,0.0,0.0,0.0,0.0,0.0,0.0,0.0,0.0,0.0,-2.8598971049229543e-07,5.719794208267459e-07,1.9065980686514082e-07,1.5086514900108948e-16,-3.81319613894426e-07,0.0,-3.9673740126825236e-15,-2.0718750233575154e-21,-7.903835016362839e-18,-6.001732565414523e-21,6.924494343803905e-18,-1.495807245291891e-19,1.5481925934848742e-19,-3.9472791353907605e-15,-6.100047870136921e-21,5.318754942122146e-18,-5.4631226354905325e-21,-3.3603178409201058e-21,6.97564160355125e-21,1.8299324215066483e-22,3.955236996126638e-15,3.766826206331531e-07,2.8598971049229543e-07,5.440471214521613e-07,-5.719773439745684e-07,-4.880831325208693e-07,1.8791591692424307e-10,1.302794335337244e-07,8.377024719777977e-08,8.352749012933409e-08,8.377024719777977e-08,1.9054823084979672e-07,1.9054823084979672e-07,-1.5086514900108948e-16,3.810964633275371e-07,-2.2004307650610577e-16,3.795623662944925e-19,-1.6136669983822303e-15,3.810964654960003e-07,1.2947243403443031e-13,7.2101060087083894e-12,8.940270698582422e-11,-2.8404956583195983e-11,-1.3893826890811938e-19,3.808510944463264e-07,7.2101060087083894e-12,8.940270698582422e-11,-1.8416731549168567e-07,2.4536709443688944e-10,-1.9041443977070917e-07,-6.492491373455145e-09,-6.4924913736099646e-09,-2.0551514077116786e-16,4.6394055686768304e-09,1.4082537517627477e-20,-2.076852177379427e-12,4.6369932612729124e-09,2.4976462827299174e-12,5.991734115298142e-13,1.39213438021744e-12,3.5074752031863616e-21,2.0551532376441e-16
3.734999999999999,548,101324.99999999999,2.771e-08,0.066,0.29999999999999993,0.6339999999999998,0.22000000000000003,548.0,1e-11,1e-22,IdealGasReactor,off,0.6314116289258151,0.0,0.0,0.2856416065803023,0.025748866380564606,0.008580098445511006,6.4146978024751615e-12,0.048617799661392305,0.0,0.003006799427576709,4.306765802731023e-11,0.547103097972202,5.65646800531409e-09,1.1877885155664227e-07,1.1751506603024026e-07,9.825122649196036e-06,0.4490437901473581,4.899977782267681e-05,4.5354359796216976e-05,0.00063468854158046,5.223478686667706e-06,2.79852158703385e-13,1.8521781142859956e-09,0.00010197732641665083,0.0,0.0,0.0,0.0,0.0,0.0,0.0,0.0,0.0,0.0,0.0,0.0,-2.8580417650270266e-07,5.716083528858013e-07,1.9053611754637567e-07,1.5081200909902997e-16,-3.8107223522579915e-07,0.0,-1.5958598308496694e-15,-6.981440362604548e-22,7.081151650345084e-18,-4.6919529794254684e-21,-3.11497425143953e-17,-3.1676385249350663e-19,3.1748019090397755e-19,-1.6451578084699985e-15,-8.699549278022278e-21,-1.0633989193530939e-17,1.1661906507470126e-20,2.868765761910469e-22,7.024216814325152e-21,2.729177305443725e-22,1.6380154746643126e-15,3.7644128203647657e-07,2.8580417650270266e-07,5.436438167723276e-07,-5.716062785634775e-07,-4.877725757015455e-07,1.8767697485947195e-10,1.3025424825627995e-07,8.368915330831646e-08,8.346743033347323e-08,8.368915330831646e-08,1.9042468493936068e-07,1.9042468493936068e-07,-1.5081200909902997e-16,3.8084937150514585e-07,-2.1973961595829483e-16,3.791043030559806e-19,-1.6123201022244626e-15,3.8084937137305985e-07,1.29388487823344e-13,7.199847752503438e-12,8.929776102824934e-11,-2.8350302710838827e-11,-1.387591159268073e-19,3.806042349069799e-07,7.199847752503438e-12,8.929776102824934e-11,-1.8404613371039927e-07,2.4513482806446103e-10,-1.9029098271831193e-07,-6.489983835976405e-09,-6.489983836293885e-09,-2.0538408227491496e-16,4.633362633951091e-09,1.4065382735117382e-20,-2.074322323740748e-12,4.630953189322565e-09,2.4943923217489774e-12,5.987204462713063e-13,1.3904488097551131e-12,3.503267336006815e-21,2.053843551926455e-16
3.7439999999999993,548,101325.00000000003,2.771e-08,0.066,0.29999999999999993,0.6339999999999998,0.22000000000000003,548.0,1e-11,1e-22,IdealGasReactor,off,0.6314058718640335,0.0,0.0,0.2856116488778164,0.02580333818833424,0.008598255740809916,6.4290772752231606e-12,0.048580885322576706,0.0,0.0030059809295341767,4.3032296160853626e-11,0.5472622005769299,5.655137706032987e-09,1.189970750639311e-07,1.1755264678187251e-07,9.830941425316161e-06,0.4488862318988364,4.897603908970836e-05,4.530757657643262e-05,0.0006340923514368041,5.221783928309455e-06,2.7959511913498376e-13,1.852570971581871e-09,0.00010191380150053975,0.0,0.0,0.0,0.0,0.0,0.0,0.0,0.0,0.0,0.0,0.0,0.0,-2.856186747342575e-07,5.712373493186267e-07,1.90412449696673e-07,1.5075887174830424e-16,-3.808248995475928e-07,0.0,-2.2082859135649936e-15,1.4038548536240331e-22,-1.0462850867036189e-18,-4.7306743468092384e-21,-8.79114320131557e-19,8.989137152736262e-20,-9.01577236846047e-20,-2.2055788872554362e-15,-7.506577221110279e-22,2.4296735011788556e-18,-6.560901370221897e-22,3.6127113253253484e-22,6.813517623178228e-22,-2.8905004506685855e-23,2.206637861815106e-15,3.7619998058597594e-07,2.856186747342575e-07,5.432406204733846e-07,-5.712352775238548e-07,-4.874620701824455e-07,1.8743826813485333e-10,1.3022902183700132e-07,8.360809515872616e-08,8.340738325271677e-08,8.360809515872616e-08,1.9030116035722207e-07,1.9030116035722207e-07,-1.5075887174830424e-16,3.806023223393567e-07,-2.1943649655033856e-16,3.786466732966752e-19,-1.610973744990849e-15,3.806023227692634e-07,1.2930455610437794e-13,7.189600733717071e-12,8.919290964290129e-11,-2.8295740540868075e-11,-1.38580149763891e-19,3.8035741789022284e-07,7.189600733717071e-12,8.919290964290129e-11,-1.8392497329660482e-07,2.449026724027225e-10,-1.9016754702427e-07,-6.487476400068171e-09,-6.487476399978014e-09,-2.0525343406024588e-16,4.627325545889646e-09,1.404824356175968e-20,-2.071794771881576e-12,4.6249189616168475e-09,2.4911415100248227e-12,5.98267560481599e-13,1.3887647314582885e-12,3.499063108326552e-21,2.0525340515524138e-16
3.7529999999999992,548,101324.99999999997,2.771e-08,0.066,0.29999999999999993,0.6339999999999998,0.22000000000000003,548.0,1e-11,1e-22,IdealGasReactor,off,0.6314001186455396,0.0,0.0,0.2855817111744312,0.02585777363192805,0.008616400914699516,6.4434514353116945e-12,0.04854399562695844,0.0,0.003005162102056084,4.2996955507860055e-11,0.5474212959857986,5.6538071002779305e-09,1.19214981772314e-07,1.1759003999316517e-07,9.836748758006195e-06,0.44872868071583366,4.89522993399942e-05,4.526083013795584e-05,0.0006334965875974025,5.220088914817511e-06,2.793382654455219e-13,1.8529638726350186e-09,0.00010185028649437848,0.0,0.0,0.0,0.0,0.0,0.0,0.0,0.0,0.0,0.0,0.0,0.0,-2.854332053037028e-07,5.708664104988377e-07,1.9028880340892285e-07,1.507057369785895e-16,-3.805776069746088e-07,0.0,7.804659563816486e-16,1.8714272817262136e-21,-2.5456819911541974e-18,-1.3581650729259742e-20,-4.2149947642150087e-17,2.8521187520828394e-19,-2.8494055996736655e-19,7.446687839680466e-16,-1.1248523400243534e-21,3.488568084438887e-18,-4.891557391984513e-21,2.5792525475169094e-21,3.935281940126564e-21,-1.9299146558480205e-22,-7.421008183516868e-16,3.7595871639766083e-07,2.854332053037028e-07,5.428375328144203e-07,-5.708643412293164e-07,-4.871516161583296e-07,1.8719979667078722e-10,1.3020375429052907e-07,8.352707280000236e-08,8.334734892616261e-08,8.352707280000236e-08,1.9017765718137016e-07,1.9017765718137016e-07,-1.507057369785895e-16,3.8035531598613227e-07,-2.1913371810032899e-16,3.781894768756705e-19,-1.6096279274397587e-15,3.8035531346736207e-07,1.2922063893052372e-13,7.179364947356582e-12,8.908815280558634e-11,-2.8241269957579807e-11,-1.384013703354644e-19,3.8011064358184915e-07,7.179364947356582e-12,8.908815280558634e-11,-1.8380383434180038e-07,2.446706276137348e-10,-1.900441327813094e-07,-6.484969067122472e-09,-6.484969066837532e-09,-2.051226667315686e-16,4.621294303283277e-09,1.4031119994605743e-20,-2.0692695213673833e-12,4.618890576947982e-09,2.4878938469056405e-12,5.978147545314109e-13,1.3870821451580377e-12,3.494862519940132e-21,2.0512247374010302e-16
3.761999999999999,548,101325.0,2.771e-08,0.066,0.29999999999999993,0.6339999999999998,0.22000000000000003,548.0,1e-11,1e-22,IdealGasReactor,off,0.6313943692694708,0.0,0.0,0.2855517934656615,0.025912172719500998,0.008634533969898078,6.4578202833838404e-12,0.04850713056901106,0.0,0.00300434294576159,4.296163607302706e-11,0.5475803841300444,5.652476188827456e-09,1.1943257179830128e-07,1.1762724583906163e-07,9.842544652435677e-06,0.44857113666643855,4.892855858878694e-05,4.52141204774686e-05,0.0006329012500530734,5.218393647191057e-06,2.7908159761924775e-13,1.8533568173281861e-09,0.00010178678144504202,0.0,0.0,0.0,0.0,0.0,0.0,0.0,0.0,0.0,0.0,0.0,0.0,-2.8524776834895644e-07,5.704955365512802e-07,1.9016517877410917e-07,1.5065260481273886e-16,-3.803303576976613e-07,0.0,-2.596978022192296e-15,1.8371600213129305e-22,7.022838201776573e-19,-6.053510159854101e-21,-4.017900785300774e-18,-1.8163562762684403e-19,1.8186806537897143e-19,-2.6023916843821615e-15,-7.392929753918561e-22,-5.115387207005241e-19,-7.819187273066752e-22,9.059695658987036e-22,2.492781623387449e-21,9.063492114216208e-24,2.6016911507565583e-15,3.757174896632182e-07,2.8524776834895644e-07,5.424345540944091e-07,-5.704934698047082e-07,-4.868412138598587e-07,1.8696156040126254e-10,1.3017844564120242e-07,8.344608628923291e-08,8.328732739904138e-08,8.344608628923291e-08,1.900541755038132e-07,1.900541755038132e-07,-1.5065260481273886e-16,3.801083526295033e-07,-2.18831280422829e-16,3.777327136697255e-19,-1.6082826503151473e-15,3.80108353459363e-07,1.291367363642984e-13,7.16914038894884e-12,8.898349049860015e-11,-2.818689084746733e-11,-1.382227775563221e-19,3.7986391216381577e-07,7.16914038894884e-12,8.898349049860015e-11,-1.8368271693587362e-07,2.4443869385608517e-10,-1.8992074008025333e-07,-6.482461838235559e-09,-6.482461838417427e-09,-2.0499155198703405e-16,4.6152689052635885e-09,1.4014012031728874e-20,-2.066746571914218e-12,4.6128680344431065e-09,2.484649331919775e-12,5.97362028835563e-13,1.3854010507863139e-12,3.490665570900662e-21,2.0499156105052616e-16
3.770999999999999,548,101324.99999999999,2.771e-08,0.066,0.29999999999999993,0.6339999999999998,0.22000000000000003,548.0,1e-11,1e-22,IdealGasReactor,off,0.6313886237349629,0.0,0.0,0.2855218957470092,0.025966535459232068,0.008652654909131958,6.472183820084641e-12,0.04847029014319183,0.0,0.0030035234612894885,4.292633786129349e-11,0.5477394649444425,5.651144972496716e-09,1.1964984525961537e-07,1.1766426449534426e-07,9.848329113773858e-06,0.44841359981517726,4.8904816851652404e-05,4.5167447591894764e-05,0.0006323063387981515,5.2166981264247385e-06,2.788251156406487e-13,1.8537498055295352e-09,0.0001017232863992166,0.0,0.0,0.0,0.0,0.0,0.0,0.0,0.0,0.0,0.0,0.0,0.0,-2.850623640114744e-07,5.701247277024432e-07,1.900415758828289e-07,1.5059947527240771e-16,-3.800831519135763e-07,0.0,-3.787798642153004e-15,5.300262463010358e-22,1.2911362982830302e-18,4.596368589429293e-21,1.6990263312059587e-16,2.0707308582407474e-19,-2.4391322876534893e-19,-3.620331419007305e-15,1.425838515182797e-20,-1.3342940882286293e-18,3.557806404373574e-21,1.2478019540362422e-21,2.442348245081361e-21,-7.445257148973679e-23,3.619036791237672e-15,3.754763005802981e-07,2.850623640114744e-07,5.42031684618931e-07,-5.7012266347652e-07,-4.865308635237481e-07,1.8672355926233394e-10,1.3015309591511482e-07,8.33651356844733e-08,8.322731871761048e-08,8.33651356844733e-08,1.8993071541892085e-07,1.8993071541892085e-07,-1.5059947527240771e-16,3.7986143245820297e-07,-2.1852918333150012e-16,3.7727638355815565e-19,-1.6069379143573255e-15,3.7986143430757124e-07,1.2905284846982353e-13,7.158927054097635e-12,8.88789227052449e-11,-2.8132603097428283e-11,-1.3804437134086326e-19,3.79617223817247e-07,7.158927054097635e-12,8.88789227052449e-11,-1.835616211683755e-07,2.44206871287427e-10,-1.8979736901150462e-07,-6.4799547144533934e-09,-6.47995471420948e-09,-2.048607416449649e-16,4.609249351001257e-09,1.3996919671355236e-20,-2.0642259232607224e-12,4.606851333278162e-09,2.481407964621843e-12,5.96909383816172e-13,1.3837214482901544e-12,3.486472261299759e-21,2.0486066719239342e-16
3.779999999999999,548,101324.99999999999,2.771e-08,0.066,0.29999999999999993,0.6339999999999998,0.22000000000000003,548.0,1e-11,1e-22,IdealGasReactor,off,0.631382882041149,0.0,0.0,0.28549201801396273,0.026020861859324524,0.00867076373513558,6.486542046061051e-12,0.04843347434394159,0.0,0.003002703649231946,4.289106087689896e-11,0.5478985383552679,5.649813452013459e-09,1.1986680227273208e-07,1.1770109613662948e-07,9.85410214723774e-06,0.44825607023513386,4.8881074143396306e-05,4.5120811477405096e-05,0.0006317118538166014,5.215002353524342e-06,2.78568819492884e-13,1.8541428371427445e-09,0.00010165980140390169,0.0,0.0,0.0,0.0,0.0,0.0,0.0,0.0,0.0,0.0,0.0,0.0,-2.8487699242366575e-07,5.697539846540225e-07,1.899179948262502e-07,1.5054634838212792e-16,-3.798359897923536e-07,0.0,-5.71701166098278e-15,-6.076411287162672e-22,5.126556142580589e-18,8.59241674046336e-21,4.2795280868839457e-17,-1.6096272975791876e-19,1.5956231298086649e-19,-5.685101726250559e-15,3.0909928014032767e-22,-5.529587566657552e-18,6.0182171701149086e-21,8.248541670802223e-22,-7.154205006730325e-22,9.588142503787482e-23,5.679934457642224e-15,3.752351493198792e-07,2.8487699242366575e-07,5.416289246762993e-07,-5.697519229464474e-07,-4.862205653713577e-07,1.864857931839042e-10,1.301277051343943e-07,8.328422104108499e-08,8.316732292549853e-08,8.328422104108499e-08,1.8980727701507224e-07,1.8980727701507224e-07,-1.5054634838212792e-16,3.796145556489941e-07,-2.1822742664104249e-16,3.7682048641215734e-19,-1.605593720311098e-15,3.7961455956470047e-07,1.2896897530715035e-13,7.148724938169092e-12,8.877444940592384e-11,-2.80784065934969e-11,-1.3786615160378993e-19,3.793705787246996e-07,7.148724938169092e-12,8.877444940592384e-11,-1.8344054712930938e-07,2.4397516006641445e-10,-1.8967401966618238e-07,-6.477447696940817e-09,-6.477447697100379e-09,-2.047296963836018e-16,4.603235639521162e-09,1.3979842911248513e-20,-2.0617075750775735e-12,4.600840472474405e-09,2.4781697444832227e-12,5.964568198763637e-13,1.3820433375707239e-12,3.482282591111438e-21,2.0472979226502685e-16
3.7889999999999993,548,101325.0,2.771e-08,0.066,0.29999999999999993,0.6339999999999998,0.22000000000000003,548.0,1e-11,1e-22,IdealGasReactor,off,0.6313771441871596,0.0,0.0,0.2854621602619972,0.026075151928006236,0.008688860450651403,6.500894961961878e-12,0.04839668316568449,0.0,0.0030018835102613496,4.2855805125188806e-11,0.5480576043032692,5.6484816282544904e-09,1.200834429573464e-07,1.1773774094022832e-07,9.859863758001025e-06,0.4480985479848212,4.885733048011449e-05,4.5074212131320846e-05,0.0006311177951085316,5.21330632947734e-06,2.7831270916079804e-13,1.8545359120109857e-09,0.00010159632650546217,0.0,0.0,0.0,0.0,0.0,0.0,0.0,0.0,0.0,0.0,0.0,0.0,-2.846916537329766e-07,5.693833073187394e-07,1.8979443569433308e-07,1.504932241615322e-16,-3.7958887154347593e-07,0.0,-3.854509254741052e-16,-3.8023318170513625e-23,-4.434258717010456e-18,9.443570568127759e-22,-3.3098871205145854e-18,2.1440521477374477e-21,-2.0447904742310844e-21,-3.8441158626932214e-16,-5.1177922992597245e-22,-1.4207362830071206e-19,-4.722936543336221e-21,1.8559864994158558e-23,-2.5676490176800192e-22,1.0632451528893973e-23,3.8887537959100024e-16,3.749940360921883e-07,2.846916537329766e-07,5.412262745831551e-07,-5.693812481272122e-07,-4.859103196495565e-07,1.8624826210541276e-10,1.3010227332812168e-07,8.320334241872677e-08,8.310734007067894e-08,8.320334241872677e-08,1.8968386039059086e-07,1.8968386039059086e-07,-1.504932241615322e-16,3.7936772239851697e-07,-2.1792601016352204e-16,3.763650221151999e-19,-1.6042500689102892e-15,3.793677210151003e-07,1.28885116943087e-13,7.1385340368921626e-12,8.867007058558923e-11,-2.8024301223263148e-11,-1.3768811825878e-19,3.7912397706587587e-07,7.1385340368921626e-12,8.867007058558923e-11,-1.833194949076746e-07,2.437435603490549e-10,-1.8955069213398412e-07,-6.474940786658488e-09,-6.474940786656443e-09,-2.0459892574620208e-16,4.597227770076167e-09,1.396278174988818e-20,-2.059191527140612e-12,4.594835451287666e-09,2.474934671101523e-12,5.960043374505186e-13,1.3803667185998035e-12,3.478096560490516e-21,2.045989363786536e-16
3.797999999999999,548,101324.99999999999,2.771e-08,0.066,0.29999999999999993,0.6339999999999998,0.22000000000000003,548.0,1e-11,1e-22,IdealGasReactor,off,0.6313714101721227,0.0,0.0,0.285432322486575,0.026129405673527777,0.008706945058429998,6.515242568438093e-12,0.04835991660282934,0.0,0.0030010630448792327,4.2820570609026434e-11,0.5482166626982513,5.647149501776741e-09,1.2029976742686007e-07,1.1777419907859844e-07,9.86561395138488e-06,0.4479410331539067,4.883358587513275e-05,4.502764954834981e-05,0.0006305241626375738,5.211610055310778e-06,2.780567846248566e-13,1.8549290301073291e-09,0.00010153286175149486,0.0,0.0,0.0,0.0,0.0,0.0,0.0,0.0,0.0,0.0,0.0,0.0,-2.845063480542516e-07,5.690126959262816e-07,1.8967089857968985e-07,1.5044010264072859e-16,-3.793417972905647e-07,0.0,1.7642422565512642e-15,-2.526507827842434e-21,4.3679827135689325e-18,4.5640326841738345e-21,3.1821969037159996e-17,2.795738121531225e-19,-2.8171620993963485e-19,1.7770431180672612e-15,-4.797773770552396e-22,-1.484125051816391e-17,5.7685855319150554e-21,-1.3109778733199797e-21,3.924677581512227e-21,4.1104088281004907e-22,-1.7814607938984404e-15,3.747529610221255e-07,2.845063480542516e-07,5.408237345943844e-07,-5.690106392485027e-07,-4.856001265498928e-07,1.8601096594480388e-10,1.3007680051073365e-07,8.312249986752043e-08,8.304737019165919e-08,8.312249986752043e-08,1.8956046562219962e-07,1.8956046562219962e-07,-1.5044010264072859e-16,3.7912093286021724e-07,-2.1762493371562511e-16,3.7590999052256075e-19,-1.6029069609081201e-15,3.7912092931691177e-07,1.288012734297645e-13,7.128354345169577e-12,8.856578621898121e-11,-2.7970286871079164e-11,-1.3751027122106035e-19,3.7887741902607667e-07,7.128354345169577e-12,8.856578621898121e-11,-1.8319846459467376e-07,2.435120722958906e-10,-1.894273865073918e-07,-6.472433985016084e-09,-6.472433984734368e-09,-2.0446768857893686e-16,4.591225741392282e-09,1.394573618413698e-20,-2.0566777789874213e-12,4.5888362684392344e-09,2.4717027437866805e-12,5.955519369048599e-13,1.3786915911891413e-12,3.4739141691817585e-21,2.0446809961981967e-16
3.806999999999999,548,101325.00000000004,2.771e-08,0.066,0.29999999999999993,0.6339999999999998,0.22000000000000003,548.0,1e-11,1e-22,IdealGasReactor,off,0.6313656799951632,0.0,0.0,0.28540250468314426,0.026183623104165284,0.008725017561229901,6.529584866142346e-12,0.04832317464976751,0.0,0.003000242253812455,4.27853573344665e-11,0.5483757134907175,5.645817073558499e-09,1.2051577580417935e-07,1.1781047073112445e-07,9.871352732544173e-06,0.4477835257910825,4.8809840345417065e-05,4.498112372652232e-05,0.0006299309564140883,5.209913532000043e-06,2.778010458708175e-13,1.855322191234149e-09,0.00010146940718788622,0.0,0.0,0.0,0.0,0.0,0.0,0.0,0.0,0.0,0.0,0.0,0.0,-2.843210755448881e-07,5.686421509713706e-07,1.895473835710885e-07,1.5038698383604706e-16,-3.790947672944208e-07,0.0,1.4833965979580598e-15,-2.297680884315105e-22,-3.3941557139875364e-19,-1.156623964797178e-21,-3.197909364887567e-17,-3.3881317890172014e-20,4.641558571218804e-20,1.453224559766645e-15,2.6639550546436117e-21,1.4915853372558467e-18,-6.8063312701832785e-22,-7.351567694065033e-23,9.76714575418759e-22,-3.6190935857435925e-23,-1.4528873215396296e-15,3.7451192437109194e-07,2.843210755448881e-07,5.404213050451578e-07,-5.686400968050401e-07,-4.852899863361429e-07,1.8577390464750377e-10,1.300512867161021e-07,8.304169344988675e-08,8.298741333929337e-08,8.304169344988675e-08,1.8943709281482907e-07,1.8943709281482907e-07,-1.5038698383604706e-16,3.788741872439669e-07,-2.173241971072063e-16,3.7545539152532986e-19,-1.60156439702947e-15,3.7887418402604567e-07,1.2871744483848037e-13,7.118185858955935e-12,8.84615962939574e-11,-2.791636342563607e-11,-1.373326104033963e-19,3.786309047828723e-07,7.118185858955935e-12,8.84615962939574e-11,-1.8307745627826256e-07,2.4328069606067747e-10,-1.8930410287504037e-07,-6.46992729282595e-09,-6.469927292872366e-09,-2.043373182969536e-16,4.585229552861708e-09,1.3928706212922202e-20,-2.054166330460168e-12,4.582842923328852e-09,2.4684739622136474e-12,5.950996186943273e-13,1.3770179553546739e-12,3.46973541745316e-21,2.0433728210601775e-16
3.815999999999999,548,101325.00000000003,2.771e-08,0.066,0.29999999999999993,0.6339999999999998,0.22000000000000003,548.0,1e-11,1e-22,IdealGasReactor,off,0.6313599536554046,0.0,0.0,0.28537270684714067,0.0262378042282188,0.008743077961817709,6.543921855729255e-12,0.04828645730087432,0.0,0.0029994211376152815,4.275016530505579e-11,0.5485347565999058,5.644484344254449e-09,1.2073146820549607e-07,1.1784655607234763e-07,9.877080106789172e-06,0.44762602597652007,4.878609390513602e-05,4.493463466123373e-05,0.0006293381764115793,5.208216760560628e-06,2.7754549287999137e-13,1.8557153953250668e-09,0.00010140596286177036,0.0,0.0,0.0,0.0,0.0,0.0,0.0,0.0,0.0,0.0,0.0,0.0,-2.841358363293582e-07,5.682716725115227e-07,1.894238907601878e-07,1.5033386777440163e-16,-3.7884778167240766e-07,0.0,-3.000548338984375e-16,-7.612917136073786e-24,-1.528569351968376e-18,1.985101517544838e-22,-3.151068442904404e-18,1.418780186650953e-20,-1.403477345318722e-20,-3.014829413736756e-16,-9.546282230940653e-23,1.603145642777367e-19,-1.6968313757850414e-21,1.1849362274822121e-22,5.4158181225283616e-24,9.063141835322387e-24,3.0302208326709067e-16,3.742709262575909e-07,2.841358363293582e-07,5.400189862083288e-07,-5.682696208543416e-07,-4.84979899216218e-07,1.8553707813724288e-10,1.300257319633055e-07,8.296092321861917e-08,8.292746955487029e-08,8.296092321861917e-08,1.8931374205158726e-07,1.8931374205158726e-07,-1.5033386777440163e-16,3.786274857159729e-07,-2.1702380015281087e-16,3.750012249860932e-19,-1.6002223780188511e-15,3.786274842543236e-07,1.286336312257042e-13,7.108028573371794e-12,8.835750078805578e-11,-2.786253077235522e-11,-1.3715513572011415e-19,3.7838443451949973e-07,7.108028573371794e-12,8.835750078805578e-11,-1.8295647004882552e-07,2.430494318017658e-10,-1.8918084132838621e-07,-6.467420711362299e-09,-6.467420711348264e-09,-2.0420647486765997e-16,4.579239203351538e-09,1.3911691833539916e-20,-2.051657181160253e-12,4.576855414816729e-09,2.4652483257672295e-12,5.946473832050379e-13,1.375345810950741e-12,3.465560305158332e-21,2.042064839308018e-16
3.8249999999999993,548,101325.00000000004,2.771e-08,0.066,0.29999999999999993,0.6339999999999998,0.22000000000000003,548.0,1e-11,1e-22,IdealGasReactor,off,0.6313542311519665,0.0,0.0,0.2853429289739863,0.02629194905401159,0.008761126262968056,6.5582535378554815e-12,0.048249764550509236,0.0,0.002998599696936806,4.2714994525660834e-11,0.548693791962196,5.643151314696596e-09,1.2094684475137158e-07,1.1788245527983944e-07,9.882796079365437e-06,0.4474685337731319,4.876234656998458e-05,4.488818234924359e-05,0.0006287458226228097,5.2065197419861195e-06,2.7729012563576675e-13,1.856108642241937e-09,0.00010134252881953072,0.0,0.0,0.0,0.0,0.0,0.0,0.0,0.0,0.0,0.0,0.0,0.0,-2.839506305499263e-07,5.679012610314304e-07,1.893004202368775e-07,1.502807544769032e-16,-3.786008406484194e-07,0.0,-3.4617281375742715e-15,-7.334223178052951e-22,-8.908680746502054e-18,-3.6941085252857194e-21,-8.192121501017328e-17,-1.1702289561910193e-19,1.1703116742522746e-19,-3.5193236764156834e-15,3.782462681070581e-21,1.541542382417501e-17,-1.2172027741099941e-20,1.6167762060231772e-21,2.440586104280617e-21,1.994937540000925e-22,3.528295936757478e-15,3.7402996690637756e-07,2.839506305499263e-07,5.396167783902377e-07,-5.678992118810997e-07,-4.846698654282358e-07,1.8530048634908504e-10,1.3000013627963582e-07,8.288018923160723e-08,8.286753888483655e-08,8.288018923160723e-08,1.891904134273749e-07,1.891904134273749e-07,-1.502807544769032e-16,3.7838082846603527e-07,-2.1672374266390145e-16,3.745474907821222e-19,-1.5988809046079565e-15,3.783808302237901e-07,1.2854983265591843e-13,7.097882483969642e-12,8.825349968423736e-11,-2.7808788798494257e-11,-1.3697784708437906e-19,3.7813800841581975e-07,7.097882483969642e-12,8.825349968423736e-11,-1.8283550599523326e-07,2.4281827967441534e-10,-1.890576019572031e-07,-6.464914241644229e-09,-6.46491424176126e-09,-2.0407550570691322e-16,4.573254691999758e-09,1.3894693044136518e-20,-2.049150330814681e-12,4.570873742041809e-09,2.462025833982006e-12,5.941952308601107e-13,1.3736751579157193e-12,3.4613888323662525e-21,2.0407570520066722e-16
3.833999999999999,548,101324.99999999997,2.771e-08,0.066,0.29999999999999993,0.6339999999999998,0.22000000000000003,548.0,1e-11,1e-22,IdealGasReactor,off,0.631348512483967,0.0,0.0,0.28531317105909004,0.026346057589892218,0.008779162467463558,6.572579913179414e-12,0.048213096393014625,0.0,0.002997777932280299,4.2679844999027115e-11,0.5488528194874305,5.641817985443041e-09,1.2116190555657382e-07,1.179181685271321e-07,9.888500655654295e-06,0.4473110492705489,4.873859835329427e-05,4.4841766785083724e-05,0.000628153895009392,5.2048224773048275e-06,2.770349441177966e-13,1.8565019319581618e-09,0.00010127910510862423,0.0,0.0,0.0,0.0,0.0,0.0,0.0,0.0,0.0,0.0,0.0,0.0,-2.8376545832105153e-07,5.675309163382137e-07,1.8917697209362068e-07,1.502276439736469e-16,-3.783539443045141e-07,0.0,-2.992846945525041e-14,-3.739784254030482e-21,9.280518139633548e-18,-8.727890142878377e-21,1.5372324503685466e-16,-7.607414657527685e-20,-1.222324791169609e-20,-2.980775195246226e-14,-1.408019427181787e-21,-2.3441631903877875e-17,1.24938197805835e-20,-1.3684565861347582e-20,-3.363999888194536e-21,6.410662941477642e-22,2.979842073564608e-14,3.73789046400827e-07,2.8376545832105153e-07,5.39214681844543e-07,-5.675288696924347e-07,-4.843598851631021e-07,1.8506412919976578e-10,1.299744996798761e-07,8.279949153860654e-08,8.280762136755467e-08,8.279949153860654e-08,1.8906710701864476e-07,1.8906710701864476e-07,-1.502276439736469e-16,3.781342156470712e-07,-2.1642402445590778e-16,3.740941887666392e-19,-1.5975399775452727e-15,3.781342436948165e-07,1.284660491810706e-13,7.0877475855978035e-12,8.814959295674514e-11,-2.7755137388570823e-11,-1.3680074441068267e-19,3.77891626656558e-07,7.0877475855978035e-12,8.814959295674514e-11,-1.8271456420853486e-07,2.4258723983780823e-10,-1.8893438485369458e-07,-6.4624078850858066e-09,-6.462407885073583e-09,-2.0394430493559496e-16,4.567276017490687e-09,1.387770984148039e-20,-2.046645778946912e-12,4.564897903687144e-09,2.4588064861474677e-12,5.937431620245389e-13,1.3720059960514976e-12,3.457220998796268e-21,2.039449460018891e-16
3.842999999999999,548,101325.0,2.771e-08,0.066,0.29999999999999993,0.6339999999999998,0.22000000000000003,548.0,1e-11,1e-22,IdealGasReactor,off,0.6313427976505211,0.0,0.0,0.28528343309784765,0.026400129844232182,0.008797186578094873,6.586900982361536e-12,0.04817645282271732,0.0,0.002996955844445855,4.2644716732103416e-11,0.5490118391393393,5.640484357607996e-09,1.2137665074876094e-07,1.1795369599670624e-07,9.894193840802629e-06,0.4471535725041494,4.871484927319085e-05,4.479538796766162e-05,0.0006275623935944997,5.2031249674750295e-06,2.767799483126653e-13,1.856895264220893e-09,0.00010121569177421294,0.0,0.0,0.0,0.0,0.0,0.0,0.0,0.0,0.0,0.0,0.0,0.0,-2.8358031981320875e-07,5.671606394554133e-07,1.8905354641732526e-07,1.5017453627648443e-16,-3.781070929773468e-07,0.0,-7.934235421539448e-16,-1.535322944395089e-22,6.662678481641308e-19,-3.911543064238625e-21,2.0833728249785178e-17,2.41457329526679e-19,-2.3883268544304823e-19,-7.798315601370184e-16,4.197942618448574e-22,-6.816756011762402e-18,7.36286266761486e-22,-1.9653811354259938e-21,-1.5260843463553385e-21,-1.4839986191572093e-22,7.791669367999504e-16,3.735481650780177e-07,2.8358031981320875e-07,5.388126969306657e-07,-5.671585953118878e-07,-4.840499587068458e-07,1.8482800664218973e-10,1.299488222044357e-07,8.271883020556569e-08,8.274771705765179e-08,8.271883020556569e-08,1.8894382293902162e-07,1.8894382293902162e-07,-1.5017453627648443e-16,3.778876474863143e-07,-2.1612464533524335e-16,3.7364131883995856e-19,-1.5961995975414608e-15,3.778876465077019e-07,1.2838228087836564e-13,7.077623874488408e-12,8.804578059709242e-11,-2.7701576432768544e-11,-1.3662382761025977e-19,3.7764528941609287e-07,7.077623874488408e-12,8.804578059709242e-11,-1.825936447750287e-07,2.423563124420929e-10,-1.888111901048858e-07,-6.459901642296561e-09,-6.459901642057728e-09,-2.0381435486136288e-16,4.561303179392232e-09,1.386074222505573e-20,-2.044143525481501e-12,4.558927899329119e-09,2.4555902820334483e-12,5.932911771800971e-13,1.3703383254287248e-12,3.453056804856015e-21,2.0381420646150096e-16
3.851999999999999,548,101325.0,2.771e-08,0.066,0.29999999999999993,0.6339999999999998,0.22000000000000003,548.0,1e-11,1e-22,IdealGasReactor,off,0.6313370866507412,0.0,0.0,0.285253715085642,0.02645416582542647,0.008815198597660674,6.6012167460643245e-12,0.048139833833928156,0.0,0.002996133433897642,4.260960972700622e-11,0.5491708508205682,5.639150431675457e-09,1.2159108044183504e-07,1.1798903786147526e-07,9.899875640256241e-06,0.44699610357080916,4.86910993423607e-05,4.474904589082173e-05,0.0006269713183303251,5.201427213534729e-06,2.7652513819863067e-13,1.8572886390338984e-09,0.00010115228886397261,0.0,0.0,0.0,0.0,0.0,0.0,0.0,0.0,0.0,0.0,0.0,0.0,-2.8339521513308303e-07,5.667904301160983e-07,1.8893014330114547e-07,1.501214314179463e-16,-3.7786028674395545e-07,0.0,-2.173408738046118e-16,3.2132629243381674e-24,8.295240935990343e-18,2.9153740518735288e-22,2.541098841762901e-21,1.4558378780933287e-20,-1.449882177682947e-20,-2.258370195840726e-16,6.610844217240311e-22,-1.1559083756803237e-19,9.61346420047127e-21,-1.716916758930378e-22,1.3885077784312978e-23,-1.6108870513155188e-24,2.1748538809958788e-16,3.7330732301644586e-07,2.8339521513308303e-07,5.384108238873183e-07,-5.667883884725284e-07,-4.83740086237186e-07,1.8459211858755133e-10,1.2992310386483183e-07,8.263820527985023e-08,8.268782599121649e-08,8.263820527985023e-08,1.8882056125979566e-07,1.8882056125979566e-07,-1.501214314179463e-16,3.77641124126353e-07,-2.1582560511785725e-16,3.731888808478099e-19,-1.5948597653473539e-15,3.776411225953069e-07,1.282985277962433e-13,7.067511345272983e-12,8.794206257692071e-11,-2.7648105814923807e-11,-1.3644709659763194e-19,3.7739899688017464e-07,7.067511345272983e-12,8.794206257692071e-11,-1.8247274778634373e-07,2.421254976468871e-10,-1.8868801780349864e-07,-6.45739551480173e-09,-6.457395514787231e-09,-2.036834882710121e-16,4.5553361762561525e-09,1.3843790191213345e-20,-2.0416435698802906e-12,4.552963727509609e-09,2.4523772208533938e-12,5.9283927667532e-13,1.3686721458076078e-12,3.448896250157768e-21,2.0368348666012504e-16
3.8609999999999993,548,101325.00000000004,2.771e-08,0.066,0.29999999999999993,0.6339999999999998,0.22000000000000003,548.0,1e-11,1e-22,IdealGasReactor,off,0.6313313794837381,0.0,0.0,0.2852240170178419,0.026508165541896788,0.00883319852896753,6.615527204951751e-12,0.048103239420940046,0.0,0.0029953107013572034,4.257452398949025e-11,0.5493298544804674,5.637816208611351e-09,1.2180519476078968e-07,1.1802419430214924e-07,9.905546059259849e-06,0.44683864252038547,4.8667348577647195e-05,4.470274055219616e-05,0.0006263806692223695,5.199729216461439e-06,2.7627051375995666e-13,1.857682056204711e-09,0.00010108889642359049,0.0,0.0,0.0,0.0,0.0,0.0,0.0,0.0,0.0,0.0,0.0,0.0,-2.8321014443588564e-07,5.664202887216943e-07,1.8880676283337633e-07,1.5006832941475262e-16,-3.776135258146398e-07,0.0,2.6304364820446084e-16,2.1804076709318505e-23,2.328714005130796e-18,-4.035477039019337e-22,2.4458076351967922e-20,1.0429093163068573e-20,-1.0516774307999194e-20,2.6088155855628606e-16,2.756670268109246e-22,1.597652921171945e-19,2.71471993259059e-21,1.9692068457590515e-22,3.870874937160565e-23,6.214359115265437e-24,-2.6322554516946246e-16,3.7306652042709727e-07,2.8321014443588564e-07,5.38009063044809e-07,-5.664182495757823e-07,-4.834302680142512e-07,1.8435646497833256e-10,1.2989734469480582e-07,8.255761682284571e-08,8.262794821842492e-08,8.255761682284571e-08,1.8869732208445833e-07,1.8869732208445833e-07,-1.5006832941475262e-16,3.773946457741713e-07,-2.1552690361187614e-16,3.7273687467667354e-19,-1.5935204816809632e-15,3.773946437579667e-07,1.282147900050231e-13,7.0574099937801304e-12,8.783843888281489e-11,-2.7594725423786124e-11,-1.3627055128449235e-19,3.771527492255883e-07,7.0574099937801304e-12,8.783843888281489e-11,-1.8235187332994787e-07,2.418947956039595e-10,-1.885648680377723e-07,-6.4548895034284635e-09,-6.454889503417947e-09,-2.035527804993389e-16,4.5493750073933076e-09,1.382685373865347e-20,-2.0391459119519205e-12,4.5470053875425e-09,2.4491673022361917e-12,5.923874609599044e-13,1.3670074571808744e-12,3.4447393349094874e-21,2.0355278671369803e-16
3.869999999999999,548,101324.99999999999,2.771e-08,0.066,0.29999999999999993,0.6339999999999998,0.22000000000000003,548.0,1e-11,1e-22,IdealGasReactor,off,0.6313256761486191,0.0,0.0,0.28519433888980356,0.026562129002086494,0.008851186374830065,6.629832359690056e-12,0.04806666957803107,0.0,0.0029944876473743517,4.253945952281954e-11,0.5494888500371803,5.6364816890595435e-09,1.22018993823979e-07,1.1805916549457877e-07,9.911205103211176e-06,0.4466811894341534,4.864359699310943e-05,4.465647194680198e-05,0.000625790446239532,5.198030977273194e-06,2.760160749765077e-13,1.8580755156724249e-09,0.00010102551450001516,0.0,0.0,0.0,0.0,0.0,0.0,0.0,0.0,0.0,0.0,0.0,0.0,-2.8302510784414557e-07,5.660502155446608e-07,1.8868340510526993e-07,1.5001523029418755e-16,-3.7736681035558117e-07,0.0,-2.6975095072744343e-15,5.706020847737903e-22,1.6770085307874917e-18,-1.2076294370620809e-21,-6.376040510456746e-18,8.541797877467585e-20,-9.245811296811467e-20,-2.7087777652427706e-15,7.028310720947817e-21,-3.2804694966036386e-18,-3.7942164813664335e-22,-1.1221738985047512e-21,2.307553795017214e-21,1.4134380066379584e-23,2.7070905919858124e-15,3.7282575747737273e-07,2.8302510784414557e-07,5.37607414671562e-07,-5.660481788941096e-07,-4.831205042426751e-07,1.8412104573554025e-10,1.2987154471336445e-07,8.247706488638418e-08,8.256808377995462e-08,8.247706488638418e-08,1.8857410549481742e-07,1.8857410549481742e-07,-1.5001523029418755e-16,3.771482125933811e-07,-2.1522854063009914e-16,3.722853001848256e-19,-1.5921817472800187e-15,3.77148213548395e-07,1.2813106756029127e-13,7.047319815013007e-12,8.773490949113833e-11,-2.7541435144879215e-11,-1.360941915840965e-19,3.769065466348347e-07,7.047319815013007e-12,8.773490949113833e-11,-1.8223102149580458e-07,2.416642064697151e-10,-1.8844174089879317e-07,-6.452383609465348e-09,-6.45238360937289e-09,-2.0342209258000043e-16,4.543419671583679e-09,1.3809932864460596e-20,-2.0366505512666935e-12,4.541052878208459e-09,2.4459605255236022e-12,5.919357304152184e-13,1.3653442593812308e-12,3.440586058909042e-21,2.034221067143805e-16
3.878999999999999,548,101324.99999999999,2.771e-08,0.066,0.29999999999999993,0.6339999999999998,0.22000000000000003,548.0,1e-11,1e-22,IdealGasReactor,off,0.631319976644489,0.0,0.0,0.2851646806968699,0.026616056214463217,0.00886916213807087,6.6441322109473355e-12,0.048030124299462865,0.0,0.0029936642725294244,4.250441633066098e-11,0.5496478374143117,5.635146873720629e-09,1.2223247775136218e-07,1.1809395161574731e-07,9.916852777496427e-06,0.4465237443878892,4.861984460329569e-05,4.461024007006277e-05,0.0006252006493565474,5.196332496981301e-06,2.7576182182869436e-13,1.8584690173532364e-09,0.0001009621431399344,0.0,0.0,0.0,0.0,0.0,0.0,0.0,0.0,0.0,0.0,0.0,0.0,-2.8284010548599243e-07,5.656802108652639e-07,1.8856007020744155e-07,1.4996213408168617e-16,-3.771201405270803e-07,0.0,-6.218452718957074e-15,9.944802446355944e-22,1.670801862216459e-17,4.083870585550441e-21,-4.313557635539887e-17,2.582127000145531e-19,-2.3358505163701183e-19,-6.299223989134037e-15,8.67600239846838e-21,-2.1017255036051136e-17,1.3258956798485258e-20,-1.3774108162656448e-21,-8.334554710381401e-24,-1.6966048163135685e-22,6.282406611946675e-15,3.7258503432870994e-07,2.8284010548599243e-07,5.372058790464578e-07,-5.656781767077765e-07,-4.82810795136608e-07,1.8388586078359139e-10,1.2984570394219362e-07,8.239654952386333e-08,8.250823271810386e-08,8.239654952386333e-08,1.8845091157639723e-07,1.8845091157639723e-07,-1.4996213408168617e-16,3.7690182475503775e-07,-2.1493051598414979e-16,3.7183415723490127e-19,-1.5908435628774587e-15,3.769018293020565e-07,1.2804736052015914e-13,7.037240804103826e-12,8.76314743799026e-11,-2.7488234864343988e-11,-1.359180174092217e-19,3.7666038928925055e-07,7.037240804103826e-12,8.76314743799026e-11,-1.8211019237332261e-07,2.4143373039935156e-10,-1.883186364770668e-07,-6.449877834118925e-09,-6.44987783388534e-09,-2.0329161641889877e-16,4.537470167690786e-09,1.379302756597488e-20,-2.0341574874326224e-12,4.535106198370321e-09,2.4427568901016815e-12,5.914840854342222e-13,1.3636825522665548e-12,3.436436422018781e-21,2.0329144675841714e-16
3.887999999999999,548,101325.00000000003,2.771e-08,0.066,0.29999999999999993,0.6339999999999998,0.22000000000000003,548.0,1e-11,1e-22,IdealGasReactor,off,0.6313142809704505,0.0,0.0,0.285135042434371,0.026669947187518472,0.008887125821520504,6.658426759393621e-12,0.04799360357948094,0.0,0.0029928405776135283,4.2469394419647474e-11,0.5498068165738096,5.633811763689555e-09,1.2244564667184324e-07,1.1812855284926518e-07,9.922489087354049e-06,0.4463663074187676,4.859609142615497e-05,4.456404492048421e-05,0.0006246112785915396,5.194633776546925e-06,2.7550775430174825e-13,1.8588625610016263e-09,0.00010089878238836924,0.0,0.0,0.0,0.0,0.0,0.0,0.0,0.0,0.0,0.0,0.0,0.0,-2.8265513752918935e-07,5.653102749082584e-07,1.8843675822691383e-07,1.4990904078970317e-16,-3.7687351660574916e-07,0.0,-7.501029966330505e-17,2.86794004491194e-23,-1.8897272634824335e-18,1.278376763789136e-22,1.9820570965750628e-19,1.1673172804348327e-20,-1.1609479897181743e-20,-7.277487383638254e-17,5.546371215170927e-23,1.119803848335202e-19,-2.2927263517855255e-21,-2.2845694542948933e-22,-1.3230714357611918e-22,-1.8958273549054577e-23,7.467761460027264e-17,3.72344351258231e-07,2.8265513752918935e-07,5.36804456523143e-07,-5.653082432415381e-07,-4.825011409775315e-07,1.8365091007233284e-10,1.298198224211975e-07,8.231607080010533e-08,8.244839508666869e-08,8.231607080010533e-08,1.8832774044101673e-07,1.8832774044101673e-07,-1.4990904078970317e-16,3.7665548248277247e-07,-2.1463282947916773e-16,3.713834457226037e-19,-1.58950592917879e-15,3.766554808048994e-07,1.279636689606047e-13,7.02717295715681e-12,8.752813353926946e-11,-2.7435124472319025e-11,-1.3574202867026604e-19,3.764142773626803e-07,7.02717295715681e-12,8.752813353926946e-11,-1.8198938604887626e-07,2.4120336754148266e-10,-1.8819555485937241e-07,-6.4473721780375575e-09,-6.447372178025948e-09,-2.0316082592916433e-16,4.531526495206356e-09,1.377613784244836e-20,-2.031666720339629e-12,4.529165347518191e-09,2.439556395694009e-12,5.910325264924461e-13,1.36202233588372e-12,3.432290424585029e-21,2.0316080697089079e-16
3.8969999999999994,548,101324.99999999997,2.771e-08,0.066,0.29999999999999993,0.6339999999999998,0.22000000000000003,548.0,1e-11,1e-22,IdealGasReactor,off,0.6313085891256037,0.0,0.0,0.28510542409762385,0.026723801929767584,0.00890507742801749,6.672716005700863e-12,0.04795710741231467,0.0,0.002992016563047127,4.2434393791093894e-11,0.5499657874100892,5.632476359366612e-09,1.2265850069963863e-07,1.1816296936778334e-07,9.928114038323972e-06,0.44620887863195385,4.85723374736373e-05,4.4517886491008334e-05,0.0006240223338846208,5.19293481701999e-06,2.7525387237179413e-13,1.8592561466571682e-09,0.00010083543229316432,0.0,0.0,0.0,0.0,0.0,0.0,0.0,0.0,0.0,0.0,0.0,0.0,-2.8247020407127625e-07,5.64940407989255e-07,1.8831346925688125e-07,1.4985595045355513e-16,-3.7662693866226035e-07,0.0,8.993251937877989e-15,8.942408616857157e-22,1.8143547140592494e-18,-7.058624851156895e-22,3.4489064029826974e-18,2.567303923568581e-19,-2.542645669508375e-19,8.995592956618826e-15,-2.2481004020247515e-21,4.587564393085116e-19,3.3296233009632797e-21,-2.09990138254243e-21,-1.716701516063021e-21,-3.1123478350735374e-22,-8.99741162047051e-15,3.7210370833825213e-07,2.8247020407127625e-07,5.364031473224479e-07,-5.649383788110056e-07,-4.821915419276402e-07,1.8341619350587437e-10,1.297939001583845e-07,8.223562875950008e-08,8.238857091904847e-08,8.223562875950008e-08,1.8820459215389896e-07,1.8820459215389896e-07,-1.4985595045355513e-16,3.76409185907035e-07,-2.1433548093084665e-16,3.709331654837912e-19,-1.5881688469342695e-15,3.7640917516235106e-07,1.2787999292594515e-13,7.0171162685215915e-12,8.74248869376033e-11,-2.7382103851995135e-11,-1.355662252812978e-19,3.7616821104170735e-07,7.0171162685215915e-12,8.74248869376033e-11,-1.818686026140259e-07,2.409731180553276e-10,-1.8807249613882837e-07,-6.444866642855353e-09,-6.444866642601088e-09,-2.0303049866057293e-16,4.5255886524830695e-09,1.375926368969117e-20,-2.0291782493701143e-12,4.523230324008206e-09,2.436359041413975e-12,5.905810539187781e-13,1.3603636099390118e-12,3.428148066081639e-21,2.0303018742578942e-16
3.9059999999999993,548,101325.00000000004,2.771e-08,0.066,0.29999999999999993,0.6339999999999998,0.22000000000000003,548.0,1e-11,1e-22,IdealGasReactor,off,0.631302901109046,0.0,0.0,0.2850758256819318,0.026777620449749965,0.008923016960408281,6.6869999505428785e-12,0.04792063579217705,0.0,0.0029911922295483727,4.23994144505218e-11,0.550124749871767,5.6311406617091505e-09,1.2287103996145947e-07,1.181972013531682e-07,9.93372763572909e-06,0.44605145807804447,4.854858276248841e-05,4.4471764778948213e-05,0.0006234338152373496,5.191235619379413e-06,2.750001760218627e-13,1.8596497741309996e-09,0.00010077209289980938,0.0,0.0,0.0,0.0,0.0,0.0,0.0,0.0,0.0,0.0,0.0,0.0,-2.8228530526585144e-07,5.645706103776778e-07,1.8819020338537105e-07,1.4980286309020975e-16,-3.763804069821983e-07,0.0,-9.309208133041196e-14,-1.3739923564388537e-20,-6.705763056899944e-19,8.704988857548408e-20,4.153955452453496e-18,5.994478637498285e-18,-5.9580297509867486e-18,-9.30201783992398e-14,1.8773290567381409e-19,6.08777679975554e-17,-7.302413556490546e-20,-6.657754445649696e-20,-7.73412498528565e-20,-2.8231591832999346e-21,9.302091327337193e-14,3.718631058551112e-07,2.8228530526585144e-07,5.360019517709917e-07,-5.645685836856034e-07,-4.818819982443378e-07,1.8318171102437812e-10,1.2976793718745436e-07,8.215522346259008e-08,8.232876026489e-08,8.215522346259008e-08,1.8808146681744132e-07,1.8808146681744132e-07,-1.4980286309020975e-16,3.7616293523269266e-07,-2.1403847014582296e-16,3.704833164012805e-19,-1.5868323168555038e-15,3.761630265053384e-07,1.2779633248575674e-13,7.007070733924999e-12,8.732173456048e-11,-2.732917289218937e-11,-1.3539060715307535e-19,3.759221905023342e-07,7.007070733924999e-12,8.732173456048e-11,-1.817478421559561e-07,2.4074298209091027e-10,-1.8794946040331658e-07,-6.442361229414941e-09,-6.4423612234569116e-09,-2.0290241139708032e-16,4.519656638785225e-09,1.3742405106226196e-20,-2.0266920743064972e-12,4.517301127087102e-09,2.4331648268539994e-12,5.901296681588211e-13,1.3587063744066923e-12,3.4240093466693084e-21,2.0289958823789702e-16
3.914999999999999,548,101324.99999999994,2.771e-08,0.066,0.29999999999999993,0.6339999999999998,0.22000000000000003,548.0,1e-11,1e-22,IdealGasReactor,off,0.6312972169198723,0.0,0.0,0.2850462471825856,0.026831402756028723,0.008940944421547279,6.701278594595425e-12,0.04788418871326508,0.0,0.002990367577713571,4.2364456401679077e-11,0.5502837038851242,5.629804671446716e-09,1.2308326457946892e-07,1.1823124898389642e-07,9.939329884999404e-06,0.44589404583012404,4.852482730752464e-05,4.442567977976917e-05,0.0006228457226257037,5.189536184633372e-06,2.7474666523188106e-13,1.8600434433276524e-09,0.00010070876425475773,0.0,0.0,0.0,0.0,0.0,0.0,0.0,0.0,0.0,0.0,0.0,0.0,-2.8210044124330347e-07,5.642008824508828e-07,1.8806696070254578e-07,1.497497787241956e-16,-3.7613392156030965e-07,0.0,1.6571337194523738e-14,-2.3385937770227e-21,-3.0183547652275232e-18,-2.492972348645844e-20,-1.140366809635569e-16,-1.2885488710106044e-19,1.2942233300127182e-19,1.6462638495341443e-14,4.1301463219102955e-21,2.4177749349861805e-18,-5.612749026205648e-21,-2.849223619938904e-21,8.099069795332645e-21,7.568772422255063e-22,-1.64595935852421e-14,3.716225438046882e-07,2.8210044124330347e-07,5.356008701514806e-07,-5.64198858242688e-07,-4.815725101457566e-07,1.8294746255282349e-10,1.2974193353175656e-07,8.207485496327959e-08,8.226896316718549e-08,8.207485496327959e-08,1.8795836451874605e-07,1.8795836451874605e-07,-1.497497787241956e-16,3.759167306337149e-07,-2.1374179693410685e-16,3.7003389833792486e-19,-1.5854963396698801e-15,3.7591671242509506e-07,1.277126876992231e-13,6.997036348518606e-12,8.721867638628834e-11,-2.7276331479499667e-11,-1.3521517419757355e-19,3.75676215924887e-07,6.997036348518606e-12,8.721867638628834e-11,-1.8162710476366388e-07,2.4051295980164626e-10,-1.8782644774274467e-07,-6.43985593888188e-09,-6.439855939011302e-09,-2.0276825262789157e-16,4.513730452937882e-09,1.372556208942768e-20,-2.024208194761864e-12,4.51137775562144e-09,2.4299737514027813e-12,5.896783696102028e-13,1.35705062914815e-12,3.4198742662173e-21,2.027690095051338e-16
3.923999999999999,548,101324.99999999999,2.771e-08,0.066,0.29999999999999993,0.6339999999999998,0.22000000000000003,548.0,1e-11,1e-22,IdealGasReactor,off,0.631291536557175,0.0,0.0,0.28501668859486234,0.02688514885719116,0.008958859814296793,6.715551938536098e-12,0.0478477661697593,0.0,0.002989542608145761,4.232951964837079e-11,0.5504426493777697,5.628468389319379e-09,1.232951746762676e-07,1.1826511243881275e-07,9.944920791577285e-06,0.4457366419599399,4.8501071123595723e-05,4.437963148896169e-05,0.0006222580560257494,5.187836513788877e-06,2.744933399816639e-13,1.8604371541478622e-09,0.00010064544640428459,0.0,0.0,0.0,0.0,0.0,0.0,0.0,0.0,0.0,0.0,0.0,0.0,-2.819156121351111e-07,5.638312241264162e-07,1.879437412981832e-07,1.4969669737959177e-16,-3.7588748274827005e-07,0.0,-2.549044588180214e-15,2.499382001320575e-22,-9.409161724328397e-19,1.57164724555407e-22,-5.8987374446789476e-18,1.7734752333136913e-20,-1.7286420441133172e-20,-2.5527110017252674e-15,-9.26670790664641e-22,1.2588021899667813e-18,-1.4763235229510873e-23,-6.860429205361673e-22,3.88927377326004e-22,-1.997231970539968e-23,2.553659467436642e-15,3.713820225397825e-07,2.819156121351111e-07,5.351999027484386e-07,-5.638292023998057e-07,-4.812630778516267e-07,1.8271344801650717e-10,1.2971588921512328e-07,8.19945233154882e-08,8.220917966909351e-08,8.19945233154882e-08,1.8783528534547095e-07,1.8783528534547095e-07,-1.4969669737959177e-16,3.756705722856715e-07,-2.1344546110504185e-16,3.695849111568966e-19,-1.5841609160999359e-15,3.756705730939558e-07,1.276290586259052e-13,6.9870131074518305e-12,8.711571239353466e-11,-2.72235795006208e-11,-1.3503992632631597e-19,3.754302874889561e-07,6.9870131074518305e-12,8.711571239353466e-11,-1.8150639052577455e-07,2.402830513402033e-10,-1.8770345824684344e-07,-6.4373507724086505e-09,-6.437350772391364e-09,-2.0263847129850445e-16,4.507810093852285e-09,1.3708734636700285e-20,-2.021726610353559e-12,4.505460208487578e-09,2.4267858144529234e-12,5.892271586718645e-13,1.3553963740264682e-12,3.4157428246028186e-21,2.0263845132618474e-16
3.9329999999999994,548,101325.0,2.771e-08,0.066,0.29999999999999993,0.6339999999999998,0.22000000000000003,548.0,1e-11,1e-22,IdealGasReactor,off,0.6312858600200439,0.0,0.0,0.2849871499140266,0.02693885876184778,0.008976763141527087,6.729819983044505e-12,0.04781136815582458,0.0,0.002988717321615054,4.229460419674809e-11,0.5506015863076757,5.627131816381213e-09,1.2350677038207997e-07,1.1829879190209873e-07,9.950500360785175e-06,0.44557924650867237,4.8477314228286956e-05,4.433361990445511e-05,0.0006216708154482209,5.186136607812831e-06,2.742402002548126e-13,1.8608309063626478e-09,0.00010058213939338439,0.0,0.0,0.0,0.0,0.0,0.0,0.0,0.0,0.0,0.0,0.0,0.0,-2.8173081810406776e-07,5.634616361258142e-07,1.8782054525913905e-07,1.4964361907019878e-16,-3.756410907554581e-07,0.0,3.709351642956452e-14,-4.2653724863005954e-21,-3.7245053390213895e-17,5.40205652087531e-20,-6.761345210250886e-17,-1.3334945567742857e-18,1.3989013821700787e-18,3.7112319938953744e-14,3.8600323710011474e-21,4.998783400747123e-17,-5.729862271111832e-20,-1.1838505529282363e-20,8.425381046132373e-21,-5.710057919555512e-22,-3.707484504490736e-14,3.711415422704041e-07,2.8173081810406776e-07,5.347990499054683e-07,-5.634596168784933e-07,-4.809537016350475e-07,1.8247966736081478e-10,1.2968980427593705e-07,8.191422858228238e-08,8.214940982294801e-08,8.191422858228238e-08,1.8771222940616738e-07,1.8771222940616738e-07,-1.4964361907019878e-16,3.7542446040555624e-07,-2.1314946246286996e-16,3.6913635474744286e-19,-1.5828260468477637e-15,3.7542442155036326e-07,1.2754544533956075e-13,6.9770010066489275e-12,8.701284257037482e-11,-2.7170916845444044e-11,-1.3486486344903133e-19,3.7518440536835424e-07,6.9770010066489275e-12,8.701284257037482e-11,-1.8138569952844342e-07,2.400532568540678e-10,-1.8758049200235038e-07,-6.43484573069563e-09,-6.4348457320945315e-09,-2.0250848482832542e-16,4.501895560895463e-09,1.36919227469549e-20,-2.019247320921441e-12,4.49954848505396e-09,2.423601015662715e-12,5.887760358084608e-13,1.3537436090543377e-12,3.411615022083304e-21,2.0250791382253346e-16
3.941999999999999,548,101325.0,2.771e-08,0.066,0.29999999999999993,0.6339999999999998,0.22000000000000003,548.0,1e-11,1e-22,IdealGasReactor,off,0.631280187307567,0.0,0.0,0.2849576311353302,0.026992532478632307,0.008994654406116373,6.74408272880225e-12,0.04777499466561005,0.0,0.0029878917185166072,4.2259710047606544e-11,0.5507605145641671,5.625794952983485e-09,1.2371805181163223e-07,1.1833228754691e-07,9.956068598263323e-06,0.4454218595866107,4.845355663312435e-05,4.428764501859427e-05,0.00062108400082529,5.184436467763497e-06,2.7398724602593626e-13,1.8612247000333544e-09,0.00010051884326995632,0.0,0.0,0.0,0.0,0.0,0.0,0.0,0.0,0.0,0.0,0.0,0.0,-2.8154605924207114e-07,5.630921182377653e-07,1.876973726790634e-07,1.4959054383305518e-16,-3.7539474528346353e-07,0.0,-1.7725652525835662e-14,-2.2054400419845018e-21,-4.8265469783596295e-17,-5.0663127891412834e-20,9.652152192199566e-17,9.921402790308027e-19,-1.0349865803998244e-18,-1.785208634792801e-14,-1.5486318009446425e-20,-2.726869103998506e-16,-3.648156034768085e-20,-9.802503849059654e-21,-1.566514093388569e-21,4.141008580897528e-22,1.79006681564514e-14,3.709011026999153e-07,2.8154605924207114e-07,5.343983118322787e-07,-5.630901014674395e-07,-4.806443816488236e-07,1.8224612048520184e-10,1.2966367872027713e-07,8.18339708061445e-08,8.208965366050375e-08,8.18339708061445e-08,1.8758919676232126e-07,1.8758919676232126e-07,-1.4959054383305518e-16,3.751783951163748e-07,-2.1285380082273736e-16,3.686882289388424e-19,-1.5814917326619512e-15,3.7517841122713946e-07,1.2746184788196774e-13,6.967000040271351e-12,8.691006688303185e-11,-2.711834339689953e-11,-1.3468998547926787e-19,3.749385697499697e-07,6.967000040271351e-12,8.691006688303185e-11,-1.8126503186360066e-07,2.398235765016205e-10,-1.8745754910251893e-07,-6.4323408154627275e-09,-6.432340814427741e-09,-2.0237698296326419e-16,4.4959868522811285e-09,1.3675126415644784e-20,-2.016770325795024e-12,4.493642583548272e-09,2.4204193540777536e-12,5.88325001336714e-13,1.3520923339018004e-12,3.407490858039713e-21,2.0237739706412227e-16
3.950999999999999,548,101325.00000000003,2.771e-08,0.066,0.29999999999999993,0.6339999999999998,0.22000000000000003,548.0,1e-11,1e-22,IdealGasReactor,off,0.6312745184188288,0.0,0.0,0.2849281322540104,0.027046170016204723,0.009012533610950633,6.758340176492425e-12,0.04773864569324702,0.0,0.002987065799349858,4.222483720312816e-11,0.5509194340562806,5.624457799671041e-09,1.2392901908469606e-07,1.1836559954947552e-07,9.961625509555773e-06,0.44526448128420537,4.8429798351278397e-05,4.424170682513103e-05,0.0006204976121093463,5.182736094670639e-06,2.737344772713059e-13,1.861618535141218e-09,0.00010045555808090863,0.0,0.0,0.0,0.0,0.0,0.0,0.0,0.0,0.0,0.0,0.0,0.0,-2.813613356605363e-07,5.627226711608204e-07,1.8757422364887247e-07,1.495374716985278e-16,-3.7514844744722254e-07,0.0,-1.1877036442630585e-14,1.4401820818032607e-21,-3.653199493265816e-19,-9.359591393265638e-21,1.070639057417595e-17,4.682239313744162e-19,-4.60842171587993e-19,-1.186592131895469e-14,2.5117996642187788e-21,-4.619916848558743e-19,8.87030239876472e-22,6.751861749964088e-22,2.283314082645392e-21,-8.212318504306871e-23,1.1866302440612466e-14,3.70660704944719e-07,2.813613356605363e-07,5.339976887749626e-07,-5.62720656865196e-07,-4.803351180785171e-07,1.8201280730110713e-10,1.2963751256334898e-07,8.175375003503209e-08,8.202991121909515e-08,8.175375003503209e-08,1.8746618748833965e-07,1.8746618748833965e-07,-1.495374716985278e-16,3.7493237656690944e-07,-2.1255847599559596e-16,3.6824053357550065e-19,-1.5801579742730213e-15,3.7493238669306095e-07,1.273782663036837e-13,6.95701020293823e-12,8.68073853035142e-11,-2.7065859039829917e-11,-1.3451529232886775e-19,3.7469278081632123e-07,6.95701020293823e-12,8.68073853035142e-11,-1.811443876207536e-07,2.3959401043727954e-10,-1.8733462963844257e-07,-6.429836028118876e-09,-6.429836027658034e-09,-2.0224698325819535e-16,4.490083966547145e-09,1.3658345639127153e-20,-2.014295624437573e-12,4.487742502503531e-09,2.417240828902728e-12,5.878740556135247e-13,1.3504425483289309e-12,3.403370332082913e-21,2.022469011350103e-16
3.9599999999999995,548,101324.99999999997,2.771e-08,0.066,0.29999999999999993,0.6339999999999998,0.22000000000000003,548.0,1e-11,1e-22,IdealGasReactor,off,0.631268853352912,0.0,0.0,0.28489865326529307,0.027099771383245996,0.009030400758923888,6.77259232680048e-12,0.04770232123285261,0.0,0.0029862395651111587,4.2189985672611604e-11,0.5510783447826926,5.623120357920816e-09,1.2413967234168724e-07,1.183987281017398e-07,9.9671710998694e-06,0.4451071116016548,4.8406039403979615e-05,4.419580532524721e-05,0.0006199116493569456,5.181035489449767e-06,2.7348189397967393e-13,1.8620124112832475e-09,0.00010039228386943483,0.0,0.0,0.0,0.0,0.0,0.0,0.0,0.0,0.0,0.0,0.0,0.0,-2.8117664756430795e-07,5.623532949579176e-07,1.8745109825166994e-07,1.4948440266663618e-16,-3.749021966518481e-07,0.0,-1.5199461622763115e-15,-2.5360355078860835e-23,6.716443024325067e-20,-1.5236946371421013e-21,2.1214575438694393e-17,2.747563122656137e-20,-2.918045046903316e-20,-1.4996835261388778e-15,1.8058916862326594e-21,-9.078366458271743e-19,-2.276861084182308e-21,1.7357351178659594e-21,4.146254533601335e-21,6.467404199665861e-23,1.4996130170566686e-15,3.7042034840991354e-07,2.8117664756430795e-07,5.335971811563528e-07,-5.623512831347006e-07,-4.800259112688293e-07,1.8177972778057e-10,1.2961130586310813e-07,8.167356634401617e-08,8.197018256325827e-08,8.167356634401617e-08,1.8734320172067588e-07,1.8734320172067588e-07,-1.4948440266663618e-16,3.746864050300826e-07,-2.1226348777869796e-16,3.6779326858138746e-19,-1.5788247723530512e-15,3.746864047915466e-07,1.2729470069742495e-13,6.947031491586416e-12,8.670479783272997e-11,-2.70134636684876e-11,-1.3434078390493228e-19,3.744470387331325e-07,6.947031491586416e-12,8.670479783272997e-11,-1.8102376688289113e-07,2.393645588010589e-10,-1.872117336928672e-07,-6.427331368778825e-09,-6.427331368749644e-09,-2.0211636151330588e-16,4.484186903715693e-09,1.364158041831425e-20,-2.0118232169837568e-12,4.481848241934584e-09,2.4140654401472884e-12,5.874231991910017e-13,1.3487942525455922e-12,3.399253444976175e-21,2.0211642618734787e-16
3.968999999999999,548,101325.0,2.771e-08,0.066,0.29999999999999993,0.6339999999999998,0.22000000000000003,548.0,1e-11,1e-22,IdealGasReactor,off,0.6312631921088961,0.0,0.0,0.2848691941643902,0.02715333658846152,0.009048255852937996,6.786839180413631e-12,0.04766602127852733,0.0,0.002985413016233985,4.21551554572606e-11,0.5512372466399217,5.621782628153965e-09,1.243500117002198e-07,1.1843167337856245e-07,9.97270537484252e-06,0.4449497506420101,4.8382279803335854e-05,4.414994051165928e-05,0.0006193261125059802,5.179334653148981e-06,2.732294961256165e-13,1.8624063284922025e-09,0.00010032902068296052,0.0,0.0,0.0,0.0,0.0,0.0,0.0,0.0,0.0,0.0,0.0,0.0,-2.8099199505197464e-07,5.619839898992935e-07,1.8732799657979454e-07,1.4943133677198458e-16,-3.746559933048299e-07,0.0,2.6205848046242382e-14,4.866791844707344e-21,5.98701572427809e-18,-4.958782619875972e-20,5.526709986333018e-17,1.0214687948294828e-19,-1.1701958689665172e-19,2.625700757894201e-14,7.464430591754855e-21,1.8001758314453107e-18,1.621482007447423e-21,1.0396005938566452e-20,-3.547573385217772e-21,-1.0496220405275282e-22,-2.626298407772322e-14,3.701800335046768e-07,2.8099199505197464e-07,5.331967891982091e-07,-5.619819805461907e-07,-4.797167613837484e-07,1.8154688182646966e-10,1.295850586291261e-07,8.15934197772568e-08,8.191046772662476e-08,8.15934197772568e-08,1.8722023952522226e-07,1.8722023952522226e-07,-1.4943133677198458e-16,3.744404806376865e-07,-2.1196883598476971e-16,3.6734643378970277e-19,-1.5774921276403235e-15,3.7444045264400927e-07,1.272111511079635e-13,6.937063900502361e-12,8.660230443861725e-11,-2.696115716658645e-11,-1.341664601198615e-19,3.742013436852444e-07,6.937063900502361e-12,8.660230443861725e-11,-1.8090316974074844e-07,2.391352217489303e-10,-1.8708886135803073e-07,-6.424826839046095e-09,-6.424826838929076e-09,-2.0198607725810633e-16,4.478295662086725e-09,1.362483074891559e-20,-2.0093531028011158e-12,4.475959800153105e-09,2.4108931868995758e-12,5.869724323992385e-13,1.3471474462470998e-12,3.395140196164759e-21,2.0198597229590227e-16
3.9779999999999993,548,101325.0,2.771e-08,0.066,0.29999999999999993,0.6339999999999998,0.22000000000000003,548.0,1e-11,1e-22,IdealGasReactor,off,0.6312575346858593,0.0,0.0,0.2848397549465001,0.02720686564058329,0.009066098895902578,6.801080738020537e-12,0.047629745824353795,0.0,0.0029845861534673473,4.212034656273689e-11,0.5513961395820429,5.6204446113826615e-09,1.2456003729144704e-07,1.1846443556467251e-07,9.978228339885777e-06,0.4447923984503779,4.8358519566552725e-05,4.4104112381718206e-05,0.0006187410015595829,5.177633586740244e-06,2.7297728369108063e-13,1.862800286556402e-09,0.00010026576856639505,0.0,0.0,0.0,0.0,0.0,0.0,0.0,0.0,0.0,0.0,0.0,0.0,-2.8080737828136307e-07,5.616147564167857e-07,1.8720491872000263e-07,1.4937827402969257e-16,-3.744098376132574e-07,0.0,-3.482589826183122e-16,5.444554803715884e-23,-1.9310270531100075e-17,-1.2706889762994617e-22,-3.5699262353216556e-18,-7.940933880509066e-23,2.481541837659083e-22,-3.278233830147937e-16,-1.947314428404456e-21,4.4555832321927706e-18,-2.244703508906707e-20,-2.1036236952989185e-22,1.1333944962269777e-22,-1.96141862714564e-24,3.4726579109612044e-16,3.699397604368503e-07,2.8080737828136307e-07,5.327965132341623e-07,-5.616127495315041e-07,-4.794076686879287e-07,1.81314269379728e-10,1.295587708982414e-07,8.151331039601983e-08,8.185076676003067e-08,8.151331039601983e-08,1.87097301007228e-07,1.87097301007228e-07,-1.4937827402969257e-16,3.741946036001986e-07,-2.1167452041710068e-16,3.6690002908322114e-19,-1.5761600408326689e-15,3.74194602192901e-07,1.271276176068133e-13,6.927107425427575e-12,8.649990510729625e-11,-2.6908939423763386e-11,-1.3399232088264072e-19,3.7395569584620814e-07,6.927107425427575e-12,8.649990510729625e-11,-1.8078259628032254e-07,2.3890599942708005e-10,-1.8696601272057572e-07,-6.422322439680082e-09,-6.42232243968033e-09,-2.0185554154000056e-16,4.4724102409244865e-09,1.36080966295012e-20,-2.0068852816791e-12,4.47007717640704e-09,2.407724068752963e-12,5.865217556918415e-13,1.3455021294117136e-12,3.391030585818124e-21,2.0185553957858193e-16
3.9869999999999997,548,101325.0,2.771e-08,0.066,0.29999999999999993,0.6339999999999998,0.22000000000000003,548.0,1e-11,1e-22,IdealGasReactor,off,0.6312518810828753,0.0,0.0,0.28481033560681135,0.02726035854835811,0.00908392989073551,6.8153170003131856e-12,0.0475934948644043,0.0,0.0029837589773240017,4.2085558991315846e-11,0.5515550235197856,5.619106308176195e-09,1.247697492370199e-07,1.1849701483786142e-07,9.983740000609247e-06,0.44463505511550167,4.8334758707012216e-05,4.405832092923468e-05,0.000618156316471223,5.175932291253945e-06,2.727252566522491e-13,1.8631942854480742e-09,0.00010020252756650913,0.0,0.0,0.0,0.0,0.0,0.0,0.0,0.0,0.0,0.0,0.0,0.0,-2.806227973656366e-07,5.612455949054771e-07,1.8708186476326434e-07,1.4932521446955188e-16,-3.7416372975693817e-07,0.0,-3.045672999666525e-14,-4.913186954555168e-22,-4.503817435849483e-17,3.7079534919432705e-20,-3.238282131527259e-16,2.916969712106997e-19,-2.9658229990843786e-19,-3.069888073350146e-14,1.7220960283590502e-21,3.5842721010634663e-17,-5.551451166380543e-20,3.883612975936465e-21,3.8533182603672964e-21,-9.695795151705947e-22,3.0744178953250754e-14,3.6969952938771273e-07,2.806227973656366e-07,5.323963535133188e-07,-5.61243590485724e-07,-4.790986333702036e-07,1.81081890352268e-10,1.2953244268693873e-07,8.143323824857224e-08,8.179107970133787e-08,8.143323824857224e-08,1.8697438624227198e-07,1.8697438624227198e-07,-1.4932521446955188e-16,3.73948774068788e-07,-2.1138054088568475e-16,3.664540543068094e-19,-1.5748285126567607e-15,3.739488030340965e-07,1.2704410024532804e-13,6.917162060990775e-12,8.63975998110575e-11,-2.6856810325306536e-11,-1.3381836610459383e-19,3.73710095397929e-07,6.917162060990775e-12,8.63975998110575e-11,-1.8066204659118507e-07,2.3867689198855863e-10,-1.868431878712709e-07,-6.41981817207926e-09,-6.419818171782678e-09,-2.0172609770030336e-16,4.466530638743891e-09,1.3591378056457816e-20,-2.004419753085179e-12,4.464200369225417e-09,2.4045580849135736e-12,5.860711694291271e-13,1.343858301801435e-12,3.386924613552221e-21,2.017251281207882e-16
3.995999999999999,548,101325.0,2.771e-08,0.066,0.29999999999999993,0.6339999999999998,0.22000000000000003,548.0,1e-11,1e-22,IdealGasReactor,off,0.6312462312990174,0.0,0.0,0.2847809361404958,0.027313815320566367,0.009101748840362092,6.829547967983852e-12,0.047557268392728724,0.0,0.0029829314882511486,4.20507927443126e-11,0.5517138983517577,5.617767718979745e-09,1.249791476557502e-07,1.1852941137410904e-07,9.989240362684502e-06,0.4444777207383277,4.8310997237037234e-05,4.401256614700761e-05,0.0006175720571802395,5.1742307677377384e-06,2.724734149835522e-13,1.863588325190922e-09,0.00010013929773057623,0.0,0.0,0.0,0.0,0.0,0.0,0.0,0.0,0.0,0.0,0.0,0.0,-2.8043825240547367e-07,5.608765047133818e-07,1.8695883480162736e-07,1.4927215812545844e-16,-3.739176697962115e-07,0.0,3.2324570148114585e-15,-7.839615113769976e-23,-2.1704449056766165e-17,4.0957123161697316e-21,-5.1853768844132165e-17,-3.7436209290679905e-19,3.727342014612947e-19,3.224060011591496e-15,-2.1347852409116355e-21,2.1867310232268448e-17,-2.517124316294662e-20,5.999644380423679e-22,2.1671184805914973e-21,9.81469235608771e-24,-3.202214715485223e-15,3.6945934041928037e-07,2.8043825240547367e-07,5.319963102611003e-07,-5.608745027568655e-07,-4.787896555981735e-07,1.8084974464776305e-10,1.295060740061027e-07,8.135320337952666e-08,8.173140658477431e-08,8.135320337952666e-08,1.8685149529764045e-07,1.8685149529764045e-07,-1.4927215812545844e-16,3.737029921780327e-07,-2.1108689720218323e-16,3.6600850929444605e-19,-1.5734975438467616e-15,3.737029872219466e-07,1.2696059906922697e-13,6.907227801504709e-12,8.629538851826663e-11,-2.680476975534154e-11,-1.3364459569758204e-19,3.734645425245732e-07,6.907227801504709e-12,8.629538851826663e-11,-1.8054152076380953e-07,2.384478995881388e-10,-1.867203869020376e-07,-6.417314037817835e-09,-6.4173140381905695e-09,-2.0159472818414014e-16,4.460656853870937e-09,1.35746750255529e-20,-2.0019565163949828e-12,4.458329376931168e-09,2.4013952344769496e-12,5.856206739453376e-13,1.3422159631167272e-12,3.382822278825013e-21,2.015947379988325e-16
4.005,548,101325.0,2.771e-08,0.066,0.29999999999999993,0.6339999999999998,0.22000000000000003,548.0,1e-11,1e-22,IdealGasReactor,off,0.6312405853333555,0.0,0.0,0.2847515565427138,0.027367235966007552,0.009119555747715677,6.843773641727429e-12,0.04752106640336382,0.0,0.002982103687185375,4.20160478299348e-11,0.5518727640663248,5.616428845156482e-09,1.251882326881648e-07,1.1856162536458977e-07,9.994729431421116e-06,0.4443203953294433,4.8287235176834435e-05,4.3966848034996046e-05,0.0006169882237267869,5.172529017117327e-06,2.722217586706898e-13,1.8639824054280563e-09,0.00010007607910188041,0.0,0.0,0.0,0.0,0.0,0.0,0.0,0.0,0.0,0.0,0.0,0.0,-2.802537435934005e-07,5.605074871985175e-07,1.8683582891823213e-07,1.4921910500092353e-16,-3.7367165807140135e-07,0.0,1.029053284672642e-14,5.0113900342258955e-21,-3.884685237483909e-17,-4.202760551649156e-20,-1.6119365211516396e-16,-1.384369473168747e-19,1.7300813383791595e-19,1.0215134152678296e-14,9.461657574918965e-21,4.653480428402226e-17,-4.466188304396089e-20,1.5476032272984302e-21,1.4378002744826545e-20,-6.9992160430702065e-22,-1.0176000282566166e-14,3.6921919387210116e-07,2.802537435934005e-07,5.315963838762194e-07,-5.605054877029459e-07,-4.784807356954742e-07,1.8061783222874083e-10,1.2947966490890213e-07,8.127320585995286e-08,8.167174747121928e-08,8.127320585995286e-08,1.8672862830159776e-07,1.8672862830159776e-07,-1.4921910500092353e-16,3.73457258184442e-07,-2.10793589163437e-16,3.6556339395673457e-19,-1.5721671350725247e-15,3.734572462388286e-07,1.2687711416566212e-13,6.8973046435295654e-12,8.61932712254253e-11,-2.6752817607065505e-11,-1.3347100956804724e-19,3.7321903739246367e-07,6.8973046435295654e-12,8.61932712254253e-11,-1.8042101888108e-07,2.3821902236520406e-10,-1.865976098959015e-07,-6.414810037152128e-09,-6.414810037325136e-09,-2.0146506927748368e-16,4.454788886078328e-09,1.3557987536977023e-20,-1.9994955716373957e-12,4.452464199300205e-09,2.3982355173204147e-12,5.851702697659537e-13,1.3405751134959062e-12,3.378723582216e-21,2.0146436935587937e-16
4.013999999999999,548,101325.0,2.771e-08,0.066,0.29999999999999993,0.6339999999999998,0.22000000000000003,548.0,1e-11,1e-22,IdealGasReactor,off,0.6312349431849567,0.0,0.0,0.2847221968086126,0.02742062049350506,0.009137350615737436,6.8579940222406505e-12,0.04748488889033013,0.0,0.0029812755744459377,4.198132424761558e-11,0.5520316205386018,5.615089686911085e-09,1.2539700444838826e-07,1.1859365698184422e-07,1.0000207212618731e-05,0.44416307901344626,4.826347253665643e-05,4.392116658401635e-05,0.000616404816022573,5.1708270404717545e-06,2.719702876846652e-13,1.864376526283564e-09,0.00010001287172862345,0.0,0.0,0.0,0.0,0.0,0.0,0.0,0.0,0.0,0.0,0.0,0.0,-2.800692710056756e-07,5.601385416117539e-07,1.86712847207344e-07,1.491660551377954e-16,-3.734256945896429e-07,0.0,-4.964616071574365e-14,2.2661059206084593e-21,-1.0828037298178643e-17,-1.2850335430462556e-20,2.5037764525245084e-16,5.504920063764901e-19,-5.554062863956677e-19,-4.93693839072984e-14,4.7774121220071636e-21,1.4889085017510245e-17,-3.2141625391621584e-21,1.2850819502682415e-20,2.1582346096402095e-21,-5.543222509901288e-22,4.9380277408195085e-14,3.689790897553908e-07,2.800692710056756e-07,5.311965745378379e-07,-5.601365445748359e-07,-4.781718737882554e-07,1.8038615298273362e-10,1.29453215395316e-07,8.119324572729524e-08,8.16121023878103e-08,8.119324572729524e-08,1.866057853052552e-07,1.866057853052552e-07,-1.491660551377954e-16,3.7321157219027693e-07,-2.1050061658428238e-16,3.65118708106361e-19,-1.5708372870821228e-15,3.732116198307267e-07,1.2679364556936224e-13,6.887392580757645e-12,8.609124789323026e-11,-2.6700953762323455e-11,-1.3329760762885651e-19,3.7297358018997165e-07,6.887392580757645e-12,8.609124789323026e-11,-1.8030054103533893e-07,2.379902604776462e-10,-1.8647485694686143e-07,-6.4123061720050555e-09,-6.412306171449649e-09,-2.0133457657276976e-16,4.4489267332976895e-09,1.35413155852799e-20,-1.9970369180084235e-12,4.446604834252092e-09,2.3950789323223822e-12,5.847199571741509e-13,1.3389357525187491e-12,3.374628522873981e-21,2.0133402225051877e-16
4.023,548,101324.99999999997,2.771e-08,0.066,0.29999999999999993,0.6339999999999998,0.22000000000000003,548.0,1e-11,1e-22,IdealGasReactor,off,0.6312293048528863,0.0,0.0,0.28469285693332674,0.027473968911906423,0.009155133447376368,6.872209110222067e-12,0.04744873584763195,0.0,0.0029804471508212836,4.194662200339886e-11,0.5521904677296381,5.613750245328194e-09,1.256054630715844e-07,1.1862550641298836e-07,1.00056737117284e-05,0.4440057718284245,4.823970933430349e-05,4.3875521791740345e-05,0.000615821834075857,5.169124838765166e-06,2.717190020072856e-13,1.8647706875162297e-09,9.994967565523744e-05,0.0,0.0,0.0,0.0,0.0,0.0,0.0,0.0,0.0,0.0,0.0,0.0,-2.798848348065766e-07,5.59769669462788e-07,1.8658988975461863e-07,1.4911300854883189e-16,-3.7317977962476674e-07,0.0,-4.303769163982739e-15,-7.505089695917604e-22,1.5443803604152552e-17,3.865417342395557e-21,1.3598055176983724e-18,-1.2448737346678045e-19,1.0670299029689036e-19,-4.336209301635272e-15,4.559967826275853e-21,-1.800819874068296e-17,1.4926777681952164e-20,-4.071744866503994e-21,1.4011998294513922e-21,1.3292695260007936e-23,4.320652575928979e-15,3.687390283436693e-07,2.798848348065766e-07,5.307968825909801e-07,-5.597676748822326e-07,-4.778630701521359e-07,1.8015470685362062e-10,1.2942672550580572e-07,8.111332304431265e-08,8.155247138720625e-08,8.111332304431265e-08,1.8648296641810012e-07,1.8648296641810012e-07,-1.4911300854883189e-16,3.729659344144762e-07,-2.1020797926539814e-16,3.64674451629393e-19,-1.5695080005620544e-15,3.7296593702329517e-07,1.26710193354721e-13,6.877491609031671e-12,8.598931850932089e-11,-2.6649178111645052e-11,-1.3312438978770768e-19,3.7272817108857377e-07,6.877491609031671e-12,8.598931850932089e-11,-1.8018008731158625e-07,2.3776161406882166e-10,-1.8635212814053202e-07,-6.409802443032386e-09,-6.409802443139089e-09,-2.0120368351263937e-16,4.443070394832363e-09,1.3524659169248167e-20,-1.9945805553299884e-12,4.440751281097469e-09,2.3919254791097424e-12,5.842697366362428e-13,1.337297880184313e-12,3.370537101021386e-21,2.0120369680533463e-16
4.032,548,101325.00000000004,2.771e-08,0.066,0.29999999999999993,0.6339999999999998,0.22000000000000003,548.0,1e-11,1e-22,IdealGasReactor,off,0.6312236703362066,0.0,0.0,0.28466353691197777,0.02752728123008145,0.009172904245589336,6.886418906372303e-12,0.047412607269258326,0.0,0.002979618417067956,4.19119411028225e-11,0.5523493055947667,5.612410521431365e-09,1.2581360869101369e-07,1.1865717384439081e-07,1.0011128934239671e-05,0.4438484738182205,4.8215945587060596e-05,4.382991365531318e-05,0.0006152392778875426,5.16742241296739e-06,2.714679016193113e-13,1.8651648889094127e-09,9.988649092630441e-05,0.0,0.0,0.0,0.0,0.0,0.0,0.0,0.0,0.0,0.0,0.0,0.0,-2.7970043515415575e-07,5.594008701264686e-07,1.8646695664611358e-07,1.4905996524872566e-16,-3.7293391344670114e-07,0.0,-1.0832491604964253e-14,1.5673483764333713e-21,1.8187835529381283e-18,-1.1034774105206148e-20,3.279012769587166e-17,3.186696766248288e-19,-3.023361682493567e-19,-1.0793992524834725e-14,8.179096667593807e-22,7.197700903707436e-18,-8.913250763235338e-22,-7.820475703806031e-22,1.3605400538569025e-21,2.6850494662229425e-22,1.0792175486444644e-14,3.6849900990766193e-07,2.7970043515415575e-07,5.303973083688863e-07,-5.593988779999852e-07,-4.775543250522497e-07,1.7992349378097958e-10,1.294001952781833e-07,8.103343787191394e-08,8.149285452024847e-08,8.103343787191394e-08,1.8636017174550244e-07,1.8636017174550244e-07,-1.4905996524872566e-16,3.7272034506779043e-07,-2.0991567700803913e-16,3.642306244061174e-19,-1.568179276201301e-15,3.7272035413593585e-07,1.266267575933343e-13,6.867601724028723e-12,8.588748305929279e-11,-2.659749054498468e-11,-1.3295135595239833e-19,3.724828102604779e-07,6.867601724028723e-12,8.588748305929279e-11,-1.8005965779513896e-07,2.375330832824457e-10,-1.8622942356284746e-07,-6.4072988509746215e-09,-6.407298850672285e-09,-2.0107312463347645e-16,4.437219869879863e-09,1.3508018287345558e-20,-1.9921264833753474e-12,4.434903539039238e-09,2.3887751572513563e-12,5.838196086055112e-13,1.3356614964594449e-12,3.366449316798465e-21,2.0107339313842307e-16
4.0409999999999995,548,101324.99999999999,2.771e-08,0.066,0.29999999999999993,0.6339999999999998,0.22000000000000003,548.0,1e-11,1e-22,IdealGasReactor,off,0.6312180396339779,0.0,0.0,0.28463423673967403,0.02758055745692498,0.00919066301334096,6.9006234113936436e-12,0.04737650314918149,0.0,0.0029787893734889333,4.187728154499753e-11,0.5525081340059014,5.6110705153945425e-09,1.2602144142182932e-07,1.1868865944874397e-07,1.0016572886004821e-05,0.44369118511065603,4.819218130490094e-05,4.378434216517271e-05,0.0006146571473643514,5.165719764163167e-06,2.7121698649076807e-13,1.8655591306016866e-09,9.982331759007389e-05,0.0,0.0,0.0,0.0,0.0,0.0,0.0,0.0,0.0,0.0,0.0,0.0,-2.7951607212111935e-07,5.590321443409198e-07,1.8634404797621733e-07,1.4900692528040903e-16,-3.726880960144732e-07,0.0,2.5836485345276708e-14,-1.997718322475469e-21,3.886150060366238e-17,2.6622295077361546e-21,-2.4741673570620503e-16,-1.3044307387716225e-19,1.2330698673266728e-19,2.5501709831813845e-14,-7.555796184118514e-21,-4.7869678876941905e-17,4.493112831386298e-20,1.469910288264387e-20,-7.862936976792301e-21,7.93705657936306e-22,-2.5540839036575622e-14,3.6825903440855425e-07,2.7951607212111935e-07,5.29997852043683e-07,-5.590301546662185e-07,-4.772456386087333e-07,1.796925136494794e-10,1.293736247111742e-07,8.095359024632959e-08,8.143325181303676e-08,8.095359024632959e-08,1.8623740133622295e-07,1.8623740133622295e-07,-1.4900692528040903e-16,3.724748042477511e-07,-2.0962370962668485e-16,3.637872262451317e-19,-1.5668511147465932e-15,3.7247477702173626e-07,1.265433383183338e-13,6.8577229193250225e-12,8.578574150253087e-11,-2.6545890944028327e-11,-1.3277850603547476e-19,3.722374978942993e-07,6.8577229193250225e-12,8.578574150253087e-11,-1.7993925257841537e-07,2.373046682759743e-10,-1.861067433079342e-07,-6.404795397801953e-09,-6.40479539792526e-09,-2.0094231760012976e-16,4.43137515629246e-09,1.3491392933899789e-20,-1.989674701308499e-12,4.4290616059189456e-09,2.3856279655837857e-12,5.833695733573873e-13,1.3340266009016067e-12,3.3623651692963345e-21,2.009431113057877e-16
4.05,548,101325.0,2.771e-08,0.066,0.29999999999999993,0.6339999999999998,0.22000000000000003,548.0,1e-11,1e-22,IdealGasReactor,off,0.6312124127452574,0.0,0.0,0.28460495641151173,0.02763379760135352,0.00920840975360376,6.914822625990556e-12,0.04734042348135888,0.0,0.002977960020984684,4.184264333742863e-11,0.5526669529445507,5.609730228509028e-09,1.2622896140447496e-07,1.1871996341732849e-07,1.0022005572434161e-05,0.44353390572322343,4.816841650740223e-05,4.373880732047529e-05,0.000614075442535705,5.1640168932887326e-06,2.7096625660538683e-13,1.8659534122645838e-09,9.976015568995022e-05,0.0,0.0,0.0,0.0,0.0,0.0,0.0,0.0,0.0,0.0,0.0,0.0,-2.793317458921635e-07,5.586634923196752e-07,1.8622116382828336e-07,1.4895388864971293e-16,-3.724423276897078e-07,0.0,2.3593446898083644e-13,-2.652779154588469e-21,4.835078549032758e-17,2.347826172880987e-19,-6.842395675391282e-16,2.6674920393610036e-18,-2.6450067887699747e-18,2.351370363308271e-13,5.516350688068942e-20,-6.736512158629302e-17,4.1578190474970496e-20,5.728101664837834e-20,-3.7015634596583194e-20,-1.4020528620465374e-21,-2.351856447964865e-13,3.680191022083614e-07,2.793317458921635e-07,5.295985139984063e-07,-5.58661505094466e-07,-4.769370111316868e-07,1.7946176641527227e-10,1.2934701385503288e-07,8.087378023597435e-08,8.137366332408253e-08,8.087378023597435e-08,1.8611465531323256e-07,1.8611465531323256e-07,-1.4895388864971293e-16,3.722293122003108e-07,-2.093320769178315e-16,3.6334425704811415e-19,-1.565523516866019e-15,3.722290753405133e-07,1.264599356132748e-13,6.847855191226757e-12,8.568409383259068e-11,-2.649437920143874e-11,-1.3260583994288698e-19,3.7199223415696986e-07,6.847855191226757e-12,8.568409383259068e-11,-1.7981887174441306e-07,2.370763691882431e-10,-1.859840874591176e-07,-6.4022920838702854e-09,-6.402292081225279e-09,-2.008142534976943e-16,4.4255362536716244e-09,1.347478310861973e-20,-1.987225209086728e-12,4.423225481346427e-09,2.3824839038947904e-12,5.829196314002324e-13,1.3323931936009305e-12,3.3582846589709274e-21,2.0081285144483226e-16
4.058999999999999,548,101325.00000000003,2.771e-08,0.066,0.29999999999999993,0.6339999999999998,0.22000000000000003,548.0,1e-11,1e-22,IdealGasReactor,off,0.6312067896690999,0.0,0.0,0.2845756959225737,0.02768700167230707,0.00922614446935803,6.929016550869383e-12,0.04730436825973203,0.0,0.002977130360519543,4.1808026488469694e-11,0.5528257624046574,5.608389662190463e-09,1.264361687820888e-07,1.1875108594364472e-07,1.0027426998899352e-05,0.4433766356609037,4.814465121519453e-05,4.369330912125035e-05,0.0006134941634436618,5.162313801259185e-06,2.7071571194799445e-13,1.866347733517649e-09,9.969700526855339e-05,0.0,0.0,0.0,0.0,0.0,0.0,0.0,0.0,0.0,0.0,0.0,0.0,-2.7914745666369843e-07,5.582949132488241e-07,1.8609830428427232e-07,1.4890085535826284e-16,-3.721966088608767e-07,0.0,-3.156862661115603e-16,-7.560033254040041e-22,-6.75227891797622e-17,1.2716364859429584e-20,-7.078326114937127e-17,2.320605577680766e-19,-2.3058900345834476e-19,-2.4235293121077995e-16,4.4738199745094924e-21,7.553686208217333e-17,-8.155161501867117e-20,3.6289447448467015e-21,-1.3939531870715076e-21,4.14625779102988e-22,3.103186449496858e-16,3.677792136957698e-07,2.7914745666369843e-07,5.291992946385855e-07,-5.582929284708173e-07,-4.7662844295211184e-07,1.7923125204185462e-10,1.2932036276582137e-07,8.079400791266724e-08,8.131408911541083e-08,8.079400791266724e-08,1.8599193380754166e-07,1.8599193380754166e-07,-1.4890085535826284e-16,3.7198386918740554e-07,-2.0904077867543655e-16,3.6290171672617686e-19,-1.564196483216727e-15,3.719838677085363e-07,1.263765495671753e-13,6.8379985363190875e-12,8.558254004659346e-11,-2.644295521106779e-11,-1.3243335757956178e-19,3.7174701921206266e-07,6.8379985363190875e-12,8.558254004659346e-11,-1.7969851537491776e-07,2.368481861550084e-10,-1.858614560981188e-07,-6.399788909354575e-09,-6.399788909123986e-09,-2.006821990759839e-16,4.419703161803427e-09,1.3458188811768297e-20,-1.98477800674852e-12,4.417395165106875e-09,2.3793429720665113e-12,5.824697832670406e-13,1.3307612747013674e-12,3.3542077864151203e-21,2.00682613701763e-16
4.068,548,101324.99999999996,2.771e-08,0.066,0.29999999999999993,0.6339999999999998,0.22000000000000003,548.0,1e-11,1e-22,IdealGasReactor,off,0.6312011704045588,0.0,0.0,0.28454645526792977,0.02774016967875136,0.009243867163591778,6.943205186737991e-12,0.04726833747822511,0.0,0.002976300391651632,4.177343098663811e-11,0.5529845621203947,5.607048815212022e-09,1.266430636396258e-07,1.187820271779777e-07,1.0032837171856867e-05,0.44321937519017424,4.812088542622367e-05,4.3647847546883334e-05,0.0006129133098395816,5.1606104893514505e-06,2.70465352470833e-13,1.866742095086807e-09,9.963386638027079e-05,0.0,0.0,0.0,0.0,0.0,0.0,0.0,0.0,0.0,0.0,0.0,0.0,-2.789632043682353e-07,5.579264085948024e-07,1.8597546945196866e-07,1.4884782549561354e-16,-3.7195093906843297e-07,0.0,-2.6095165946622197e-15,9.050105132616522e-22,-5.565271297373783e-18,-7.313856053065231e-21,-7.216138375455402e-18,4.7380905487037425e-21,-4.054012182122389e-21,-2.6010448457477455e-15,-5.43592129783977e-21,1.004874517563955e-17,-4.091180985569898e-21,-1.8440440793221215e-21,1.3822840242291702e-21,3.653206396475678e-23,2.6066525018503847e-15,3.675393684156314e-07,2.789632043682353e-07,5.288001938712117e-07,-5.5792442626171e-07,-4.763199339512994e-07,1.7900097032345596e-10,1.292936713779775e-07,8.071427327199031e-08,8.125452917237365e-08,8.071427327199031e-08,1.8586923677469312e-07,1.8586923677469312e-07,-1.4884782549561354e-16,3.7173847512021874e-07,-2.087498147355574e-16,3.6245960496966867e-19,-1.5628700146401699e-15,3.7173847600158183e-07,1.262931801498279e-13,6.828152944717278e-12,8.548108006072409e-11,-2.639161884113799e-11,-1.322610588657171e-19,3.71501853275573e-07,6.828152944717278e-12,8.548108006072409e-11,-1.7957818357372458e-07,2.3662011935630777e-10,-1.8573884933261303e-07,-6.39728587824408e-09,-6.397285878240026e-09,-2.0055236149831512e-16,4.413875876290285e-09,1.344161003085806e-20,-1.9823330924532196e-12,4.411570652801579e-09,2.3762051677300732e-12,5.820200289407875e-13,1.3291308430861416e-12,3.3501345489931486e-21,2.0055239803037908e-16
4.077,548,101324.99999999999,2.771e-08,0.066,0.29999999999999993,0.6339999999999998,0.22000000000000003,548.0,1e-11,1e-22,IdealGasReactor,off,0.6311955549506836,0.0,0.0,0.28451723444263693,0.02779330162967352,0.009261577839300867,6.957388534306454e-12,0.04723233113074775,0.0,0.0029754701158177287,4.173885684688604e-11,0.5531433521722675,5.605707689871746e-09,1.2684964614135234e-07,1.1881278732889955e-07,1.003823609635271e-05,0.44306212422887464,4.8097119168694935e-05,4.360242260422992e-05,0.0006123328818616984,5.158906958364034e-06,2.7021517816933926e-13,1.867136496221997e-09,9.957073906388512e-05,0.0,0.0,0.0,0.0,0.0,0.0,0.0,0.0,0.0,0.0,0.0,0.0,-2.7877898929044415e-07,5.575579784502017e-07,1.8585265940464757e-07,1.4879479903408705e-16,-3.7170531894932043e-07,0.0,-1.1274100229197445e-15,-5.714872319020565e-22,3.323112072075997e-18,6.03559206147111e-21,-1.8088229769937974e-17,-1.675537048787413e-20,1.7842285812768807e-20,-1.1543027879451153e-15,-6.643890345244714e-21,-5.420035403631717e-18,6.206506580427992e-21,-1.6543095263177708e-21,-3.858107231840514e-21,2.4320317217693415e-22,1.150956870749973e-15,3.6729956700372237e-07,2.7877898929044415e-07,5.284012122677457e-07,-5.575559985597348e-07,-4.760114846096916e-07,1.7877092127955383e-10,1.292669397883226e-07,8.063457641100162e-08,8.119498358250224e-08,8.063457641100162e-08,1.8574656440412988e-07,1.8574656440412988e-07,-1.4879479903408705e-16,3.7149313037761144e-07,-2.0845918487765858e-16,3.6201792176246326e-19,-1.5615441117297552e-15,3.7149312981377136e-07,1.2620982748995382e-13,6.818318415140583e-12,8.537971389888687e-11,-2.6340369994198682e-11,-1.320889437008781e-19,3.712567364939016e-07,6.818318415140583e-12,8.537971389888687e-11,-1.7945787641520432e-07,2.363921689128919e-10,-1.8561626723573576e-07,-6.394782989443247e-09,-6.394782989461089e-09,-2.004219614378298e-16,4.408054398303856e-09,1.3425046770363554e-20,-1.9798904668608318e-12,4.405751945598054e-09,2.3730704915114528e-12,5.81570369137748e-13,1.3275018993161834e-12,3.3460649483664937e-21,2.0042220464100198e-16
4.085999999999999,548,101325.00000000004,2.771e-08,0.066,0.29999999999999993,0.6339999999999998,0.22000000000000003,548.0,1e-11,1e-22,IdealGasReactor,off,0.6311899433065221,0.0,0.0,0.2844880334417395,0.027846397534084428,0.009279276499488918,6.97156659428667e-12,0.04719634921119343,0.0,0.002974639533451231,4.170430406998503e-11,0.5533021324559384,5.604366286585582e-09,1.2705591640938485e-07,1.1884336657417394e-07,1.0043623778204627e-05,0.4429048828809212,4.807335245465102e-05,4.3557034285395056e-05,0.0006117528794407353,5.1572032093499614e-06,2.6996518901547663e-13,1.8675309369617016e-09,9.950762336638985e-05,0.0,0.0,0.0,0.0,0.0,0.0,0.0,0.0,0.0,0.0,0.0,0.0,-2.785948115266229e-07,5.57189622885928e-07,1.85729874233833e-07,1.4874177600857543e-16,-3.714597485936577e-07,0.0,6.673426848118559e-15,-7.336104995110124e-22,1.3258228792511927e-17,4.993865609988578e-21,1.866484744878134e-17,-1.1630821156985612e-19,1.1448510549978924e-19,6.669136363197281e-15,4.117919558480996e-21,-9.413893338668773e-18,1.4433264482110374e-20,6.358433971118555e-22,1.784755336021942e-21,-2.4245459977864936e-22,-6.682489700557257e-15,3.6705980955198305e-07,2.785948115266229e-07,5.280023500441704e-07,-5.571876454357988e-07,-4.757030950875355e-07,1.7854110480881914e-10,1.2924016800709892e-07,8.05549173724051e-08,8.11354523786898e-08,8.05549173724051e-08,1.8562391676024697e-07,1.8562391676024697e-07,-1.4874177600857543e-16,3.712478350883548e-07,-2.0816888891088127e-16,3.615766669307895e-19,-1.560218775209075e-15,3.7124782670261425e-07,1.2612649163130778e-13,6.808494941691113e-12,8.527844152724986e-11,-2.628920855452599e-11,-1.3191701199530496e-19,3.710116690501275e-07,6.808494941691113e-12,8.527844152724986e-11,-1.7933759398926295e-07,2.361643349764282e-10,-1.8549370989885475e-07,-6.392280244570045e-09,-6.39228024468453e-09,-2.0029227606139374e-16,4.402238726017752e-09,1.3408499025661055e-20,-1.9774501292896576e-12,4.399939041674679e-09,2.3699389424281895e-12,5.811208041818616e-13,1.3258744430520852e-12,3.34199898388996e-21,2.0029203360679396e-16
4.095,548,101324.99999999997,2.771e-08,0.066,0.29999999999999993,0.6339999999999998,0.22000000000000003,548.0,1e-11,1e-22,IdealGasReactor,off,0.6311843354711195,0.0,0.0,0.2844588522602693,0.027899457401018065,0.009296963147167344,6.985739367392476e-12,0.047160391713440074,0.0,0.0029738086452337853,4.166977266017484e-11,0.553460902912706,5.6030246062344505e-09,1.2726187457688382e-07,1.1887376509948216e-07,1.0049000223057687e-05,0.4427476512042877,4.804958530012441e-05,4.351168258607054e-05,0.0006111733025580288,5.155499243299803e-06,2.69715384986794e-13,1.867925417149337e-09,9.9444519332711e-05,0.0,0.0,0.0,0.0,0.0,0.0,0.0,0.0,0.0,0.0,0.0,0.0,-2.7841067121941797e-07,5.568213422789583e-07,1.856071140264314e-07,1.4868875643852125e-16,-3.712142281817356e-07,0.0,5.302966989358875e-15,-1.574037382796688e-21,8.0448344481098e-18,2.5886456522998547e-21,1.1244785891274464e-17,8.629148150153185e-20,-7.893784585593543e-20,5.294414730955381e-15,2.138504625416444e-21,-1.173832466505279e-17,7.053373930001069e-21,1.4230091475326304e-21,2.747025915449847e-21,-3.0670901838408784e-23,-5.3025205783353496e-15,3.6682009624180046e-07,2.7841067121941797e-07,5.276036075037178e-07,-5.568193672668789e-07,-4.7539476562379916e-07,1.783115208393476e-10,1.2921335606601743e-07,8.047529621218905e-08,8.10759356072585e-08,8.047529621218905e-08,1.8550129393819182e-07,1.8550129393819182e-07,-1.4868875643852125e-16,3.710025894427592e-07,-2.0787892663671101e-16,3.6113584033916943e-19,-1.558894005768115e-15,3.7100258243327744e-07,1.2604317263853978e-13,6.7986825195932815e-12,8.517726292607095e-11,-2.623813441096001e-11,-1.3174526365641258e-19,3.707666511181075e-07,6.7986825195932815e-12,8.517726292607095e-11,-1.7921733638185935e-07,2.359366176905439e-10,-1.853711774087482e-07,-6.389777644572045e-09,-6.389777644493107e-09,-2.0016191570557783e-16,4.396428858337713e-09,1.3391966794341794e-20,-1.9750120793847775e-12,4.394131939935138e-09,2.3668105198882706e-12,5.80671334493428e-13,1.3242484741735117e-12,3.337936655479768e-21,2.00161885034676e-16
4.104,548,101324.99999999999,2.771e-08,0.066,0.29999999999999993,0.6339999999999998,0.22000000000000003,548.0,1e-11,1e-22,IdealGasReactor,off,0.6311787314435184,0.0,0.0,0.2844296908932448,0.027952481239531663,0.009314637785355292,6.999906854339583e-12,0.04712445863134974,0.0,0.0029729774517656075,4.163526262050655e-11,0.5536196634688912,5.601682649546236e-09,1.2746752077387108e-07,1.1890398308819743e-07,1.0054365436631223e-05,0.44259042927202763,4.8025817719829046e-05,4.3466367500703514e-05,0.0006105941511774811,5.153795061224633e-06,2.6946576605869027e-13,1.8683199366927956e-09,9.938142700839294e-05,0.0,0.0,0.0,0.0,0.0,0.0,0.0,0.0,0.0,0.0,0.0,0.0,-2.782265684960343e-07,5.564531369244659e-07,1.8548437887075544e-07,1.4863574034843862e-16,-3.709687579062783e-07,0.0,2.8520951112609327e-16,2.8827848664961487e-21,-5.358735099776886e-18,4.007518903483623e-22,-8.1074446760715e-17,1.0778494253810972e-19,-8.368503539137726e-20,2.2039822764719761e-16,7.137745746636302e-22,1.0684237767796223e-17,-2.243941072948545e-21,7.938865928977683e-22,-3.2472893955924236e-21,-9.080574073745199e-23,-2.1499495039972989e-16,3.665804272672468e-07,2.782265684960343e-07,5.272049849203931e-07,-5.564511643481491e-07,-4.750864964312268e-07,1.7808216928912658e-10,1.2918650398982597e-07,8.039571298182236e-08,8.101643331004315e-08,8.039571298182236e-08,1.8537869602286054e-07,1.8537869602286054e-07,-1.4863574034843862e-16,3.707573936106192e-07,-2.075892978587343e-16,3.6069544183877903e-19,-1.5575698041060469e-15,3.707573916766904e-07,1.2595987056933436e-13,6.788881143682922e-12,8.507617807078987e-11,-2.618714745089242e-11,-1.315736985922962e-19,3.7052168287448436e-07,6.788881143682922e-12,8.507617807078987e-11,-1.790971036801383e-07,2.3570901720101073e-10,-1.852486698535785e-07,-6.387275190617137e-09,-6.387275190533452e-09,-2.0003184982606e-16,4.390624793909756e-09,1.337545007323361e-20,-1.9725763166786603e-12,4.388330639031491e-09,2.3636852231640606e-12,5.802219604604581e-13,1.3226239924844807e-12,3.333877962858215e-21,2.0003175902031926e-16
4.1129999999999995,548,101324.99999999999,2.771e-08,0.066,0.29999999999999993,0.6339999999999998,0.22000000000000003,548.0,1e-11,1e-22,IdealGasReactor,off,0.6311731312227594,0.0,0.0,0.2844005493356719,0.028005469058706697,0.009332300417079635,7.014069055845451e-12,0.04708854995876817,0.0,0.002972145953437348,4.160077395105806e-11,0.5537784140120495,5.600340416855468e-09,1.2767285512152544e-07,1.1893402071738353e-07,1.0059719424815338e-05,0.4424332171962175,4.800204972510737e-05,4.342108902064098e-05,0.0006100154252194898,5.152090664189689e-06,2.692163322015714e-13,1.8687144956659686e-09,9.931834644068865e-05,0.0,0.0,0.0,0.0,0.0,0.0,0.0,0.0,0.0,0.0,0.0,0.0,-2.780425034442809e-07,5.560850066401956e-07,1.8536166885896547e-07,1.4858272777596257e-16,-3.707233377721398e-07,0.0,5.325994862159932e-15,-2.655069411564864e-22,3.942076043961226e-17,8.589952654712378e-21,1.0005867857017041e-16,-1.053497228147536e-20,8.388438591900254e-21,5.331398551860333e-15,4.803417622256258e-21,-5.4718077451152333e-17,4.904047072025014e-20,-9.68318304569888e-22,-2.433436606349469e-21,-1.4816814008918047e-22,-5.3711004083835064e-15,3.663408026351525e-07,2.780425034442809e-07,5.268064824938696e-07,-5.560830364973552e-07,-4.7477828765567963e-07,1.7785305005082953e-10,1.2915961178523649e-07,8.031616772139274e-08,8.095694551746038e-08,8.031616772139274e-08,1.8525612307303316e-07,1.8525612307303316e-07,-1.4858272777596257e-16,3.705122477094811e-07,-2.0730000238655649e-16,3.6025547124770715e-19,-1.5562461709487828e-15,3.705122406660877e-07,1.2587658546363104e-13,6.7790908078287855e-12,8.497518692476151e-11,-2.6136247557979908e-11,-1.3140231671320812e-19,3.7027676450352823e-07,6.7790908078287855e-12,8.497518692476151e-11,-1.7897689597452167e-07,2.354815336598561e-10,-1.8512618732530348e-07,-6.384772884443808e-09,-6.384772884452197e-09,-1.9990180379887686e-16,4.3848265307699295e-09,1.3358948857258361e-20,-1.9701428404224694e-12,4.382535136987281e-09,2.36056305119e-12,5.797726823889233e-13,1.3210009976001383e-12,3.3298229052632428e-21,1.9990165563073677e-16
4.122,548,101324.99999999997,2.771e-08,0.066,0.29999999999999993,0.6339999999999998,0.22000000000000003,548.0,1e-11,1e-22,IdealGasReactor,off,0.6311675348078802,0.0,0.0,0.2843714275825439,0.02805842086764627,0.009349951045375043,7.028225972629679e-12,0.04705266568952637,0.0,0.002971314151350396,4.15663066618577e-11,0.5539371545609256,5.5989979098289575e-09,1.2787787777238524e-07,1.1896387818646913e-07,1.0065062192982461e-05,0.44227601495687263,4.7978281338714654e-05,4.337584714754077e-05,0.0006094371247497353,5.150386053078153e-06,2.6896708340193343e-13,1.8691090935811584e-09,9.925527767090778e-05,0.0,0.0,0.0,0.0,0.0,0.0,0.0,0.0,0.0,0.0,0.0,0.0,-2.7785847628477883e-07,5.557169524502853e-07,1.852389840699002e-07,1.48529718714321e-16,-3.704779682590811e-07,0.0,2.2311790472469447e-14,-2.093633997585589e-21,7.548565655225508e-18,1.901596353597939e-20,-2.921654863096497e-17,1.3539292266267957e-19,-1.3367983161408225e-19,2.2253401688927292e-14,2.59233366371487e-20,-2.1657772002816123e-17,-2.27976974686849e-21,-9.380486640292757e-21,1.2706256261785628e-20,5.981163855805316e-22,-2.2261023940878564e-14,3.6610122282516866e-07,2.7785847628477883e-07,5.264081006739019e-07,-5.557149847386345e-07,-4.7447013966856603e-07,1.7762416310156404e-10,1.2913267952035036e-07,8.023666050908684e-08,8.089747229839367e-08,8.023666050908684e-08,1.8513357523557314e-07,1.8513357523557314e-07,-1.48529718714321e-16,3.7026715203306423e-07,-2.0701104000820637e-16,3.598159284939527e-19,-1.554923106926545e-15,3.702671280692016e-07,1.2579331742121938e-13,6.769311509119142e-12,8.487428949174501e-11,-2.608543462875349e-11,-1.312311179214122e-19,3.700318961630291e-07,6.769311509119142e-12,8.487428949174501e-11,-1.7885671334403896e-07,2.3525416719643003e-10,-1.850037299027055e-07,-6.382270725861249e-09,-6.382270725727569e-09,-1.9977097691319547e-16,4.379034069019904e-09,1.3342463147694212e-20,-1.967711650805306e-12,4.376745433912408e-09,2.3574440040228313e-12,5.793235008608855e-13,1.3193794897647424e-12,3.3257714835448377e-21,1.9977157502958105e-16
4.130999999999999,548,101324.99999999996,2.771e-08,0.066,0.29999999999999993,0.6339999999999998,0.22000000000000003,548.0,1e-11,1e-22,IdealGasReactor,off,0.6311619421979161,0.0,0.0,0.2843423256288412,0.028111336675477674,0.00936758967328388,7.042377605413599e-12,0.04701680581743898,0.0,0.002970482045779748,4.1531860751282796e-11,0.5540958849816754,5.597655128583747e-09,1.2808258884332825e-07,1.1899355566933164e-07,1.007039374713426e-05,0.44211882268761304,4.7954512570124666e-05,4.333064187096143e-05,0.0006088592496636521,5.148681228984806e-06,2.6871801962710797e-13,1.8695037306043353e-09,9.919222074717294e-05,0.0,0.0,0.0,0.0,0.0,0.0,0.0,0.0,0.0,0.0,0.0,0.0,-2.7767448708332215e-07,5.553489740241064e-07,1.8511632459764528e-07,1.484767132083929e-16,-3.702326493456814e-07,0.0,-1.1015870307282539e-15,3.084250983428665e-22,-1.662352527813492e-18,-1.7213985766798366e-21,-5.948288872093324e-18,-8.915021769851511e-20,8.861255030035564e-20,-1.1057001036061125e-15,-2.3642131542085943e-21,2.4515971159249035e-19,-1.3951647052283826e-21,3.7559169688735913e-22,-7.347870376957972e-23,5.698627182797378e-23,1.1073734785081763e-15,3.658616878182133e-07,2.7767448708332215e-07,5.260098396184049e-07,-5.553470087413595e-07,-4.741620525783913e-07,1.773955083195142e-10,1.2910570719201796e-07,8.01571913785387e-08,8.083801367687129e-08,8.01571913785387e-08,1.8501105255464548e-07,1.8501105255464548e-07,-1.484767132083929e-16,3.700221066697409e-07,-2.067224105361592e-16,3.593768133765143e-19,-1.5536006127781004e-15,3.700221060665143e-07,1.2571006647210836e-13,6.7595432408661085e-12,8.477348572820186e-11,-2.60347085448551e-11,-1.3106010212807271e-19,3.697870780411752e-07,6.7595432408661085e-12,8.477348572820186e-11,-1.7873655588072482e-07,2.350269179656419e-10,-1.848812976796791e-07,-6.379768716920476e-09,-6.379768717009089e-09,-1.9964146028160437e-16,4.3732474063174744e-09,1.3325992938368689e-20,-1.965282746916883e-12,4.370961527468163e-09,2.3543280804019186e-12,5.788744161363003e-13,1.3177594684848833e-12,3.321723696663317e-21,1.996415172678762e-16
4.14,548,101325.0,2.771e-08,0.066,0.29999999999999993,0.6339999999999998,0.22000000000000003,548.0,1e-11,1e-22,IdealGasReactor,off,0.6311563533918998,0.0,0.0,0.2843132434695314,0.028164216491351028,0.009385216303856244,7.056523954920475e-12,0.04698097033630511,0.0,0.00296964963742825,4.149743622370062e-11,0.5542546052193019,5.596312074038639e-09,1.2828698847030522e-07,1.190230533534408e-07,1.0075714092969981e-05,0.44196164044268527,4.793074343567737e-05,4.328547318666523e-05,0.0006082817999440763,5.146976192896225e-06,2.6846914085407746e-13,1.8698984065633566e-09,9.912917571404857e-05,0.0,0.0,0.0,0.0,0.0,0.0,0.0,0.0,0.0,0.0,0.0,0.0,-2.7749053598557716e-07,5.549810718613674e-07,1.8499369052835634e-07,1.4842371127636686e-16,-3.699873810441895e-07,0.0,1.0477323535068227e-14,9.723996399861772e-24,-9.939101518195583e-18,-1.269799326031088e-20,-3.8673089151908e-17,-3.484746484563395e-19,3.5020841902025064e-19,1.0277388983188899e-14,9.53132795253256e-21,-1.7094023888399091e-16,-6.44208846706634e-21,-1.2022553215575412e-21,6.264652401908083e-22,6.820031160158381e-23,-1.0267401601681199e-14,3.656221976276221e-07,2.7749053598557716e-07,5.25611699635737e-07,-5.54979109005239e-07,-4.738540266292823e-07,1.7716708563361834e-10,1.290786948340351e-07,8.007776038626275e-08,8.0778569700048e-08,8.007776038626275e-08,1.8488855512740366e-07,1.8488855512740366e-07,-1.4842371127636686e-16,3.6977711181377666e-07,-2.0643411376993327e-16,3.5893812576038367e-19,-1.5522786891844469e-15,3.69777099828994e-07,1.2562683268231105e-13,6.7497859983156165e-12,8.467277561488097e-11,-2.5984069195707944e-11,-1.3088926923954895e-19,3.6954231031028683e-07,6.7497859983156165e-12,8.467277561488097e-11,-1.7861642366984058e-07,2.3479978610875365e-10,-1.847588907422493e-07,-6.377266858515753e-09,-6.377266858865961e-09,-1.9951141425442123e-16,4.367466541582542e-09,1.330953822692899e-20,-1.962856128410597e-12,4.3651834165674444e-09,2.351215279740851e-12,5.784254286410913e-13,1.3161409336451186e-12,3.3176795445463956e-21,1.9951148245473284e-16
4.149,548,101325.0,2.771e-08,0.066,0.29999999999999993,0.6339999999999998,0.22000000000000003,548.0,1e-11,1e-22,IdealGasReactor,off,0.631150768388862,0.0,0.0,0.2842841810995694,0.028217060324440255,0.009402830940149919,7.070665021875362e-12,0.04694515923990787,0.0,0.0029688169268461736,4.1463033081264477e-11,0.5544133151910031,5.594968746825678e-09,1.2849107678288184e-07,1.19052371421631e-07,1.0081023236308947e-05,0.4418044683043313,4.790697394924544e-05,4.3240341088091615e-05,0.0006077047755414388,5.145270945835246e-06,2.6822044705582787e-13,1.870293121407041e-09,9.9066142617225e-05,0.0,0.0,0.0,0.0,0.0,0.0,0.0,0.0,0.0,0.0,0.0,0.0,-2.773066231084943e-07,5.546132460605676e-07,1.848710819507218e-07,1.4837071294584437e-16,-3.697421640435871e-07,0.0,-6.7258290889940115e-15,-2.3467623039049738e-23,4.0352477091831636e-18,-8.03683150593479e-21,8.07857673443789e-18,1.4097804615863761e-19,-1.4201615782739166e-19,-6.7238660669776925e-15,4.538346120740381e-21,-2.1788951786041927e-18,2.879700459529438e-21,1.951215667436023e-21,1.8363095229471356e-21,7.92900822647058e-23,6.7198086011097175e-15,3.653827529439234e-07,2.773066231084943e-07,5.252136809798016e-07,-5.546112856287728e-07,-4.735460620165472e-07,1.7693889495408874e-10,1.2905164246715355e-07,7.999836758042434e-08,8.071914040673109e-08,7.999836758042434e-08,1.847660830319298e-07,1.847660830319298e-07,-1.4837071294584437e-16,3.6953216762134867e-07,-2.061461495128687e-16,3.5849986548591727e-19,-1.5509573368438367e-15,3.69532172639353e-07,1.2554361610488212e-13,6.740039775998423e-12,8.457215912361815e-11,-2.5933516467981243e-11,-1.307186191634681e-19,3.692975931477733e-07,6.740039775998423e-12,8.457215912361815e-11,-1.7849631679877337e-07,2.345727717710825e-10,-1.8463650917894967e-07,-6.374765151948423e-09,-6.3747651518064065e-09,-1.9938139138829525e-16,4.361691473265406e-09,1.329309900961472e-20,-1.960431794732073e-12,4.359411099663688e-09,2.3481056012030838e-12,5.779765387412173e-13,1.3145238849906367e-12,3.3136390267653087e-21,1.9938147067837751e-16
4.1579999999999995,548,101325.0,2.771e-08,0.066,0.29999999999999993,0.6339999999999998,0.22000000000000003,548.0,1e-11,1e-22,IdealGasReactor,off,0.6311451871878307,0.0,0.0,0.28425513851389744,0.028269868183941553,0.009420433585230429,7.084800807005339e-12,0.046909372522015186,0.0,0.0029679839148338836,4.142865132965254e-11,0.5545720148595967,5.593625148046127e-09,1.2869485392195004e-07,1.1908151006490746e-07,1.008632118280794e-05,0.441647306308865,4.788320412873208e-05,4.3195245572341835e-05,0.0006071281764576048,5.14356548876427e-06,2.679719382113046e-13,1.870687874886354e-09,9.900312150040219e-05,0.0,0.0,0.0,0.0,0.0,0.0,0.0,0.0,0.0,0.0,0.0,0.0,-2.7712274861556753e-07,5.542454970925755e-07,1.847484989489788e-07,1.4831771822898407e-16,-3.6949699806408634e-07,0.0,4.0558150702439235e-15,9.97153365318625e-22,-8.832673673354372e-18,-5.821529068503263e-21,-9.81663540264451e-18,-1.095848875510251e-19,1.0762695104111209e-19,4.06376390039056e-15,8.004282263719346e-21,8.913708649305755e-18,-7.95486488641623e-21,4.1979416087066154e-21,-2.6375337939318904e-21,7.052537641989365e-23,-4.054864148736708e-15,3.65143353488152e-07,2.7712274861556753e-07,5.248157839923598e-07,-5.542435390828299e-07,-4.7323815901469524e-07,1.767109362208422e-10,1.290245501336834e-07,7.991901302255299e-08,8.065972584924487e-08,7.991901302255299e-08,1.8464363637721495e-07,1.8464363637721495e-07,-1.4831771822898407e-16,3.692872743104453e-07,-2.0585851756119315e-16,3.5806203243229752e-19,-1.549636556422632e-15,3.6928726854235094e-07,1.2546041681387797e-13,6.730304569575594e-12,8.447163624044635e-11,-2.5883050252943816e-11,-1.3054815180487924e-19,3.690529267221249e-07,6.730304569575594e-12,8.447163624044635e-11,-1.7837623535112826e-07,2.343458750902173e-10,-1.8451415307388664e-07,-6.372263597850544e-09,-6.372263597958171e-09,-1.9925141153556112e-16,4.355922200542936e-09,1.327667528489642e-20,-1.9580097456561086e-12,4.353644575934342e-09,2.3449990443458595e-12,5.775277468995301e-13,1.312908322487144e-12,3.3096021434559827e-21,1.9925148206093754e-16
4.167,548,101324.99999999999,2.771e-08,0.066,0.29999999999999993,0.6339999999999998,0.22000000000000003,548.0,1e-11,1e-22,IdealGasReactor,off,0.6311396097878317,0.0,0.0,0.2842261157074449,0.028322640079074635,0.00943802424217097,7.098931311039284e-12,0.046873610176379026,0.0,0.0029671506018516657,4.139429096970511e-11,0.5547307041253491,5.592281278162676e-09,1.2889832001391015e-07,1.1911046946374186e-07,1.0091607938382141e-05,0.44149015455557106,4.7859433986558527e-05,4.3150186631473946e-05,0.0006065520026237101,5.141859822731314e-06,2.677236142911731e-13,1.871082667022272e-09,9.894011240999484e-05,0.0,0.0,0.0,0.0,0.0,0.0,0.0,0.0,0.0,0.0,0.0,0.0,-2.769389126065644e-07,5.538778250674372e-07,1.8462594161342176e-07,1.4826472715911812e-16,-3.6925188337458084e-07,0.0,5.473311184725341e-15,3.997002107859374e-23,-1.4514064672676733e-18,1.3002510605243952e-20,-2.586150406644989e-18,-3.7878254610028243e-20,4.388193149593812e-20,5.4701708381975366e-15,4.154021468574961e-21,-1.991817021221312e-18,-1.0417806671351199e-21,-1.962744497223481e-21,-4.377235993696517e-21,1.2800871073684235e-22,-5.4687154029496064e-15,3.649039995310332e-07,2.769389126065644e-07,5.244180088947946e-07,-5.538758694774567e-07,-4.7293031778988737e-07,1.764832093328331e-10,1.289974178466832e-07,7.983969675576774e-08,8.060032606141583e-08,7.983969675576774e-08,1.8452121522995642e-07,1.8452121522995642e-07,-1.4826472715911812e-16,3.690424320144527e-07,-2.0557121772061719e-16,3.5762462642505363e-19,-1.5483163486295754e-15,3.690424248414814e-07,1.2537723485461762e-13,6.720580373144781e-12,8.437120693184343e-11,-2.58326704357576e-11,-1.30377867072193e-19,3.68808311213983e-07,6.720580373144781e-12,8.437120693184343e-11,-1.7825617941564973e-07,2.3411909621380857e-10,-1.8439182251721395e-07,-6.369762197772041e-09,-6.369762197815923e-09,-1.9912138866943513e-16,4.350158721586071e-09,1.3260267048161538e-20,-1.95558998050267e-12,4.3478838435476286e-09,2.341895608180563e-12,5.770790534460785e-13,1.3112942457952089e-12,3.3055688939723505e-21,1.9912151667814587e-16
4.176,548,101324.99999999997,2.771e-08,0.066,0.29999999999999993,0.6339999999999998,0.22000000000000003,548.0,1e-11,1e-22,IdealGasReactor,off,0.6311340361878879,0.0,0.0,0.28419711267512887,0.02837537601908189,0.009455602914052454,7.113056534708044e-12,0.046837872196736074,0.0,0.0029663169886331984,4.13599520060668e-11,0.5548893829390179,5.590937138150418e-09,1.2910147519738355e-07,1.1913924980743447e-07,1.0096883508760868e-05,0.4413330130929067,4.783566353953141e-05,4.310516426148063e-05,0.0006059762540263501,5.140153948714006e-06,2.6747547527217413e-13,1.871477497618827e-09,9.887711539009901e-05,0.0,0.0,0.0,0.0,0.0,0.0,0.0,0.0,0.0,0.0,0.0,0.0,-2.767551152321305e-07,5.535102301858924e-07,1.8450341002921504e-07,1.4821173975248752e-16,-3.6900682022567414e-07,0.0,1.3215182950673306e-15,-7.096064752030509e-22,-3.994218167120608e-18,8.217042352133659e-21,1.3011860731880465e-16,2.9685857823303057e-19,-2.8880266624737664e-19,1.4710005189291769e-15,5.150681513363748e-21,1.4998772887431946e-17,-8.732648316505315e-21,-3.3722085622255556e-21,-4.75886986283534e-21,-8.563684586506341e-23,-1.4669713037606625e-15,3.6466469132421034e-07,2.767551152321305e-07,5.240203560042394e-07,-5.535082770133934e-07,-4.7262253859475747e-07,1.7625571422118547e-10,1.2897024564285643e-07,7.976041883773066e-08,8.05409410918035e-08,7.976041883773066e-08,1.8439881969059683e-07,1.8439881969059683e-07,-1.4821173975248752e-16,3.687976409342575e-07,-2.0528424978845995e-16,3.571876473315372e-19,-1.5469967141358217e-15,3.6879763776198615e-07,1.25294070295349e-13,6.7108671820278235e-12,8.427087117968952e-11,-2.5782376906533472e-11,-1.302077648706647e-19,3.685637467936769e-07,6.7108671820278235e-12,8.427087117968952e-11,-1.7813614907669276e-07,2.338924352805477e-10,-1.8426951759394254e-07,-6.367260952522273e-09,-6.36726095223347e-09,-1.9899166027960721e-16,4.344401035352959e-09,1.324387429721908e-20,-1.9531724989488684e-12,4.34212890146379e-09,2.3387952921453835e-12,5.766304588165834e-13,1.309681654814819e-12,3.301539278281815e-21,1.9899157464276135e-16
4.185,548,101325.00000000003,2.771e-08,0.066,0.29999999999999993,0.6339999999999998,0.22000000000000003,548.0,1e-11,1e-22,IdealGasReactor,off,0.6311284663870197,0.0,0.0,0.2841681294118538,0.028428076013228075,0.009473169603963489,7.127176478744436e-12,0.04680215857680773,0.0,0.0029654830757138576,4.132563444057233e-11,0.555048051214594,5.589592728612598e-09,1.2930431960294235e-07,1.1916785127925522e-07,1.0102147899831731e-05,0.44117588200634134,4.781189280127142e-05,4.3060178455430464e-05,0.000605400930611044,5.138447867741919e-06,2.6722752112635307e-13,1.871872366638089e-09,9.881413048644475e-05,0.0,0.0,0.0,0.0,0.0,0.0,0.0,0.0,0.0,0.0,0.0,0.0,-2.765713566057035e-07,5.531427130633335e-07,1.8438090428514984e-07,1.4815875603777877e-16,-3.6876180870919297e-07,0.0,-4.453819558355013e-16,1.814612073160769e-23,9.529238514404095e-18,-5.216409277475274e-22,-2.2287554424628778e-20,2.6469779601696886e-21,-2.724732937749673e-21,-4.54729981840606e-16,8.0145097380704535e-22,3.1490460371977066e-19,1.058085253269721e-20,-1.137373342260413e-23,1.3550608030345549e-22,-1.2253268465461574e-24,4.451382486781061e-16,3.644254289611416e-07,2.765713566057035e-07,5.236228255676676e-07,-5.531407623060331e-07,-4.7231482161874353e-07,1.7602845079319932e-10,1.2894303354184722e-07,7.96811793153729e-08,8.048157097819505e-08,7.96811793153729e-08,1.8427644983491102e-07,1.8427644983491102e-07,-1.4815875603777877e-16,3.685529012214055e-07,-2.0499761356774285e-16,3.5675109498795295e-19,-1.545677653638083e-15,3.685528999763932e-07,1.2521092318755908e-13,6.7011649906364695e-12,8.417062895448281e-11,-2.5732169551881075e-11,-1.3003784510759803e-19,3.6831923363881984e-07,6.7011649906364695e-12,8.417062895448281e-11,-1.7801614442170013e-07,2.336658924350924e-10,-1.8414723839271468e-07,-6.364759863449705e-09,-6.36475986344698e-09,-1.9886165726581593e-16,4.338649140210655e-09,1.3227497028080024e-20,-1.9507573004068668e-12,4.336379748051356e-09,2.335698095360307e-12,5.761819633693315e-13,1.308070549267979e-12,3.29751329589559e-21,1.9886165604048908e-16
4.194,548,101324.99999999997,2.771e-08,0.066,0.29999999999999993,0.6339999999999998,0.22000000000000003,548.0,1e-11,1e-22,IdealGasReactor,off,0.6311229003842461,0.0,0.0,0.28413916591251037,0.02848074007080428,0.009490724315000199,7.14129114388263e-12,0.04676646931029772,0.0,0.0029646488638658554,4.1291338278332244e-11,0.5552067089099532,5.58824805059553e-09,1.295068533714852e-07,1.1919627407015147e-07,1.0107401117322768e-05,0.441018761337169,4.778812178918918e-05,4.3015229209771864e-05,0.0006048260323710704,5.136741580782807e-06,2.6697975183088956e-13,1.8722672738535998e-09,9.875115774271024e-05,0.0,0.0,0.0,0.0,0.0,0.0,0.0,0.0,0.0,0.0,0.0,0.0,-2.763876368847176e-07,5.527752735658072e-07,1.8425842446545676e-07,1.4810577602882335e-16,-3.685168490840716e-07,0.0,-2.600356371743389e-15,1.4481595768239643e-21,-1.8283793771886877e-18,-1.52196848624844e-20,5.551342763230357e-17,1.7970333371592016e-19,-1.7491726669168834e-19,-2.539605863475304e-15,-1.3238467316608056e-21,3.196950134422184e-18,-1.548253501119822e-21,-3.8683618333925185e-21,5.653541294193917e-22,-1.4472589040759283e-22,2.541457968843286e-15,3.6418621270171026e-07,2.763876368847176e-07,5.23225417914713e-07,-5.527733252214226e-07,-4.7200716712600965e-07,1.7580141898383097e-10,1.2891578158379553e-07,7.960197824816161e-08,8.04222157710931e-08,7.960197824816161e-08,1.8415410576784673e-07,1.8415410576784673e-07,-1.4810577602882335e-16,3.6830821308580187e-07,-2.0471130885405486e-16,3.5631496926641553e-19,-1.5443591677996368e-15,3.6830821392719315e-07,1.2512779360255693e-13,6.691473794435313e-12,8.407048023998132e-11,-2.5682048262673063e-11,-1.2986810768747702e-19,3.68074771917921e-07,6.691473794435313e-12,8.407048023998132e-11,-1.778961655341981e-07,2.334394678141714e-10,-1.8402498499764737e-07,-6.362258931258676e-09,-6.362258931083759e-09,-1.9873190571493086e-16,4.332903035211062e-09,1.3211135238840792e-20,-1.948344384595996e-12,4.330636382361313e-09,2.3326040173123844e-12,5.75733567553874e-13,1.306460929082901e-12,3.293490946853252e-21,1.9873176098904045e-16
4.202999999999999,548,101325.00000000003,2.771e-08,0.066,0.29999999999999993,0.6339999999999998,0.22000000000000003,548.0,1e-11,1e-22,IdealGasReactor,off,0.6311173381785825,0.0,0.0,0.2841102221719779,0.02853336820112087,0.009508267050266542,7.155400530859272e-12,0.04673080439089658,0.0,0.0029638143535685355,4.125706352032777e-11,0.5553653559286409,5.586903104596408e-09,1.2970907663169496e-07,1.192245183620465e-07,1.0112643167189114e-05,0.4408616511813737,4.776435051599333e-05,4.297031651666266e-05,0.0006042515592393473,5.135035088880953e-06,2.6673216735612307e-13,1.872662219272697e-09,9.868819720501997e-05,0.0,0.0,0.0,0.0,0.0,0.0,0.0,0.0,0.0,0.0,0.0,0.0,-2.7620395617179263e-07,5.524079119710312e-07,1.8413597065982704e-07,1.4805279975784282e-16,-3.682719414421693e-07,0.0,4.3782785765029494e-14,-2.4737010056610723e-21,3.963842777910907e-18,-1.3500923299787911e-20,2.2454584027871405e-16,-4.318544542016847e-19,4.165267974510771e-19,4.398132071407749e-14,-7.24558144203643e-21,-2.1544431628042402e-17,9.37365149502604e-21,3.1000661406956095e-20,8.44250319132056e-21,7.081666026463645e-22,-4.398532549262465e-14,3.639470426395914e-07,2.7620395617179263e-07,5.228281332717186e-07,-5.524059660372803e-07,-4.7169957528762525e-07,1.7557461869307854e-10,1.288884897836173e-07,7.952281567979155e-08,8.036287550513229e-08,7.952281567979155e-08,1.8403178755800012e-07,1.8403178755800012e-07,-1.4805279975784282e-16,3.68063576664627e-07,-2.0442533545153504e-16,3.55879269993374e-19,-1.5430412573221812e-15,3.680635309866176e-07,1.2504468158695174e-13,6.681793587554409e-12,8.397042500322558e-11,-2.5632012924605516e-11,-1.2969855251788745e-19,3.6783036181037957e-07,6.681793587554409e-12,8.397042500322558e-11,-1.777762125023757e-07,2.332131615635124e-10,-1.839027574982482e-07,-6.3597581574513375e-09,-6.359758157867864e-09,-1.9860118139964543e-16,4.327162718544205e-09,1.3194788924960864e-20,-1.9459337508469276e-12,4.324898802577939e-09,2.3295130570223256e-12,5.752852717057496e-13,1.3048527939266776e-12,3.2894722305249842e-21,1.9860188956624808e-16
4.212,548,101325.0,2.771e-08,0.066,0.29999999999999993,0.6339999999999998,0.22000000000000003,548.0,1e-11,1e-22,IdealGasReactor,off,0.6311117797690428,0.0,0.0,0.2840812981851229,0.028585960413512346,0.009525797812874078,7.1695046404127105e-12,0.04669516381227855,0.0,0.002962979545590926,4.122281017155405e-11,0.5555239922279105,5.5855578916553714e-09,1.2991098952550852e-07,1.1925258434622362e-07,1.0117874055188556e-05,0.44070455158087624,4.774057899902742e-05,4.29254403724022e-05,0.0006036775112072946,5.1333283930053495e-06,2.6648476767873554e-13,1.873057202671852e-09,9.862524891697788e-05,0.0,0.0,0.0,0.0,0.0,0.0,0.0,0.0,0.0,0.0,0.0,0.0,-2.7602031462337795e-07,5.520406291316758e-07,1.8401354295237023e-07,1.4799982723887964e-16,-3.680270860877094e-07,0.0,-9.899574632143275e-15,3.492536532409079e-22,-1.2967710389690838e-17,-1.2030564038774985e-20,-3.301347969615078e-17,1.8290617704772548e-19,-1.9567867288615678e-19,-9.897334818950384e-15,-7.747448136128208e-21,2.1947303261298484e-17,-1.6596347034594726e-20,-1.7146420122458572e-21,5.609023626685741e-21,-6.624775198101142e-23,9.91040268511403e-15,3.637079190799879e-07,2.7602031462337795e-07,5.224309719661629e-07,-5.52038685606277e-07,-4.713920463660692e-07,1.7534804985482496e-10,1.2886115818128257e-07,7.944369166929997e-08,8.030355023051582e-08,7.944369166929997e-08,1.8390949530965582e-07,1.8390949530965582e-07,-1.4799982723887964e-16,3.678189921664684e-07,-2.041396931553016e-16,3.5544399703931676e-19,-1.5417239228667298e-15,3.67819000368641e-07,1.2496158721160208e-13,6.672124365412806e-12,8.387046322750113e-11,-2.5582063428568885e-11,-1.2952917950300548e-19,3.675860034844191e-07,6.672124365412806e-12,8.387046322750113e-11,-1.7765628540962885e-07,2.329869738192022e-10,-1.8378055597853825e-07,-6.357257542741366e-09,-6.357257542545687e-09,-1.9847210813686266e-16,4.3214281892183925e-09,1.3178458084451307e-20,-1.9435253988668862e-12,4.3191670077215085e-09,2.3264252139604628e-12,5.748370762721579e-13,1.3032461437189348e-12,3.2854571469283842e-21,1.9847204188911068e-16
4.221,548,101325.00000000004,2.771e-08,0.066,0.29999999999999993,0.6339999999999998,0.22000000000000003,548.0,1e-11,1e-22,IdealGasReactor,off,0.631106225154637,0.0,0.0,0.2840523939467986,0.0286385167173364,0.00954331660594197,7.183603473283097e-12,0.04665954756810204,0.0,0.00296214444037055,4.118857823234018e-11,0.5556826177034544,5.5842124121901835e-09,1.30112592180102e-07,1.1928047220367287e-07,1.0123093787331145e-05,0.4405474626395676,4.771680725032081e-05,4.288060076845372e-05,0.0006031038881982246,5.131621494211671e-06,2.6623755276771905e-13,1.873452224092622e-09,9.856231292499854e-05,0.0,0.0,0.0,0.0,0.0,0.0,0.0,0.0,0.0,0.0,0.0,0.0,-2.7583671233395025e-07,5.516734245200052e-07,1.8389114143337758e-07,1.4794685850681355e-16,-3.67782283013205e-07,0.0,4.334443615134606e-17,-5.794744828627547e-23,1.3851846633309418e-18,3.4656972064629735e-22,-4.25104660403252e-20,-1.1461414567534751e-20,1.144735249712135e-20,4.178432057651185e-17,1.3621994575548704e-22,-1.0411164952254088e-19,1.6778540834651633e-21,6.614859961009993e-23,-4.6652182580399205e-23,3.718644232804604e-24,-4.317887163489475e-17,3.6346884201737036e-07,2.7583671233395025e-07,5.220339342088739e-07,-5.516714834006772e-07,-4.7108458051864097e-07,1.7512171236351726e-10,1.2883378678821182e-07,7.936460625793025e-08,8.024423997950764e-08,7.936460625793025e-08,1.8378722908601576e-07,1.8378722908601576e-07,-1.4794685850681355e-16,3.6757445971772196e-07,-2.0385438177022894e-16,3.550091502232318e-19,-1.5404071651383083e-15,3.6757445798230037e-07,1.2487851051945188e-13,6.662466121925883e-12,8.377059487722031e-11,-2.553219965961379e-11,-1.29359988550562e-19,3.673416971207516e-07,6.662466121925883e-12,8.377059487722031e-11,-1.7753638434463293e-07,2.3276090472763667e-10,-1.836583805286499e-07,-6.354757088744634e-09,-6.354757088756081e-09,-1.9834221431091223e-16,4.31569944528582e-09,1.316214271235134e-20,-1.9411193279241757e-12,4.3134409958346214e-09,2.3233404870715487e-12,5.743889815715069e-13,1.3016409780847928e-12,3.281445695325898e-21,1.9834221802955646e-16
4.2299999999999995,548,101325.00000000003,2.771e-08,0.066,0.29999999999999993,0.6339999999999998,0.22000000000000003,548.0,1e-11,1e-22,IdealGasReactor,off,0.631100674334375,0.0,0.0,0.28402350945184646,0.028691037121973486,0.009560823432597053,7.197697030212523e-12,0.04662395565201027,0.0,0.002961309038785327,4.1154367709133004e-11,0.5558412323327346,5.582866667444459e-09,1.3031388474284142e-07,1.1930818212958135e-07,1.012830236932425e-05,0.44039038437902805,4.76930352889519e-05,4.283579770259226e-05,0.0006025306902245997,5.129914393439821e-06,2.6599052260177173e-13,1.8738472832243566e-09,9.849938927166676e-05,0.0,0.0,0.0,0.0,0.0,0.0,0.0,0.0,0.0,0.0,0.0,0.0,-2.756531494798445e-07,5.513062988190664e-07,1.8376876618475142e-07,1.4789389356884594e-16,-3.675375325361853e-07,0.0,-7.468516894509002e-15,-5.627713294288704e-22,-2.3558970757579805e-17,1.9537447385047204e-21,-7.423449689295892e-18,2.789650072222835e-19,-2.7501191107489256e-19,-7.45672561354807e-15,-1.702964043571102e-21,-4.9015985996403986e-18,-2.318978855112553e-20,-1.780945708220811e-21,-9.518028369037735e-25,3.2593594896682243e-22,7.480434212230235e-15,3.632298117699521e-07,2.756531494798445e-07,5.216370203645169e-07,-5.513043601035284e-07,-4.7077717804163513e-07,1.7489560616517917e-10,1.2880637565389838e-07,7.928555951028388e-08,8.018494480805398e-08,7.928555951028388e-08,1.8366498900456713e-07,1.8366498900456713e-07,-1.4789389356884594e-16,3.6732997955335357e-07,-2.035694010876014e-16,3.5457472943116914e-19,-1.5390909847804937e-15,3.673299853179657e-07,1.2479545159033044e-13,6.652818852971887e-12,8.367081994152287e-11,-2.5482421510641062e-11,-1.2919097956317855e-19,3.670974428831108e-07,6.652818852971887e-12,8.367081994152287e-11,-1.7741650938887182e-07,2.3253495442065014e-10,-1.835362312303347e-07,-6.352256795879591e-09,-6.352256795604579e-09,-1.9821209218311274e-16,4.309976486059569e-09,1.3145842807585527e-20,-1.9387155378606486e-12,4.307720766233207e-09,2.3202588759851614e-12,5.739409880920638e-13,1.3000372970339792e-12,3.2774378759654505e-21,1.982124181190617e-16
4.239,548,101324.99999999997,2.771e-08,0.066,0.29999999999999993,0.6339999999999998,0.22000000000000003,548.0,1e-11,1e-22,IdealGasReactor,off,0.631095127307262,0.0,0.0,0.2839946446950946,0.028743521636827075,0.009578318295973748,7.2117853119448984e-12,0.04658838805763058,0.0,0.002960473341152682,4.112017860051435e-11,0.555999835989048,5.581520657610005e-09,1.3051486733659588e-07,1.1933571430152533e-07,1.0133499807290601e-05,0.44023331692569173,4.76692631250064e-05,4.279103116444205e-05,0.0006019579171840834,5.1282070917780394e-06,2.657436771467524e-13,1.8742423802059454e-09,9.843647800433703e-05,0.0,0.0,0.0,0.0,0.0,0.0,0.0,0.0,0.0,0.0,0.0,0.0,-2.7546962613282857e-07,5.50939252118034e-07,1.836464172989145e-07,1.478409324674373e-16,-3.6729283474463806e-07,0.0,-9.890932930700146e-17,-5.1005698997941145e-23,4.5296030766548755e-19,3.4818649474132155e-22,-2.1429933565533799e-19,-1.852884572118782e-21,1.7230172159479566e-21,-1.0016079567115131e-16,6.980840933934609e-23,-5.754420710159938e-19,3.674610526876527e-22,-8.68539643180679e-24,2.9123704310440996e-23,1.3721935901042646e-23,9.970408200969936e-17,3.629908284280472e-07,2.7546962613282857e-07,5.212402306008253e-07,-5.509373158040063e-07,-4.704698390537099e-07,1.7466973113944878e-10,1.2877892477948422e-07,7.920655146095128e-08,8.012566474181971e-08,7.920655146095128e-08,1.8354277511342467e-07,1.8354277511342467e-07,-1.478409324674373e-16,3.670855517695984e-07,-2.0328475091531948e-16,3.541407344626097e-19,-1.537775382511998e-15,3.670855501791692e-07,1.2471241045693044e-13,6.6431825518983725e-12,8.357113837777255e-11,-2.543272886466412e-11,-1.2902215244958631e-19,3.6685324095641733e-07,6.6431825518983725e-12,8.357113837777255e-11,-1.7729666063282315e-07,2.3230912304780296e-10,-1.8341410817586656e-07,-6.349756666091344e-09,-6.349756666093067e-09,-1.9808262849108084e-16,4.3042593092115445e-09,1.3129558364073862e-20,-1.93631402777986e-12,4.302006316590855e-09,2.317180379446871e-12,5.734930961047313e-13,1.2984351000807184e-12,3.2734336878253986e-21,1.9808264221301674e-16
4.248,548,101325.00000000004,2.771e-08,0.066,0.29999999999999993,0.6339999999999998,0.22000000000000003,548.0,1e-11,1e-22,IdealGasReactor,off,0.6310895840723024,0.0,0.0,0.28396579967135904,0.02879597027132332,0.009595801199214112,7.225868319226048e-12,0.046552844778575166,0.0,0.002959637348325719,4.108601091252393e-11,0.5561584286451702,5.5801743838834e-09,1.307155401082621e-07,1.1936306891436073e-07,1.0138686106980902e-05,0.4400762603058571,4.7645490777162225e-05,4.274630115133362e-05,0.0006013855690830481,5.12649959017413e-06,2.6549701638044205e-13,1.8746375147467527e-09,9.83735791657587e-05,0.0,0.0,0.0,0.0,0.0,0.0,0.0,0.0,0.0,0.0,0.0,0.0,-2.752861424642231e-07,5.505722848558474e-07,1.8352409485813852e-07,1.4778797521137489e-16,-3.670481897322194e-07,0.0,3.2254325627382064e-13,-1.5201093246554408e-20,9.966588921422473e-18,4.816184640380249e-20,-7.507962401608189e-17,-1.411493056326606e-17,1.40923708664199e-17,3.223221200654094e-13,-7.452157168149645e-20,-1.2160140469961595e-16,5.1770143921506866e-20,-5.0596983708643597e-20,-9.167600411295458e-21,1.5057329223349064e-21,-3.2233223831810867e-13,3.627518920860896e-07,2.752861424642231e-07,5.208435652728839e-07,-5.505703509410499e-07,-4.701625638427242e-07,1.7444408722879514e-10,1.2875143421244904e-07,7.912758217299519e-08,8.006639983530355e-08,7.912758217299519e-08,1.8342058752677508e-07,1.8342058752677508e-07,-1.4778797521137489e-16,3.668411765948391e-07,-2.030004310449507e-16,3.5370716519877235e-19,-1.5364603589776553e-15,3.6684085258364973e-07,1.2462938719683855e-13,6.633557214445042e-12,8.347155017343752e-11,-2.5383121614235355e-11,-1.288535071123922e-19,3.666090915051469e-07,6.633557214445042e-12,8.347155017343752e-11,-1.7717683815827387e-07,2.3208341074115128e-10,-1.832920114473748e-07,-6.347256699864659e-09,-6.34725671395703e-09,-1.9795138470637073e-16,4.298547913980898e-09,1.3113289380470565e-20,-1.933914797483679e-12,4.296297646129803e-09,2.3141049970366255e-12,5.730453060872139e-13,1.2968343872075431e-12,3.2694331310837303e-21,1.9795289043929306e-16
4.257,548,101325.00000000003,2.771e-08,0.066,0.29999999999999993,0.6339999999999998,0.22000000000000003,548.0,1e-11,1e-22,IdealGasReactor,off,0.6310840446284971,0.0,0.0,0.2839369743754433,0.028848383034910927,0.009613272145467814,7.239946052803713e-12,0.046517325808440785,0.0,0.0029588010609308043,4.1051864647962614e-11,0.556317010231918,5.5788278470346894e-09,1.3091590319494077e-07,1.19390246155784e-07,1.0143861274323542e-05,0.43991921458806166,4.7621718260423506e-05,4.270160765723508e-05,0.0006008136458806332,5.124791889630584e-06,2.6525054027506894e-13,1.875032686738393e-09,9.83106928004347e-05,0.0,0.0,0.0,0.0,0.0,0.0,0.0,0.0,0.0,0.0,0.0,0.0,-2.7510269860293665e-07,5.502053970173811e-07,1.834017989484547e-07,1.4773502182365062e-16,-3.6680359802798147e-07,0.0,1.1161340655542666e-14,-1.619077673589988e-21,5.816478186282617e-18,1.627192640374369e-21,4.079628311331931e-17,1.2811373327221293e-20,-1.5996845866163002e-20,1.1185451511251986e-14,-1.3425411750632174e-20,-1.0797455471846661e-17,1.0921736369238762e-20,6.551270451419979e-22,-2.3915201755794813e-21,-1.8742773093960077e-23,-1.1191306401997893e-14,3.6251300327457946e-07,2.7510269860293665e-07,5.204470246555733e-07,-5.502034654995347e-07,-4.6985535262435844e-07,1.7421867434846104e-10,1.2872390398070547e-07,7.904865169715931e-08,8.000715013065183e-08,7.904865169715931e-08,1.832984263305941e-07,1.832984263305941e-07,-1.4773502182365062e-16,3.665968542010019e-07,-2.0271644127437444e-16,3.53274021485168e-19,-1.5351459148502482e-15,3.665968413280041e-07,1.2454638186847295e-13,6.6239428353098064e-12,8.33720553029729e-11,-2.5333599647895245e-11,-1.2868504345642655e-19,3.6636499470167136e-07,6.6239428353098064e-12,8.33720553029729e-11,-1.7705704205015056e-07,2.3185781763911357e-10,-1.8316994113081242e-07,-6.344756898304162e-09,-6.344756898288165e-09,-1.9782318163759236e-16,4.292842298875079e-09,1.30970358533758e-20,-1.9315178464708446e-12,4.290594753402006e-09,2.311032727971575e-12,5.725976184285899e-13,1.295235158193938e-12,3.2654362053984838e-21,1.9782316289481926e-16
4.266,548,101325.0,2.771e-08,0.066,0.29999999999999993,0.6339999999999998,0.22000000000000003,548.0,1e-11,1e-22,IdealGasReactor,off,0.6310785089748447,0.0,0.0,0.2839081688021392,0.028900759937059237,0.009630731137892229,7.2540185134278714e-12,0.04648183114081024,0.0,0.0029579644794856383,4.101773980813381e-11,0.5564755806595775,5.577481047630965e-09,1.3111595672953592e-07,1.1941724621046663e-07,1.0149025315335219e-05,0.43976217986150523,4.759794558809048e-05,4.265695067454802e-05,0.0006002421475139489,5.123083991187003e-06,2.6500424880054046e-13,1.8754278961599316e-09,9.824781895398207e-05,0.0,0.0,0.0,0.0,0.0,0.0,0.0,0.0,0.0,0.0,0.0,0.0,-2.749192946574864e-07,5.498385891711905e-07,1.8327952965856962e-07,1.4768207233420223e-16,-3.665590594449691e-07,0.0,1.3422538038911812e-16,2.5051846869173417e-23,1.975918692308605e-17,-4.0017068677136737e-22,-3.7698260108736704e-18,-1.1514354126738145e-20,1.1413438092006676e-20,1.1046214236913964e-16,1.5604026153924987e-21,1.3882194576984916e-20,2.149640423243904e-20,-1.253178628017837e-22,-7.689761317704555e-23,-2.034123696652495e-25,-1.303508568873427e-16,3.6227416180833506e-07,2.749192946574864e-07,5.200506089855973e-07,-5.498366600480164e-07,-4.6954820557981927e-07,1.7399349240084176e-10,1.2869633410288567e-07,7.89697600784318e-08,7.994791566419123e-08,7.89697600784318e-08,1.831762915974286e-07,1.831762915974286e-07,-1.4768207233420223e-16,3.663525847332011e-07,-2.0243278140481256e-16,3.528413031506536e-19,-1.533832050818507e-15,3.6635258293671313e-07,1.244633945211272e-13,6.614339408703703e-12,8.327265373469019e-11,-2.5284162852368748e-11,-1.2851676138778734e-19,3.6612095072317985e-07,6.614339408703703e-12,8.327265373469019e-11,-1.7693727239576055e-07,2.3163234388414406e-10,-1.8304789731468538e-07,-6.342257262809064e-09,-6.342257262820477e-09,-1.9769345986520934e-16,4.287142462161084e-09,1.3080797778420997e-20,-1.9291231740975253e-12,4.284897636634071e-09,2.3079635712962962e-12,5.721500334759766e-13,1.293637412722858e-12,3.261442910179688e-21,1.9769345966179697e-16
4.2749999999999995,548,101324.99999999999,2.771e-08,0.066,0.29999999999999993,0.6339999999999998,0.22000000000000003,548.0,1e-11,1e-22,IdealGasReactor,off,0.631072977110343,0.0,0.0,0.28387938294622317,0.028953100987267617,0.009648178179651957,7.268085701849161e-12,0.04644636076924618,0.0,0.00295712760479432,4.098363639826616e-11,0.5566341398919173,5.576133986775353e-09,1.3131570085777807e-07,1.1944406927227904e-07,1.0154178235843522e-05,0.43960515616155654,4.7574172778019264e-05,4.261233019972276e-05,0.0005996710739773569,5.12137589580132e-06,2.6475814193276347e-13,1.87582314276027e-09,9.818495766935564e-05,0.0,0.0,0.0,0.0,0.0,0.0,0.0,0.0,0.0,0.0,0.0,0.0,-2.747359307894532e-07,5.494718614113296e-07,1.8315728707118096e-07,1.4762912675486704e-16,-3.6631457427886656e-07,0.0,1.1525763508336428e-14,-1.1664092227713056e-21,2.4446390742261454e-18,3.2258422817028445e-21,1.9965731237086334e-17,1.4643082075658717e-19,-1.4657144146072119e-19,1.153473297844292e-14,-5.196738570402563e-21,-8.662542608437177e-18,5.763782189417601e-21,3.53570598017549e-21,-6.35227960472722e-22,-6.972840634504171e-23,-1.1537197978167593e-14,3.620353679839941e-07,2.747359307894532e-07,5.196543185991681e-07,-5.494699346805495e-07,-4.6924112298037984e-07,1.7376854132146399e-10,1.286687246223918e-07,7.889090737682433e-08,7.988869648754276e-08,7.889090737682433e-08,1.830541834349695e-07,1.830541834349695e-07,-1.4762912675486704e-16,3.6610836840681674e-07,-2.0214945122834892e-16,3.524090100669945e-19,-1.5325187675290612e-15,3.6610835518757767e-07,1.2438042522797435e-13,6.604746930095229e-12,8.31733454527983e-11,-2.5234811119432875e-11,-1.28348660809046e-19,3.658769597351672e-07,6.604746930095229e-12,8.31733454527983e-11,-1.7681752927718203e-07,2.314069896084669e-10,-1.8292588008157236e-07,-6.3397577939989334e-09,-6.339757793852362e-09,-1.9756385058938963e-16,4.281448402876419e-09,1.3064575153734056e-20,-1.926730780087807e-12,4.279206294872461e-09,2.3048975264952624e-12,5.71702551686243e-13,1.2920411507245192e-12,3.2574532454712017e-21,1.9756378086098329e-16
4.284,548,101324.99999999999,2.771e-08,0.066,0.29999999999999993,0.6339999999999998,0.22000000000000003,548.0,1e-11,1e-22,IdealGasReactor,off,0.6310674490339853,0.0,0.0,0.2838506168024618,0.02900540619505108,0.009665613273919516,7.282147618821258e-12,0.04641091468730039,0.0,0.002956290437308788,4.094955441865204e-11,0.5567926878270543,5.574786664910269e-09,1.3151513571024968e-07,1.1947071552406855e-07,1.0159320041938759e-05,0.4394481435896677,4.7550399842420984e-05,4.2567746224093064e-05,0.0005991004251931593,5.119667604527057e-06,2.645122196395924e-13,1.8762184265722605e-09,9.812210899254822e-05,0.0,0.0,0.0,0.0,0.0,0.0,0.0,0.0,0.0,0.0,0.0,0.0,-2.745526070947722e-07,5.491052140759602e-07,1.8303507127574625e-07,1.4757618511970402e-16,-3.6607014269010366e-07,0.0,6.771779044813226e-15,3.378958786414246e-22,4.3667226197037835e-18,2.353373139915161e-21,-3.3962156597075596e-17,-7.99122646175229e-20,7.722392762672556e-20,6.7287447583781955e-15,4.45887225942413e-21,-4.566636861720224e-18,2.129630609186755e-21,-7.01500858233252e-22,5.925936174435627e-22,-8.827841494127189e-23,-6.733144193687796e-15,3.617966219639701e-07,2.745526070947722e-07,5.192581537088951e-07,-5.491032897352965e-07,-4.689341049857934e-07,1.7354382100425187e-10,1.2864107555225752e-07,7.881209363351749e-08,7.982949263332851e-08,7.881209363351749e-08,1.8293210190736248e-07,1.8293210190736248e-07,-1.4757618511970402e-16,3.658642053501357e-07,-2.018664505474777e-16,3.519771420516899e-19,-1.5312060656759495e-15,3.6586419693840355e-07,1.2429747403259962e-13,6.595165393367257e-12,8.307413042158984e-11,-2.5185544334722253e-11,-1.2818074162660783e-19,3.656330219165922e-07,6.595165393367257e-12,8.307413042158984e-11,-1.7669781278229156e-07,2.3118175495552708e-10,-1.82803889520788e-07,-6.337258493454671e-09,-6.337258493531895e-09,-1.9743421484379032e-16,4.2757601190315624e-09,1.3048367974304222e-20,-1.924340663703044e-12,4.2735207261335755e-09,2.301834592498474e-12,5.712551733798373e-13,1.290446371818331e-12,3.2534672105203475e-21,1.9743412656537538e-16
4.293,548,101324.99999999999,2.771e-08,0.066,0.29999999999999993,0.6339999999999998,0.22000000000000003,548.0,1e-11,1e-22,IdealGasReactor,off,0.6310619247447629,0.0,0.0,0.2838218703656088,0.029057675569948652,0.009683036423874932,7.296204265099498e-12,0.04637549288850843,0.0,0.00295545297772882,4.091549387300629e-11,0.5569512244092277,5.573439082942578e-09,1.3171426142875765e-07,1.1949718515681381e-07,1.0164450739548346e-05,0.4392911422008654,4.752662679747474e-05,4.25231987425183e-05,0.0005985302011334845,5.117959118351533e-06,2.6426648189423646e-13,1.876613747429269e-09,9.805927296736803e-05,0.0,0.0,0.0,0.0,0.0,0.0,0.0,0.0,0.0,0.0,0.0,0.0,-2.743693237152548e-07,5.487386472831517e-07,1.8291288235688115e-07,1.4752324744715937e-16,-3.6582576485510515e-07,0.0,3.2092739166053716e-16,-2.724264672901718e-23,5.900525307929943e-18,-3.5568504870085373e-22,-1.2615496958168736e-19,-9.132073962585426e-21,8.907908016583555e-21,3.1457277678230677e-16,5.022999743662492e-22,-2.4763016807903023e-19,6.346746409895192e-21,2.675412293726199e-23,-1.5179436322722213e-22,-9.424934006144085e-24,-3.2051202387237125e-16,3.615579239259637e-07,2.743693237152548e-07,5.188621146135879e-07,-5.487367253303272e-07,-4.686271518337815e-07,1.7331933137187428e-10,1.2861338692698877e-07,7.873331890275698e-08,7.977030414744474e-08,7.873331890275698e-08,1.8281004710919366e-07,1.8281004710919366e-07,-1.4752324744715937e-16,3.656200957523339e-07,-2.0158377915695835e-16,3.515456989595623e-19,-1.5298939459179728e-15,3.6562009375629145e-07,1.242145409992716e-13,6.5855947934958214e-12,8.297500861914698e-11,-2.5136362388276117e-11,-1.2801300374392945e-19,3.653891374367431e-07,6.5855947934958214e-12,8.297500861914698e-11,-1.765781229948006e-07,2.3095664006036128e-10,-1.8268192571682057e-07,-6.3347593620805604e-09,-6.334759362089468e-09,-1.973045063062971e-16,4.270077609355065e-09,1.3032176237287718e-20,-1.921952824524042e-12,4.2678409291414194e-09,2.298774768617118e-12,5.708078989723867e-13,1.2888530758379577e-12,3.2494848051232797e-21,1.973044968813631e-16
4.302,548,101325.0,2.771e-08,0.066,0.29999999999999993,0.6339999999999998,0.22000000000000003,548.0,1e-11,1e-22,IdealGasReactor,off,0.631056404241666,0.0,0.0,0.28379314363040437,0.0291099091215249,0.009700447632705653,7.310255641440617e-12,0.04634009536638871,0.0,0.0029546152264946076,4.0881454761398226e-11,0.557109749534187,5.572091241291842e-09,1.319130781440271e-07,1.1952347835337345e-07,1.0169570334797155e-05,0.4391341520989843,4.750285365519547e-05,4.2478687746079205e-05,0.0005979604017172505,5.116250438332313e-06,2.6402092866393634e-13,1.8770091053747694e-09,9.799644963985159e-05,0.0,0.0,0.0,0.0,0.0,0.0,0.0,0.0,0.0,0.0,0.0,0.0,-2.741860807443298e-07,5.483721613667834e-07,1.8279072040416183e-07,1.4747031377209326e-16,-3.655814408220335e-07,0.0,-6.493404109362449e-14,3.6128119166284356e-21,6.106672967736294e-17,-5.188105457600214e-21,-2.5204259438939757e-17,9.912932460835484e-19,-1.0056183599317417e-18,-6.509237863501394e-14,-6.453499056070436e-21,-7.237423830456284e-17,8.88511868583674e-20,1.2209625280983107e-20,-9.644230595721844e-21,8.485000422435783e-22,6.503093513160491e-14,3.6131927392017357e-07,2.741860807443298e-07,5.184662015209101e-07,-5.483702417995217e-07,-4.6832026367984103e-07,1.7309507231632563e-10,1.2858565875870516e-07,7.86545832248926e-08,7.971113106177825e-08,7.86545832248926e-08,1.8268801910293848e-07,1.8268801910293848e-07,-1.4747031377209326e-16,3.6537603973836903e-07,-2.0130143685917054e-16,3.511146806054008e-19,-1.5285824089487251e-15,3.6537610315079405e-07,1.2413162617044068e-13,6.576035124287423e-12,8.287598000886648e-11,-2.508726516563617e-11,-1.2784544706726367e-19,3.6514530647479275e-07,6.576035124287423e-12,8.287598000886648e-11,-1.764584600026689e-07,2.307316450661654e-10,-1.8255998875908133e-07,-6.332260401492931e-09,-6.332260400487312e-09,-1.9717404338008524e-16,4.264400871804597e-09,1.301599993752508e-20,-1.9195672617902242e-12,4.2621669018599584e-09,2.2957180537533687e-12,5.703607287789277e-13,1.2872612623878007e-12,3.2455060284887547e-21,1.9717489188012749e-16
4.311,548,101324.99999999999,2.771e-08,0.066,0.29999999999999993,0.6339999999999998,0.22000000000000003,548.0,1e-11,1e-22,IdealGasReactor,off,0.6310508875236813,0.0,0.0,0.2837644365915777,0.029162106859363417,0.009717846903606851,7.324301748603812e-12,0.04630472211444661,0.0,0.002953777184833163,4.0847437094791984e-11,0.5572682632448096,5.570743141853953e-09,1.321115860222056e-07,1.1954959532206958e-07,1.0174678833264118e-05,0.4389771732397701,4.7479080440181965e-05,4.243421323709593e-05,0.0005973910270221641,5.114541565313365e-06,2.637755599330618e-13,1.8774044998154998e-09,9.793363904905601e-05,0.0,0.0,0.0,0.0,0.0,0.0,0.0,0.0,0.0,0.0,0.0,0.0,-2.740028784212675e-07,5.480057567138073e-07,1.8266858549173358e-07,1.4741738407956603e-16,-3.6533717112725084e-07,0.0,-3.2994118359317506e-15,-4.829420476074062e-22,7.90295805744703e-19,-1.038421643168472e-20,-1.8675700058418034e-17,-4.920202632363417e-19,4.909027422287826e-19,-3.3222309779770366e-15,-1.7933921915003197e-21,-2.8340552289796457e-18,1.4621695660194457e-21,-3.2662001968480566e-21,4.196840350673843e-21,3.060179663703529e-23,3.321432733357232e-15,3.6108067248273763e-07,2.740028784212675e-07,5.180704149127393e-07,-5.480038395298315e-07,-4.680134409273717e-07,1.7287104382113682e-10,1.2855789112762447e-07,7.857588668184508e-08,7.965197345040326e-08,7.857588668184508e-08,1.8256601804788387e-07,1.8256601804788387e-07,-1.4741738407956603e-16,3.6513203762678285e-07,-2.010194234321823e-16,3.5068408692292954e-19,-1.5272714553500702e-15,3.65132039270577e-07,1.2404872965433796e-13,6.566486383029647e-12,8.277704459805423e-11,-2.5038252566125633e-11,-1.276780714936506e-19,3.649015291790545e-07,6.566486383029647e-12,8.277704459805423e-11,-1.7633882388058527e-07,2.305067700898051e-10,-1.8243807872164266e-07,-6.329761611148317e-09,-6.32976161163922e-09,-1.970452811372128e-16,4.2587299066166676e-09,1.2999839076759821e-20,-1.9171839757590032e-12,4.256498644513192e-09,2.2926644480252345e-12,5.699136634170194e-13,1.2856709317553826e-12,3.2415308815752876e-21,1.9704531173900943e-16
4.32,548,101325.0,2.771e-08,0.066,0.29999999999999993,0.6339999999999998,0.22000000000000003,548.0,1e-11,1e-22,IdealGasReactor,off,0.6310453745897928,0.0,0.0,0.2837357492438449,0.029214268793071152,0.009735234239781187,7.338342587350023e-12,0.04626937312617162,0.0,0.0029529388527207794,4.0813440866745425e-11,0.5574267653500254,5.5693947841768615e-09,1.3230978517389212e-07,1.1957553623125968e-07,1.0179776241429453e-05,0.4388202058144448,4.7455307157013995e-05,4.238977519989868e-05,0.0005968220768720684,5.112832500478481e-06,2.6353037565822307e-13,1.8777999311710427e-09,9.78708412450242e-05,0.0,0.0,0.0,0.0,0.0,0.0,0.0,0.0,0.0,0.0,0.0,0.0,-2.738197167530271e-07,5.476394333623858e-07,1.8254647771802147e-07,1.4736445843382248e-16,-3.6509295557242314e-07,0.0,-2.0145789100412794e-16,-2.094626637768861e-23,1.0838567186177727e-17,-3.548428905135467e-22,-3.625459832926016e-18,-2.2234614865425384e-21,2.2342148345057277e-21,-2.1614055036337487e-16,1.0644131243712342e-21,-8.823142562143148e-20,1.186997353157954e-20,-3.200154994814526e-23,-2.6752714647982846e-23,1.8868005206398172e-24,2.0523173331291768e-16,3.6084211941871634e-07,2.738197167530271e-07,5.176747548338046e-07,-5.476375185594208e-07,-4.67706683584892e-07,1.7264724572348398e-10,1.2853008400585682e-07,7.849722928914394e-08,7.959283132016894e-08,7.849722928914394e-08,1.8244404394909932e-07,1.8244404394909932e-07,-1.4736445843382248e-16,3.6488808942775575e-07,-2.0073773869201571e-16,3.502539176554208e-19,-1.525961085878169e-15,3.648880879669747e-07,1.2396585145440799e-13,6.5569485614402365e-12,8.267820232385854e-11,-2.4989324467279537e-11,-1.275108769343552e-19,3.646578057464539e-07,6.5569485614402365e-12,8.267820232385854e-11,-1.7621921472408448e-07,2.3028201528907255e-10,-1.823161957027324e-07,-6.3272629939369825e-09,-6.327262993939217e-09,-1.9691575457945433e-16,4.25306471038353e-09,1.2983693645696185e-20,-1.914802965059689e-12,4.250836153706797e-09,2.2896139496039903e-12,5.694667030219852e-13,1.284082083135389e-12,3.2375593625419673e-21,1.9691575646625486e-16
4.329,548,101325.00000000006,2.771e-08,0.066,0.29999999999999993,0.6339999999999998,0.22000000000000003,548.0,1e-11,1e-22,IdealGasReactor,off,0.6310398654389833,0.0,0.0,0.28370708158190844,0.029266394932281364,0.009752609644438687,7.352378158441433e-12,0.046234048395035594,0.0,0.0029521002311123884,4.077946608437468e-11,0.5575852558417984,5.568046169645241e-09,1.3250767575385074e-07,1.1960130128094192e-07,1.0184862565091694e-05,0.4386632498300017,4.74315338259241e-05,4.234537363280758e-05,0.0005962535512884113,5.111123244745483e-06,2.6328537581737424e-13,1.8781953990686494e-09,9.780805626911754e-05,0.0,0.0,0.0,0.0,0.0,0.0,0.0,0.0,0.0,0.0,0.0,0.0,-2.73636595927992e-07,5.472731917085781e-07,1.8242439716229607e-07,1.4731153683715607e-16,-3.6484879447247123e-07,0.0,-4.56717756409575e-16,7.459307449494901e-23,-5.381486521124619e-19,-7.400505818990718e-22,9.079134403382032e-20,-1.0852609636695723e-21,1.16384312186211e-21,-4.56057110415386e-16,-3.29979936052323e-22,2.5857463596119125e-20,-4.70729988131245e-22,9.636654136242772e-23,1.3162632119012842e-22,-1.819524737009339e-24,4.565992876022451e-16,3.6060361504361253e-07,2.73636595927992e-07,5.172792216700015e-07,-5.472712792843485e-07,-4.673999919693332e-07,1.724236779744643e-10,1.2850223745020472e-07,7.841861111404632e-08,7.953370473041275e-08,7.841861111404632e-08,1.8232209693208979e-07,1.8232209693208979e-07,-1.4731153683715607e-16,3.646441953922752e-07,-2.0045638242452637e-16,3.498241726941826e-19,-1.5246513011504755e-15,3.6464419417292504e-07,1.2388299165592787e-13,6.547421655568979e-12,8.257945317806919e-11,-2.494048076375649e-11,-1.27343863289221e-19,3.644141363355367e-07,6.547421655568979e-12,8.257945317806919e-11,-1.760996326122333e-07,2.3005738078906893e-10,-1.8219433978150707e-07,-6.324764550062763e-09,-6.324764550063927e-09,-1.9678622802169588e-16,4.2474052825283805e-09,1.2967563643628638e-20,-1.9124242295885438e-12,4.245179428858699e-09,2.286566558174178e-12,5.690198481055134e-13,1.282494716572631e-12,3.2335914717253602e-21,1.9678622620217114e-16
4.338,548,101325.0,2.771e-08,0.066,0.29999999999999993,0.6339999999999998,0.22000000000000003,548.0,1e-11,1e-22,IdealGasReactor,off,0.6310343600702325,0.0,0.0,0.28367843360046036,0.02931848528664543,0.00976997312079711,7.366408462642844e-12,0.046198747914497997,0.0,0.0029512613205492223,4.0745512749016674e-11,0.5577437346347006,5.566697298866966e-09,1.3270525789872073e-07,1.1962689065798336e-07,1.0189937810353107e-05,0.438506305371332,4.740776046051875e-05,4.23010085281601e-05,0.0005956854502083327,5.109413799144912e-06,2.630405603791443e-13,1.8785909034711126e-09,9.774528416630773e-05,0.0,0.0,0.0,0.0,0.0,0.0,0.0,0.0,0.0,0.0,0.0,0.0,-2.734535160576039e-07,5.4690703217056e-07,1.8230234391172023e-07,1.4725861931805536e-16,-3.6460468799084313e-07,0.0,1.2054244592646184e-14,-1.3345829406343076e-22,-7.706554450274227e-18,-2.1415807328681284e-20,-2.0264887392188792e-16,3.6523001894421363e-19,-2.870796490314287e-19,1.1872055812800114e-14,-1.6233179909586373e-20,1.2253253415049421e-17,-8.88360150815414e-21,-7.056936299631302e-21,1.0389838005295965e-20,-7.612913733247954e-22,-1.1864298674936196e-14,3.603651595226586e-07,2.734535160576039e-07,5.168838156623529e-07,-5.469051221227914e-07,-4.670933662668434e-07,1.7220034047657453e-10,1.2847435148175334e-07,7.834003220177654e-08,7.947459371820172e-08,7.834003220177654e-08,1.822001770712926e-07,1.822001770712926e-07,-1.4725861931805536e-16,3.644003556692101e-07,-2.0017535442791894e-16,3.493948518672034e-19,-1.5233421018411651e-15,3.644003421232611e-07,1.2380015030947579e-13,6.537905659615404e-12,8.248079712919511e-11,-2.489172134304793e-11,-1.2717703046268415e-19,3.641705211208316e-07,6.537905659615404e-12,8.248079712919511e-11,-1.7598007763085736e-07,2.2983286672821218e-10,-1.8207251104507016e-07,-6.32226628086286e-09,-6.32226628057578e-09,-1.9665748232243568e-16,4.241751621266495e-09,1.2951449066185148e-20,-1.9100477687011516e-12,4.2395284681845215e-09,2.283522272773124e-12,5.685730990194791e-13,1.280908831748905e-12,3.2296272085319557e-21,1.9665672103106235e-16
4.3469999999999995,548,101325.00000000007,2.771e-08,0.066,0.29999999999999993,0.6339999999999998,0.22000000000000003,548.0,1e-11,1e-22,IdealGasReactor,off,0.6310288584825177,0.0,0.0,0.28364980529417916,0.0293705398658392,0.009787324672081632,7.380433500720585e-12,0.046163471678001715,0.0,0.0029504221216312726,4.071158086278618e-11,0.5579022016542535,5.565348172559107e-09,1.329025317477524e-07,1.1965230455143418e-07,1.0195001983295359e-05,0.4383493725123064,4.738398707533639e-05,4.225667987909053e-05,0.0005951177735802523,5.107704164691194e-06,2.6279592931324295e-13,1.8789864442937455e-09,9.768252498100236e-05,0.0,0.0,0.0,0.0,0.0,0.0,0.0,0.0,0.0,0.0,0.0,0.0,-2.732704772640268e-07,5.465409543797567e-07,1.8218031805251752e-07,1.4720570590130242e-16,-3.6436063629635067e-07,0.0,-7.301138904299063e-15,4.550498465233725e-22,-1.6100284445948526e-18,-9.25783415304499e-21,1.073931898000046e-18,3.5315979944583985e-19,-3.4776410031015645e-19,-7.255593358735687e-15,-9.020421139658889e-21,4.246977435421649e-17,4.161235469024575e-21,-2.2216261795584364e-21,3.484378079751244e-21,1.157697043342053e-22,7.257226093969912e-15,3.6012675302629117e-07,2.732704772640268e-07,5.164885370719257e-07,-5.465390467061749e-07,-4.667868066817671e-07,1.7197723313883796e-10,1.2844642612671618e-07,7.826149260054717e-08,7.941549832368331e-08,7.826149260054717e-08,1.820782844482376e-07,1.820782844482376e-07,-1.4720570590130242e-16,3.6415657042164744e-07,-1.998946544983516e-16,3.489659550108318e-19,-1.522033488614862e-15,3.641565760048593e-07,1.2371732747044899e-13,6.528400568025373e-12,8.238223414888087e-11,-2.484304609371344e-11,-1.270103783583341e-19,3.639269602743906e-07,6.528400568025373e-12,8.238223414888087e-11,-1.7586054986499414e-07,2.2960847324260195e-10,-1.8195070957928032e-07,-6.319768187523383e-09,-6.319768187175619e-09,-1.9652712527534222e-16,4.236103724971783e-09,1.293534990948504e-20,-1.9076735818251736e-12,4.233883270059475e-09,2.2804810925241196e-12,5.681264561378513e-13,1.2793244283944532e-12,3.22566657249258e-21,1.9652724104504656e-16
4.356,548,101324.99999999999,2.771e-08,0.066,0.29999999999999993,0.6339999999999998,0.22000000000000003,548.0,1e-11,1e-22,IdealGasReactor,off,0.6310233606748142,0.0,0.0,0.2836211966577311,0.02942255867956123,0.009804664301524916,7.39445327344282e-12,0.046128219678974285,0.0,0.0029495826348087477,4.067767042570416e-11,0.5580606567977927,5.563998791158424e-09,1.330994974341494e-07,1.1967754314556e-07,1.0200055090106405e-05,0.438192451355164,4.736021368252111e-05,4.221238767655835e-05,0.0005945505213220858,5.105994342441396e-06,2.62551482585987e-13,1.8793820215746546e-09,9.761977875893072e-05,0.0,0.0,0.0,0.0,0.0,0.0,0.0,0.0,0.0,0.0,0.0,0.0,-2.7308747964151033e-07,5.461749587573799e-07,1.8205831967341128e-07,1.4715279662121874e-16,-3.641166393088672e-07,0.0,-8.61202886486354e-15,2.226410847529591e-21,6.930668023470751e-17,-5.073113953418721e-20,3.7898424582084736e-16,-3.47733494627492e-19,3.475324897386416e-19,-8.419018622039559e-15,3.9497345750465897e-20,-1.1541255650635235e-16,5.730770150301723e-20,-3.9179926701457e-20,2.335549454526909e-20,4.622223118554965e-22,8.349242089559146e-15,3.5988839547644765e-07,2.7308747964151033e-07,5.160933861072644e-07,-5.461730534557117e-07,-4.6648031337113014e-07,1.717543558526665e-10,1.284184613984076e-07,7.818299235056914e-08,7.935641857895102e-08,7.818299235056914e-08,1.8195641912598763e-07,1.8195641912598763e-07,-1.4715279662121874e-16,3.6391283977566895e-07,-1.9961428243639007e-16,3.4853748193846114e-19,-1.5207254621565779e-15,3.639128465238173e-07,1.236345231816969e-13,6.51890637457419e-12,8.228376420035404e-11,-2.479445490179491e-11,-1.268439068814128e-19,3.636834539741021e-07,6.51890637457419e-12,8.228376420035404e-11,-1.7574104940178116e-07,2.2938420047309577e-10,-1.8182893547293797e-07,-6.317270271630104e-09,-6.317270271977637e-09,-1.963973240936204e-16,4.230461591579441e-09,1.2919266168316346e-20,-1.905301668192332e-12,4.228243832419571e-09,2.277443016314762e-12,5.676799197766416e-13,1.277741506107673e-12,3.221709562799464e-21,1.9639778631593226e-16
4.365,548,101325.00000000003,2.771e-08,0.066,0.29999999999999993,0.6339999999999998,0.22000000000000003,548.0,1e-11,1e-22,IdealGasReactor,off,0.6310178666460942,0.0,0.0,0.28359260768576994,0.029474541737532188,0.009821992012367128,7.408467781579621e-12,0.04609299191082814,0.0,0.00294874286110341,4.0643781445659006e-11,0.5582191000699612,5.562649156173541e-09,1.3329615511773182e-07,1.1970260664334354e-07,1.0205097136591053e-05,0.438035541894141,4.733644030334095e-05,4.216813191961704e-05,0.0005939836934661028,5.104284333292591e-06,2.6230722017585337e-13,1.8797776348861876e-09,9.755704554062673e-05,0.0,0.0,0.0,0.0,0.0,0.0,0.0,0.0,0.0,0.0,0.0,0.0,-2.729045233899635e-07,5.458090469037661e-07,1.8193634885184625e-07,1.470998914758067e-16,-3.638726976109336e-07,0.0,3.469270422677345e-14,-2.2573833588799264e-21,9.457309191638688e-17,1.0793375003296412e-19,-2.703184419571524e-16,1.3353209715668028e-18,-1.2884686344911867e-18,3.418319283905542e-14,1.729203167817177e-20,-1.4477628537966991e-16,9.367262070054726e-20,1.3872749450703396e-20,1.023177623617447e-21,-5.886701203071242e-22,-3.427849413476931e-14,3.5965008745610354e-07,2.729045233899635e-07,5.156983631752407e-07,-5.458071439717383e-07,-4.661738866712964e-07,1.715317085753841e-10,1.2839045735965423e-07,7.810453152208161e-08,7.929735454663009e-08,7.810453152208161e-08,1.818345812376493e-07,1.818345812376493e-07,-1.470998914758067e-16,3.6366916399755685e-07,-1.99334238024642e-16,3.48109432548994e-19,-1.5194180230682827e-15,3.636691281450055e-07,1.2355173753366185e-13,6.509423075540438e-12,8.218538727847103e-11,-2.4745947663232602e-11,-1.2667761593024266e-19,3.6344000237495876e-07,6.509423075540438e-12,8.218538727847103e-11,-1.756215763186456e-07,2.2916004854089114e-10,-1.8170718880335222e-07,-6.314772533200656e-09,-6.314772531912187e-09,-1.9626894566255217e-16,4.224825220662565e-09,1.2903197842437393e-20,-1.9029320277678774e-12,4.222610154830046e-09,2.2744080439079516e-12,5.672334904708009e-13,1.2761600649789285e-12,3.217756179906302e-21,1.9626835699243186e-16
4.374,548,101325.00000000003,2.771e-08,0.066,0.29999999999999993,0.6339999999999998,0.22000000000000003,548.0,1e-11,1e-22,IdealGasReactor,off,0.6310123763953281,0.0,0.0,0.28356403837293814,0.029526489049493513,0.00983930780785602,7.422477025903226e-12,0.04605778836696177,0.0,0.002947902801423083,4.060991392891988e-11,0.5583775314540009,5.561299268898471e-09,1.3349250495217302e-07,1.1972749524444216e-07,1.0210128128655776e-05,0.43787864414501293,4.731266695722777e-05,4.2123912605647474e-05,0.0005934172900210369,5.1025741381750335e-06,2.620631420586069e-13,1.8801732838924682e-09,9.749432536759211e-05,0.0,0.0,0.0,0.0,0.0,0.0,0.0,0.0,0.0,0.0,0.0,0.0,-2.727216086879191e-07,5.454432172287158e-07,1.8181440566768354e-07,1.4704699047031248e-16,-3.6362881148605234e-07,0.0,6.589788199361572e-16,-2.9449489058119505e-23,-3.4120941897338054e-18,1.9039960812198988e-22,5.3151317440207346e-20,3.1499037726019294e-21,-3.108544741974278e-21,6.626956716462418e-16,-2.9381804728601247e-22,2.0771419886252057e-19,-3.478373033709867e-21,4.717514430966486e-23,-9.071107198075484e-23,-1.2602157632887025e-23,-6.592613256124434e-16,3.594118292495367e-07,2.727216086879191e-07,5.153034686424371e-07,-5.454413166640555e-07,-4.6586752688261823e-07,1.7130929125067363e-10,1.2836241406344625e-07,7.802611017912742e-08,7.923830628313597e-08,7.802611017912742e-08,1.817127709021489e-07,1.817127709021489e-07,-1.4704699047031248e-16,3.6342554332510024e-07,-1.9905452104908065e-16,3.4768180672349795e-19,-1.5181111719667875e-15,3.6342554099455526e-07,1.2346897060715095e-13,6.499950666680853e-12,8.208710337156033e-11,-2.469752427202253e-11,-1.2651150540436423e-19,3.631966056362459e-07,6.499950666680853e-12,8.208710337156033e-11,-1.7550213069511076e-07,2.289360175707122e-10,-1.8158546965011288e-07,-6.312274972572796e-09,-6.312274972569687e-09,-1.9613896580981804e-16,4.219194611433177e-09,1.2887144930582382e-20,-1.9005646603644862e-12,4.216982236515641e-09,2.2713761748842623e-12,5.66787168710699e-13,1.2745801049964854e-12,3.2138064240040888e-21,1.961389532076604e-16
4.383,548,101324.99999999999,2.771e-08,0.066,0.29999999999999993,0.6339999999999998,0.22000000000000003,548.0,1e-11,1e-22,IdealGasReactor,off,0.6310068899214839,0.0,0.0,0.2835354887138644,0.029578400625212217,0.009856611691246648,7.436481007187177e-12,0.04602260904075629,0.0,0.00294706245564126,4.057606786742206e-11,0.5585359507390424,5.5599491286862565e-09,1.3368854704602192e-07,1.1975220911499707e-07,1.0215148072928808e-05,0.43772175831893123,4.7288893647094386e-05,4.2079729717233424e-05,0.0005928513107868717,5.100863758304584e-06,2.6181924818736456e-13,1.8805689691030992e-09,9.743161829059072e-05,0.0,0.0,0.0,0.0,0.0,0.0,0.0,0.0,0.0,0.0,0.0,0.0,-2.725387355223316e-07,5.450774708975823e-07,1.81692490220761e-07,1.4699409367568095e-16,-3.633849805987125e-07,0.0,-8.712825757462661e-16,3.952757831242501e-23,-9.830270693562272e-18,-1.6229564852477514e-23,2.2499312661442353e-20,-5.505714157152952e-21,5.4817259193889144e-21,-8.610050468868356e-16,-8.967188149442302e-22,3.1339390817664922e-19,-1.0721601272111586e-20,2.737450839667676e-23,1.6208052476211383e-22,-1.649791181318787e-23,8.708994513808293e-16,3.591736205249812e-07,2.725387355223316e-07,5.149087025153849e-07,-5.450755726980178e-07,-4.655612339796437e-07,1.710871037021229e-10,1.2833433147340806e-07,7.794772833116158e-08,7.917927378951365e-08,7.794772833116158e-08,1.8159098811136658e-07,1.8159098811136658e-07,-1.4699409367568095e-16,3.6318197774207934e-07,-1.9877513132709773e-16,3.472546041868236e-19,-1.5168049096150418e-15,3.631819769367439e-07,1.2338622239664697e-13,6.490489139189024e-12,8.198891241036717e-11,-2.46491846043976e-11,-1.2634557521521616e-19,3.629532639581229e-07,6.490489139189024e-12,8.198891241036717e-11,-1.7538271262783955e-07,2.2871210772158205e-10,-1.8146377811303938e-07,-6.309777592921439e-09,-6.309777592926921e-09,-1.960095914532923e-16,4.213569760153796e-09,1.2871107422415231e-20,-1.8981995644586024e-12,4.211360073731313e-09,2.2683474072265235e-12,5.663409545894747e-13,1.273001625251507e-12,3.2098602929854797e-21,1.9600957495538048e-16
4.3919999999999995,548,101324.99999999997,2.771e-08,0.066,0.29999999999999993,0.6339999999999998,0.22000000000000003,548.0,1e-11,1e-22,IdealGasReactor,off,0.631001407223527,0.0,0.0,0.2835069587031664,0.029630276474474585,0.009873903665801686,7.450479726207418e-12,0.045987453925579735,0.0,0.0029462218245255817,4.0542243265447e-11,0.5586943578817914,5.5585987365672716e-09,1.3388428154786287e-07,1.1977674845041082e-07,1.022015697543494e-05,0.43756488445837993,4.726512039013147e-05,4.203558324968094e-05,0.000592285755743243,5.099153194650927e-06,2.6157553853456685e-13,1.880964690298469e-09,9.736892435234284e-05,0.0,0.0,0.0,0.0,0.0,0.0,0.0,0.0,0.0,0.0,0.0,0.0,-2.723559040455028e-07,5.447118077381396e-07,1.8157060259345806e-07,1.4694120110613818e-16,-3.6314120505961093e-07,0.0,-1.1638762147114402e-14,-3.555920869082055e-21,3.7368298299763865e-17,2.3636220051920904e-20,2.061911657073054e-16,-1.0924078041620305e-19,1.0162492851642732e-19,-1.1707176667391887e-14,2.0474866872091595e-21,-2.3663011247709586e-16,5.078186423010417e-20,4.857049460546525e-21,-1.2723576026614594e-20,2.9642046534340625e-22,1.166953052483162e-14,3.589354613943267e-07,2.723559040455028e-07,5.145140651111717e-07,-5.447099119013999e-07,-4.6525500821802646e-07,1.708651458567069e-10,1.2830620963051433e-07,7.78693860346657e-08,7.912025711459771e-08,7.78693860346657e-08,1.8146923296683235e-07,1.8146923296683235e-07,-1.4694120110613818e-16,3.6293846745156866e-07,-1.9849606864852132e-16,3.4682782479816053e-19,-1.515499236648021e-15,3.629384774939126e-07,1.2330349297113674e-13,6.481038488185089e-12,8.189081437523448e-11,-2.4600928552074432e-11,-1.261798252637153e-19,3.627099775052598e-07,6.481038488185089e-12,8.189081437523448e-11,-1.752633221984887e-07,2.284883191223118e-10,-1.8134211427432814e-07,-6.307280394969353e-09,-6.307280395070978e-09,-1.9587992592919093e-16,4.207950665633123e-09,1.2855085315403192e-20,-1.8958367396767576e-12,4.20574366528423e-09,2.2653217402909786e-12,5.658948485429673e-13,1.2714246256068445e-12,3.205917786720411e-21,1.9588022234965627e-16
4.401,548,101325.00000000003,2.771e-08,0.066,0.29999999999999993,0.6339999999999998,0.22000000000000003,548.0,1e-11,1e-22,IdealGasReactor,off,0.6309959283004205,0.0,0.0,0.2834784483354492,0.029682116607089946,0.009891183734791236,7.464473183741626e-12,0.045952323014784496,0.0,0.002945380909167439,4.0508440131673e-11,0.5588527529003818,5.557248094179956e-09,1.34079708621937e-07,1.1980111345675213e-07,1.0225154841981425e-05,0.43740802254402245,4.724134720867372e-05,4.1991473202801005e-05,0.000591720624933694,5.097442448089922e-06,2.6133201307907743e-13,1.8813604469929507e-09,9.730624359247019e-05,0.0,0.0,0.0,0.0,0.0,0.0,0.0,0.0,0.0,0.0,0.0,0.0,-2.721731144693471e-07,5.443462287917638e-07,1.8144874286130658e-07,1.4688831275512259e-16,-3.6289748586148765e-07,0.0,1.666560716390559e-16,-2.0626835798330947e-24,8.214528963072329e-18,6.539173915688601e-22,9.497356921088843e-20,2.2499312661442353e-21,-2.2524128079818944e-21,1.5868641473895653e-16,8.506492371051273e-22,2.4466115190428745e-19,8.748239136244163e-21,8.292485640844102e-23,4.2830880155560794e-24,1.310301212692954e-23,-1.6695468608908483e-16,3.5869735285059406e-07,2.721731144693471e-07,5.141195568586001e-07,-5.443443353155778e-07,-4.649488499546805e-07,1.7064341767822342e-10,1.2827804860388282e-07,7.779108336294992e-08,7.906125632442643e-08,7.779108336294992e-08,1.8134750560962882e-07,1.8134750560962882e-07,-1.4688831275512259e-16,3.6269501273569465e-07,-1.982173327924854e-16,3.464014684642043e-19,-1.5141941536505139e-15,3.6269501091368284e-07,1.23220782426482e-13,6.471598710184412e-12,8.179280926421913e-11,-2.4552756012307575e-11,-1.260142554465548e-19,3.6246674642874753e-07,6.471598710184412e-12,8.179280926421913e-11,-1.7514395948277003e-07,2.2826465188999376e-10,-1.8122047820941658e-07,-6.304783378536548e-09,-6.3047833785342955e-09,-1.957508824449102e-16,4.202337327580045e-09,1.283907860979027e-20,-1.8934761860555524e-12,4.200133010893587e-09,2.262299173921929e-12,5.654488511302188e-13,1.269849106200355e-12,3.201978905783168e-21,1.9575089554792234e-16
4.41,548,101324.99999999999,2.771e-08,0.066,0.29999999999999993,0.6339999999999998,0.22000000000000003,548.0,1e-11,1e-22,IdealGasReactor,off,0.6309904531511257,0.0,0.0,0.2834499576053042,0.02973392103289336,0.00990845190149267,7.478461380568762e-12,0.04591721630170566,0.0,0.0029445397098586405,4.0474658463752016e-11,0.5590111356619129,5.555897201660735e-09,1.3427482839589607e-07,1.1982530431439414e-07,1.0230141678951466e-05,0.4372511727085315,4.72175741123081e-05,4.194739956504722e-05,0.0005911559182412552,5.095731519724819e-06,2.610886717827751e-13,1.8817562393562497e-09,9.724357605793953e-05,0.0,0.0,0.0,0.0,0.0,0.0,0.0,0.0,0.0,0.0,0.0,0.0,-2.719903668577381e-07,5.439807335701838e-07,1.8132691111598876e-07,1.468354286671883e-16,-3.6265382237867675e-07,0.0,-5.366062096405488e-15,-1.3165516043989562e-22,-2.7717547313120264e-19,4.2343075101915536e-21,-1.5488526836136916e-18,5.833939424213994e-20,-5.858506688406819e-20,-5.367681582041608e-15,-1.3847074136074791e-21,-4.134344586636429e-19,6.298952091816463e-22,-2.305248969608719e-22,-1.1997369360452594e-21,-9.441412866719893e-24,5.367961515418833e-15,3.584592942706922e-07,2.719903668577381e-07,5.137251779084455e-07,-5.439788424522812e-07,-4.646427592950069e-07,1.7042191903800134e-10,1.2824984839341428e-07,7.771282034721359e-08,7.90022714422666e-08,7.771282034721359e-08,1.812258060826404e-07,1.812258060826404e-07,-1.468354286671883e-16,3.6245161368026565e-07,-1.9793892356315493e-16,3.4597553497170187e-19,-1.5128896613238988e-15,3.624516173861281e-07,1.2313809079182154e-13,6.46216979819036e-12,8.169489703099475e-11,-2.4504666868738527e-11,-1.2584886567002881e-19,3.622235709119977e-07,6.46216979819036e-12,8.169489703099475e-11,-1.750246245703297e-07,2.2804110616888446e-10,-1.8109887000981963e-07,-6.30228654565906e-09,-6.302286545600475e-09,-1.9562160404133552e-16,4.19672974342985e-09,1.2823087298840999e-20,-1.891117902601601e-12,4.194528107984534e-09,2.2592797067337864e-12,5.650029626035709e-13,1.2682750664786785e-12,3.1980436489770453e-21,1.9562159459992265e-16
4.419,548,101325.0,2.771e-08,0.066,0.29999999999999993,0.6339999999999998,0.22000000000000003,548.0,1e-11,1e-22,IdealGasReactor,off,0.6309849817746006,0.0,0.0,0.2834214865073118,0.02978568976173881,0.00992570816919096,7.492444317470204e-12,0.045882133779665345,0.0,0.002943698227207682,4.044089826364134e-11,0.5591695060934789,5.5545460597406125e-09,1.344696410124427e-07,1.1984932121411177e-07,1.0235117492514894e-05,0.43709433502419925,4.719380111565446e-05,4.190336232928591e-05,0.0005905916356115432,5.094020410567838e-06,2.608455146138255e-13,1.8821520672989555e-09,9.718092179270459e-05,0.0,0.0,0.0,0.0,0.0,0.0,0.0,0.0,0.0,0.0,0.0,0.0,-2.718076613329425e-07,5.436153224383954e-07,1.8120510744258917e-07,1.46782548866584e-16,-3.624102149861512e-07,0.0,6.703016997836267e-15,7.374512013049972e-23,1.898480364088677e-17,8.825186753970821e-21,8.082981305763612e-17,-1.4823076576950256e-21,-1.7294692247258703e-20,6.737931770368344e-15,6.6682805612825035e-21,-2.6678595661680876e-17,1.6566363958821988e-20,-6.191705378900835e-22,2.347998514753685e-22,-2.1779812918306674e-22,-6.75704804765562e-15,3.5822128603127303e-07,2.718076613329425e-07,5.133309285209029e-07,-5.436134336765067e-07,-4.6433673644360747e-07,1.702006498434959e-10,1.2822160902653035e-07,7.763459703515008e-08,7.894330250823395e-08,7.763459703515008e-08,1.8110413446747988e-07,1.8110413446747988e-07,-1.46782548866584e-16,3.6220827044849075e-07,-1.9766084075420325e-16,3.455500241540042e-19,-1.5115857603205638e-15,3.6220826205024537e-07,1.2305541812260902e-13,6.4527517465758016e-12,8.159707764660783e-11,-2.4456661010454768e-11,-1.2568365583629173e-19,3.619804511252016e-07,6.4527517465758016e-12,8.159707764660783e-11,-1.749053175450962e-07,2.278176820918222e-10,-1.8097728976047858e-07,-6.299789897492985e-09,-6.299789897475691e-09,-1.9549253739599765e-16,4.191127911499353e-09,1.2807111378545247e-20,-1.888761888723829e-12,4.18892895487813e-09,2.2562633378198865e-12,5.645571833360574e-13,1.2667025061582315e-12,3.1941120157962722e-21,1.9549231959786846e-16
4.428,548,101325.00000000003,2.771e-08,0.066,0.29999999999999993,0.6339999999999998,0.22000000000000003,548.0,1e-11,1e-22,IdealGasReactor,off,0.6309795141698014,0.0,0.0,0.2833930350360403,0.029837422803502933,0.009942952541178496,7.506421995229132e-12,0.0458470754419704,0.0,0.0029428564620897317,4.04071595369521e-11,0.5593278641722845,5.553194669651218e-09,1.346641466270152e-07,1.1987316435557026e-07,1.0240082288669775e-05,0.43693750951288346,4.7170028237584604e-05,4.18593614921333e-05,0.000590027777043222,5.092309121556433e-06,2.606025415460039e-13,1.882547930512672e-09,9.711828083825563e-05,0.0,0.0,0.0,0.0,0.0,0.0,0.0,0.0,0.0,0.0,0.0,0.0,-2.7162499806628257e-07,5.432499962389861e-07,1.810833319207052e-07,1.4672967336060012e-16,-3.621666640455378e-07,0.0,-6.398777455564562e-15,-9.517147397171393e-22,-2.3587363968188312e-18,-1.1568138462134831e-20,-2.5315940733035237e-16,-3.09219965307023e-19,3.2037201432546294e-19,-6.594856794887105e-15,4.020232880481786e-21,5.498860570645727e-17,-7.402251893629513e-21,1.0757897456558401e-20,5.896350697057635e-21,-4.331681997694304e-22,6.597230761136469e-15,3.579833284948937e-07,2.7162499806628257e-07,5.129368090482051e-07,-5.43248109830842e-07,-4.640307816884746e-07,1.6997961003261042e-10,1.2819333055377542e-07,7.755641348834034e-08,7.888434957662397e-08,7.755641348834034e-08,1.809824908783055e-07,1.809824908783055e-07,-1.4672967336060012e-16,3.619649832686848e-07,-1.9738308415093244e-16,3.451249358839541e-19,-1.5102824512535762e-15,3.6196498820473266e-07,1.2297276449641173e-13,6.443344550867513e-12,8.14993510967323e-11,-2.4408738331153494e-11,-1.2551862584425044e-19,3.617373872277196e-07,6.443344550867513e-12,8.14993510967323e-11,-1.7478603848624897e-07,2.2759437978227576e-10,-1.8085573754093405e-07,-6.297293434456211e-09,-6.297293434776583e-09,-1.9536350383788428e-16,4.185531830859993e-09,1.2791150847188624e-20,-1.8864081441699418e-12,4.18333555064408e-09,2.2532500666769777e-12,5.641115138022613e-13,1.2651314251824603e-12,3.1901840063167884e-21,1.953630706696845e-16
4.437,548,101325.0,2.771e-08,0.066,0.29999999999999993,0.6339999999999998,0.22000000000000003,548.0,1e-11,1e-22,IdealGasReactor,off,0.6309740503356819,0.0,0.0,0.28336460318604506,0.02988912016808545,0.009960185020755031,7.52039441463043e-12,0.045812041281911985,0.0,0.002942014414882035,4.037344228239654e-11,0.55948620978161,5.551843031687855e-09,1.3485834537189914e-07,1.1989683392245033e-07,1.0245036073776706e-05,0.436780696290973,4.7146255489023233e-05,4.181539704309985e-05,0.0005894643424346487,5.090597653769687e-06,2.603597525422522e-13,1.8829438290984604e-09,9.705565324062033e-05,0.0,0.0,0.0,0.0,0.0,0.0,0.0,0.0,0.0,0.0,0.0,0.0,-2.714423771369371e-07,5.428847540798194e-07,1.8096158464007495e-07,1.4667680218831414e-16,-3.619231694226403e-07,0.0,3.3244333265056243e-15,-1.32577216444106e-22,8.60166047492072e-18,-1.8765802791178463e-20,4.744993867223865e-17,1.6024804570867295e-19,-1.637056606691446e-19,3.3677820276002087e-15,2.177457440956554e-21,4.460695356608468e-18,9.016950454598504e-21,3.751470873081119e-21,5.7268233466001756e-21,3.3050854173623886e-22,-3.376443202348373e-15,3.5774542152971524e-07,2.714423771369371e-07,5.125428196694168e-07,-5.428828700231514e-07,-4.637248951609963e-07,1.6975879948558183e-10,1.2816501298263967e-07,7.747826974211832e-08,7.882541267508317e-08,7.747826974211832e-08,1.808608753681432e-07,1.808608753681432e-07,-1.4667680218831414e-16,3.6172175224690967e-07,-1.9710565355386466e-16,3.4470026995942246e-19,-1.5089797348071765e-15,3.617217472218215e-07,1.228901299492594e-13,6.433948204402991e-12,8.140171733937522e-11,-2.436089871608852e-11,-1.2535377559859954e-19,3.6149437939888427e-07,6.433948204402991e-12,8.140171733937522e-11,-1.7466678748172368e-07,2.2737119938041857e-10,-1.8073421344069106e-07,-6.29479715835126e-09,-6.294797158187555e-09,-1.9523351736770524e-16,4.179941499150771e-09,1.2775205698704581e-20,-1.8840566680450004e-12,4.17774789292504e-09,2.250239892034804e-12,5.63665954285744e-13,1.2635618230639557e-12,3.1862596195104955e-21,1.9523384787624698e-16
4.446,548,101325.00000000003,2.771e-08,0.066,0.29999999999999993,0.6339999999999998,0.22000000000000003,548.0,1e-11,1e-22,IdealGasReactor,off,0.6309685902711937,0.0,0.0,0.2833361909518698,0.029940781865407606,0.009977405611227771,7.534361576460952e-12,0.04577703129276671,0.0,0.002941172086403932,4.0339746504745456e-11,0.559644542888189,5.5504911469769116e-09,1.3505223740090527e-07,1.1992033011297658e-07,1.0249978853896914e-05,0.436623895390867,4.712248288793439e-05,4.1771468977907504e-05,0.0005889013317721025,5.0888860081603575e-06,2.6011714757470183e-13,1.8833397627941007e-09,9.699303904169164e-05,0.0,0.0,0.0,0.0,0.0,0.0,0.0,0.0,0.0,0.0,0.0,0.0,-2.7125979870552134e-07,5.425195972643227e-07,1.8083986568119754e-07,1.466239353605595e-16,-3.616797315095891e-07,0.0,-2.4216432575931174e-16,3.4726603518642065e-23,-5.871406810283999e-19,-2.7991222198121584e-22,9.222071213231195e-20,7.72917564369549e-21,-7.608407274262749e-21,-2.414906450530302e-16,-2.8942233761727823e-24,-2.0727873067917366e-20,-5.255753343074568e-22,-1.2663618190304008e-22,-8.799902476472305e-24,-1.2167484772399447e-24,2.420816604566699e-16,3.575075655289778e-07,2.7125979870552134e-07,5.121489607163699e-07,-5.425177155568626e-07,-4.634190771309585e-07,1.695382181332036e-10,1.2813665635895073e-07,7.740016585487083e-08,7.876649185479256e-08,7.740016585487083e-08,1.807392880440471e-07,1.807392880440471e-07,-1.466239353605595e-16,3.6147857759727343e-07,-1.9682854874945926e-16,3.4427602624377104e-19,-1.5076776115995034e-15,3.6147857618296086e-07,1.228075145538923e-13,6.424562702435288e-12,8.130417635683788e-11,-2.4313142058090108e-11,-1.2518910499856142e-19,3.612514277998684e-07,6.424562702435288e-12,8.130417635683788e-11,-1.7454756461144846e-07,2.2714814101082768e-10,-1.8061271754018685e-07,-6.292301069749093e-09,-6.2923010697414844e-09,-1.9510465255443683e-16,4.174356915264537e-09,1.2759275930839037e-20,-1.8817074600173465e-12,4.17216598061129e-09,2.2472328132933263e-12,5.63220505238569e-13,1.2619936996925282e-12,3.1823388553156908e-21,1.9510465133768835e-16
4.455,548,101325.0,2.771e-08,0.066,0.29999999999999993,0.6339999999999998,0.22000000000000003,548.0,1e-11,1e-22,IdealGasReactor,off,0.6309631339752856,0.0,0.0,0.28330779832804565,0.029992407905413486,0.009994614315911277,7.548323481509288e-12,0.04574204546779567,0.0,0.0029403294771019146,4.030607220359884e-11,0.5598028633883992,5.549139015943848e-09,1.3524582285048911e-07,1.1994365311341431e-07,1.0254910635364648e-05,0.4364671069157744,4.7098710446332916e-05,4.1727577286950545e-05,0.0005883387449666758,5.087174185787323e-06,2.598747266073143e-13,1.883735731644444e-09,9.693043828675274e-05,0.0,0.0,0.0,0.0,0.0,0.0,0.0,0.0,0.0,0.0,0.0,0.0,-2.7107726286366294e-07,5.421545256981695e-07,1.807181751321576e-07,1.4657107291198163e-16,-3.6143635036947464e-07,0.0,-3.1520690270431278e-15,1.5908512968518328e-21,2.339622846874775e-17,-2.2239291572611772e-20,-1.1725360621811032e-16,-4.468628192358468e-19,3.9986820709487166e-19,-3.31129734434498e-15,2.7564927554729097e-21,-1.780477683210218e-17,1.864479014938715e-20,1.279751805196103e-21,2.9306215089354243e-21,3.7497960639897037e-22,3.2877585011673886e-15,3.572697605579503e-07,2.7107726286366294e-07,5.117552323912523e-07,-5.421526463376502e-07,-4.6311332775096726e-07,1.6931786586309738e-10,1.2810826069632484e-07,7.732210186533213e-08,7.870758714698826e-08,7.732210186533213e-08,1.8061772896730888e-07,1.8061772896730888e-07,-1.4657107291198163e-16,3.612354594423452e-07,-1.9655176953548964e-16,3.438522045441966e-19,-1.5063760823017612e-15,3.612354610993407e-07,1.2272491835195646e-13,6.415188038578328e-12,8.120672811070967e-11,-2.4265468243696516e-11,-1.250246139476486e-19,3.610085326067717e-07,6.415188038578328e-12,8.120672811070967e-11,-1.7442836996189937e-07,2.269252048105033e-10,-1.804912499273001e-07,-6.289805170258232e-09,-6.2898051706581e-09,-1.9497510614434368e-16,4.168778077020287e-09,1.2743361538079584e-20,-1.879360519274146e-12,4.166589811524353e-09,2.2442288292779133e-12,5.6277516696979e-13,1.260427054635255e-12,3.1784217128434722e-21,1.9497548112395008e-16
4.4639999999999995,548,101325.0,2.771e-08,0.066,0.29999999999999993,0.6339999999999998,0.22000000000000003,548.0,1e-11,1e-22,IdealGasReactor,off,0.6309576814469042,0.0,0.0,0.2832794253090917,0.030043998298068753,0.010011811138127526,7.56228013056598e-12,0.04570708380024538,0.0,0.002939486587904424,4.027241938515853e-11,0.559961171269499,5.547786639918356e-09,1.3543910187961954e-07,1.1996680312595515e-07,1.0259831424192758e-05,0.43631033087743615,4.7074938183912404e-05,4.1683721967408173e-05,0.0005877765820254013,5.0854621875728806e-06,2.596324896141722e-13,1.8841317352972636e-09,9.686785101661187e-05,0.0,0.0,0.0,0.0,0.0,0.0,0.0,0.0,0.0,0.0,0.0,0.0,-2.7089476979168813e-07,5.417895394367625e-07,1.8059651307102103e-07,1.465182148464671e-16,-3.6119302629117434e-07,0.0,-2.7501564165945517e-16,2.766252650245998e-23,-2.6512156919446412e-18,-3.089999828066223e-22,7.835054762102278e-20,9.555590436212576e-21,-9.51588576681003e-21,-2.7229661792229334e-16,-2.918348131049634e-22,-5.175915227444143e-20,-2.8826567820360697e-21,1.3710518653066434e-22,9.283602729140198e-23,-3.2232256066966443e-24,2.749651064816479e-16,3.570320069063316e-07,2.7089476979168813e-07,5.113616350626814e-07,-5.417876624209169e-07,-4.6280764732432043e-07,1.6909774261791316e-10,1.2807982605014236e-07,7.724407783735692e-08,7.864869860852269e-08,7.724407783735692e-08,1.8049619825805609e-07,1.8049619825805609e-07,-1.465182148464671e-16,3.6099239802239446e-07,-1.9627531569461886e-16,3.4342880473924605e-19,-1.5050751475138677e-15,3.609923966418904e-07,1.226423414250752e-13,6.405824208532352e-12,8.110937258901189e-11,-2.4217877167682736e-11,-1.2486030234350812e-19,3.607656939760257e-07,6.405824208532352e-12,8.110937258901189e-11,-1.743092036108737e-07,2.2670239089961348e-10,-1.8036981068012144e-07,-6.287309460147318e-09,-6.287309460137802e-09,-1.9484634059274877e-16,4.163204983601268e-09,1.2727462519065227e-20,-1.877015845614837e-12,4.1610193848427395e-09,2.241227939544213e-12,5.623299399720475e-13,1.2588618878700618e-12,3.174508192257815e-21,1.9484633736952317e-16
4.473,548,101324.99999999997,2.771e-08,0.066,0.29999999999999993,0.6339999999999998,0.22000000000000003,548.0,1e-11,1e-22,IdealGasReactor,off,0.6309522326849943,0.0,0.0,0.28325107188951515,0.030095553053361087,0.010028996081205888,7.576231524423439e-12,0.04567214628334739,0.0,0.002938643419174155,4.023878804780864e-11,0.5601194664119888,5.54643401916817e-09,1.3563207462183315e-07,1.1998978033450551e-07,1.0264741226799088e-05,0.43615356739504213,4.7051166111337224e-05,4.1639903008395664e-05,0.0005872148428415394,5.083750014600018e-06,2.593904365570644e-13,1.88452777386727e-09,9.680527727723995e-05,0.0,0.0,0.0,0.0,0.0,0.0,0.0,0.0,0.0,0.0,0.0,0.0,-2.707123195654158e-07,5.414246389711901e-07,1.8047487958746843e-07,1.464653612040345e-16,-3.6094975931421194e-07,0.0,1.363417336826689e-14,-5.536782242047236e-22,-1.5121216806939561e-18,6.680326425301211e-21,1.3170515296857116e-17,-1.2186686528621246e-19,1.1938036036487806e-19,1.3640041564548993e-14,3.2783570861338152e-21,-8.697862480654284e-18,-2.057524532020426e-21,3.9394476672837943e-22,-2.486624264082492e-21,1.5132623277893996e-22,-1.3638528263338474e-14,3.567943046160803e-07,2.707123195654158e-07,5.109681689028762e-07,-5.41422764297752e-07,-4.625020359767462e-07,1.688778482750589e-10,1.2805135242686974e-07,7.716609380505203e-08,7.858982626604856e-08,7.716609380505203e-08,1.8037469596708897e-07,1.8037469596708897e-07,-1.464653612040345e-16,3.607493934390157e-07,-1.9599918702670592e-16,3.430058266226497e-19,-1.5037748079166309e-15,3.607493781476734e-07,1.2255978380776593e-13,6.396471205520428e-12,8.101210974846721e-11,-2.4170368715271407e-11,-1.246961700903461e-19,3.605229120867843e-07,6.396471205520428e-12,8.101210974846721e-11,-1.7419006564620882e-07,2.2647969941732055e-10,-1.8024839988804862e-07,-6.284813941259607e-09,-6.284813941378987e-09,-1.9471706880661898e-16,4.157637632567947e-09,1.2711578867509124e-20,-1.8746734381126635e-12,4.155454698131639e-09,2.2382301427795747e-12,5.61884824521348e-13,1.2572981988871497e-12,3.170598292472699e-21,1.9471722013285176e-16
4.482,548,101324.99999999996,2.771e-08,0.066,0.29999999999999993,0.6339999999999998,0.22000000000000003,548.0,1e-11,1e-22,IdealGasReactor,off,0.6309467876884975,0.0,0.0,0.28322273806381054,0.030147072181300843,0.010046169148483062,7.590177663875812e-12,0.04563723291031789,0.0,0.002937799971721264,4.020517819605332e-11,0.5602777487808279,5.545081154800453e-09,1.358247412314711e-07,1.2001258493778327e-07,1.0269640049304499e-05,0.4359968165027789,4.7027394246398605e-05,4.1596120405316305e-05,0.0005866535273972871,5.082037667824307e-06,2.591485674071111e-13,1.884923847099962e-09,9.674271711042976e-05,0.0,0.0,0.0,0.0,0.0,0.0,0.0,0.0,0.0,0.0,0.0,0.0,-2.7052991234296795e-07,5.410598245697919e-07,1.8035327476182947e-07,1.4641251199611792e-16,-3.607065497157251e-07,0.0,3.3159929608235904e-15,-3.020634630906909e-22,-2.2702581528802014e-17,1.3862758292026352e-20,-3.04305586026172e-17,3.2160782216061716e-20,-2.8559237829005834e-20,3.331411144220436e-15,1.5127204796453792e-21,2.28224999647878e-17,-2.6236444996761783e-20,-2.0305216086645447e-21,-5.125114966482324e-21,1.3398843195192737e-22,-3.308555403284604e-15,3.5655665396551114e-07,2.7052991234296795e-07,5.10574834238452e-07,-5.410579522364956e-07,-4.6219649397382264e-07,1.6865818276294062e-10,1.280228398717623e-07,7.708814982581926e-08,7.853097016998349e-08,7.708814982581926e-08,1.802532221998002e-07,1.802532221998002e-07,-1.4641251199611792e-16,3.605064459029946e-07,-1.957233833175288e-16,3.4258327005422775e-19,-1.5024750641243198e-15,3.6050644092178175e-07,1.2247724557164002e-13,6.387129024698829e-12,8.091493957029867e-11,-2.4122942779319902e-11,-1.2453221708688742e-19,3.602801870998501e-07,6.387129024698829e-12,8.091493957029867e-11,-1.740709561476361e-07,2.262571304870679e-10,-1.80127017631346e-07,-6.282318614193374e-09,-6.282318614164815e-09,-1.945879955438362e-16,4.152076022743398e-09,1.2695710580972705e-20,-1.8723332964082605e-12,4.1498957502139335e-09,2.2352354383480805e-12,5.614398210640135e-13,1.2557359875575165e-12,3.1666920133778014e-21,1.9458812953226816e-16
4.491,548,101324.99999999997,2.771e-08,0.066,0.29999999999999993,0.6339999999999998,0.22000000000000003,548.0,1e-11,1e-22,IdealGasReactor,off,0.6309413464563538,0.0,0.0,0.2831944238264604,0.030198555691920433,0.010063330343303112,7.604118549719104e-12,0.045602343674358156,0.0,0.002936956245949439,4.017158982877723e-11,0.560436018264185,5.5437280471590375e-09,1.3601710184437108e-07,1.2003521712133678e-07,1.0274527898119058e-05,0.43584007831211863,4.700362260040654e-05,4.155237414778262e-05,0.000586092635593098,5.0803251483174955e-06,2.589068821265829e-13,1.885319955077324e-09,9.66801705616945e-05,0.0,0.0,0.0,0.0,0.0,0.0,0.0,0.0,0.0,0.0,0.0,0.0,-2.7034754820739843e-07,5.406950962655269e-07,1.802316986826669e-07,1.4635966726014071e-16,-3.6046339751441113e-07,0.0,2.214191341246467e-15,-6.783485388457482e-23,-5.923070617112027e-19,-5.623854626147162e-22,2.9070170749767588e-18,-1.104848600574828e-19,1.1033265882477304e-19,2.219709064411753e-15,1.6354256351290709e-21,2.1213680373533854e-18,-9.36000705388675e-22,-3.0838327211742563e-23,-3.048117649634158e-22,6.0632374260827e-23,-2.2191128608279136e-15,3.563190549756576e-07,2.7034754820739843e-07,5.101816312550289e-07,-5.406932262701073e-07,-4.6189102145361104e-07,1.684387459631333e-10,1.2799428839495962e-07,7.701024593570486e-08,7.847213034905882e-08,7.701024593570486e-08,1.8013177701179663e-07,1.8013177701179663e-07,-1.4635966726014071e-16,3.6026355552553736e-07,-1.95447904365191e-16,3.4216113483288454e-19,-1.5011759168093501e-15,3.6026355165752477e-07,1.223947267544808e-13,6.377797659446128e-12,8.081786201325451e-11,-2.4075599245865567e-11,-1.2436844323654794e-19,3.600375191923917e-07,6.377797659446128e-12,8.081786201325451e-11,-1.7395187520199157e-07,2.260346842459178e-10,-1.8000566399842082e-07,-6.279823480675329e-09,-6.279823480785662e-09,-1.944590049991147e-16,4.146520151791821e-09,1.2679857653480588e-20,-1.8699954196205816e-12,4.144342538753542e-09,2.2322438249903525e-12,5.609949298908121e-13,1.2541752534018587e-12,3.1627893539649614e-21,1.9445906563148895e-16
4.5,548,101325.00000000003,2.771e-08,0.066,0.29999999999999993,0.6339999999999998,0.22000000000000003,548.0,1e-11,1e-22,IdealGasReactor,off,0.6309359089875004,0.0,0.0,0.28316612917193523,0.030250003595273998,0.010080479669017468,7.618054182751218e-12,0.04556747856865472,0.0,0.0029361122426993123,4.013802295083603e-11,0.5605942748327674,5.542374697407705e-09,1.362091566170497e-07,1.20057677085283e-07,1.0279404779369858e-05,0.43568335285146415,4.697985119162283e-05,4.1508664231534084e-05,0.0005855321674161453,5.07861245702641e-06,2.586653806868507e-13,1.8857160975197916e-09,9.661763767245007e-05,0.0,0.0,0.0,0.0,0.0,0.0,0.0,0.0,0.0,0.0,0.0,0.0,-2.701652273220499e-07,5.403304544878472e-07,1.8011015142954227e-07,1.4630682700559093e-16,-3.602203029874737e-07,0.0,-1.3450513585013376e-14,-3.91968514968922e-22,6.7875628290004585e-18,2.0326295040676052e-20,9.983818530608828e-18,3.2666355006454127e-19,-3.2500174421392223e-19,-1.3458154427693818e-14,4.974243444419725e-21,-1.10907272394434e-17,7.361017869056347e-21,3.3007349874221455e-21,-6.395472403000176e-21,8.633820311392988e-25,1.3451314890356543e-14,3.560815079248344e-07,2.701652273220499e-07,5.097885602887482e-07,-5.403285868280398e-07,-4.6158561869056175e-07,1.6821953780688434e-10,1.2796569804446329e-07,7.693238219344746e-08,7.841330685518069e-08,7.693238219344746e-08,1.800103605119329e-07,1.800103605119329e-07,-1.4630682700559093e-16,3.6002072252437156e-07,-1.9517274995402935e-16,3.4173942082191727e-19,-1.499877366578801e-15,3.600207343357198e-07,1.22312227430252e-13,6.3684771050228655e-12,8.072087705995827e-11,-2.4028338008376138e-11,-1.2420484843738083e-19,3.597949085235894e-07,6.3684771050228655e-12,8.072087705995827e-11,-1.7383282288832134e-07,2.2581236081552694e-10,-1.7988433906872842e-07,-6.277328541220941e-09,-6.2773285408959396e-09,-1.9433002768928297e-16,4.140970018602677e-09,1.266402008280564e-20,-1.8676598074215166e-12,4.138795062639306e-09,2.2292553021060118e-12,5.605501514585618e-13,1.2526159963118645e-12,3.1588903141768116e-21,1.94330028552665e-16
4.509,548,101325.0,2.771e-08,0.066,0.29999999999999993,0.6339999999999998,0.22000000000000003,548.0,1e-11,1e-22,IdealGasReactor,off,0.6309304752808725,0.0,0.0,0.2831378540946937,0.030301415901437662,0.010097617128984899,7.631984563771907e-12,0.045532637586379224,0.0,0.0029352679625999126,4.010447756414241e-11,0.5607525184173335,5.541021106312877e-09,1.3640090569652526e-07,1.200799650229655e-07,1.0284270699339587e-05,0.43552664018942433,4.695608003493209e-05,4.14649906492703e-05,0.0005849721228107609,5.076899594958308e-06,2.584240630545486e-13,1.8861122743230376e-09,9.655511848602253e-05,0.0,0.0,0.0,0.0,0.0,0.0,0.0,0.0,0.0,0.0,0.0,0.0,-2.6998294981109555e-07,5.399658994797761e-07,1.7998863308624053e-07,1.4625399125547749e-16,-3.59977266317508e-07,0.0,-1.0624152277675927e-17,-6.926228977382389e-23,1.42843973181758e-18,5.419983335087213e-22,-3.829753591891912e-18,-9.873227791432938e-21,9.802090258753378e-21,-1.5700040227489175e-17,3.6861114877859254e-22,2.0975916705133638e-19,1.2819312322397241e-21,-8.002972426450543e-23,-5.041761025849175e-23,-5.520237520488784e-24,1.426193782551202e-17,3.558440129973559e-07,2.6998294981109555e-07,5.093956216021111e-07,-5.399640341533169e-07,-4.612802858926312e-07,1.6800055820090616e-10,1.2793706885002983e-07,7.685455864661048e-08,7.835449972893846e-08,7.685455864661048e-08,1.798889727830891e-07,1.798889727830891e-07,-1.4625399125547749e-16,3.597779470652341e-07,-1.9489791987465272e-16,3.4131812785263565e-19,-1.498579414069294e-15,3.5977794543562425e-07,1.2222974765526833e-13,6.359167355757491e-12,8.062398468126935e-11,-2.3981158956791136e-11,-1.2404143258979567e-19,3.5955235526103785e-07,6.359167355757491e-12,8.062398468126935e-11,-1.7371379928930845e-07,2.2559016032445646e-10,-1.79763042925916e-07,-6.274833796932076e-09,-6.2748337969418784e-09,-1.9420102390967165e-16,4.1354256214553515e-09,1.2648197864867716e-20,-1.8653264592096097e-12,4.133253320152061e-09,2.2262698687674476e-12,5.601054861428474e-13,1.2510582159955638e-12,3.1549948934849096e-21,1.9420101838943413e-16
4.518,548,101324.99999999996,2.771e-08,0.066,0.29999999999999993,0.6339999999999998,0.22000000000000003,548.0,1e-11,1e-22,IdealGasReactor,off,0.6309250453354028,0.0,0.0,0.28310959858918167,0.030352792620510417,0.010114742726571452,7.645909693582607e-12,0.0454978207206878,0.0,0.0029344234060731276,4.007095366773559e-11,0.5609107489093629,5.539667274251212e-09,1.3659234922046826e-07,1.201020811210434e-07,1.028912566446188e-05,0.4353699404341417,4.6932309141913895e-05,4.142135339072757e-05,0.0005844125016794605,5.075186563180276e-06,2.5818292919175945e-13,1.8865084855553423e-09,9.649261304763221e-05,0.0,0.0,0.0,0.0,0.0,0.0,0.0,0.0,0.0,0.0,0.0,0.0,-2.6980071576043277e-07,5.396014313470766e-07,1.798671437406825e-07,1.4620116004610303e-16,-3.5973428755456935e-07,0.0,-1.2573829604239561e-15,8.911848408505562e-22,4.4015779884122835e-17,-4.868577161932745e-21,2.786717220642967e-17,-4.129285617864714e-21,-2.9116757561866574e-22,-1.3027937715004372e-15,6.018724262526559e-21,-2.8744832540549883e-17,4.357545744391617e-20,-2.54210696813445e-21,3.2723984162389798e-21,-1.7682837676023864e-22,1.2585004849470329e-15,3.556065702455891e-07,2.6980071576043277e-07,5.090028153856582e-07,-5.395995683517025e-07,-4.609750232026628e-07,1.6778180702799296e-10,1.2790840082352792e-07,7.677677533184466e-08,7.82957089998522e-08,7.677677533184466e-08,1.7976761388274017e-07,1.7976761388274017e-07,-1.4620116004610303e-16,3.5953522926309035e-07,-1.9462341392386728e-16,3.408972557252086e-19,-1.4972820599467984e-15,3.595352289220699e-07,1.221472874685824e-13,6.349868405070543e-12,8.05271848365685e-11,-2.3934061977625405e-11,-1.2387819559654396e-19,3.5930985958066133e-07,6.349868405070543e-12,8.05271848365685e-11,-1.735948044911963e-07,2.253680829080878e-10,-1.7964177565777e-07,-6.2723392494862e-09,-6.2723392494859085e-09,-1.9407221203596245e-16,4.129886958037735e-09,1.2632390993778893e-20,-1.8629953741167446e-12,4.127717308980239e-09,2.223287523728372e-12,5.596609342398829e-13,1.249501911981969e-12,3.1511030909022686e-21,1.9407203520758568e-16
4.527,548,101324.99999999997,2.771e-08,0.066,0.29999999999999993,0.6339999999999998,0.22000000000000003,548.0,1e-11,1e-22,IdealGasReactor,off,0.6309196191500216,0.0,0.0,0.28308136264983375,0.030404133762611352,0.010131856465150597,7.659829572986912e-12,0.04546302796472294,0.0,0.002933578574254549,4.003745127039708e-11,0.5610689663357054,5.538313202939861e-09,1.3678348736010598e-07,1.2012402558995337e-07,1.0293969680702368e-05,0.4352132535575171,4.690853853550204e-05,4.137775245563892e-05,0.0005838533040662872,5.0734733625520846e-06,2.579419790753161e-13,1.8869047306914018e-09,9.643012139573053e-05,0.0,0.0,0.0,0.0,0.0,0.0,0.0,0.0,0.0,0.0,0.0,0.0,-2.696185253870277e-07,5.392370503658951e-07,1.7974568346598249e-07,1.4614833336795567e-16,-3.5949136734095176e-07,0.0,1.353101032221684e-14,-9.450810266431673e-22,-7.068333559849061e-18,8.785742452459939e-21,2.619389038286432e-16,-1.4735726304264656e-19,1.4914149162392344e-19,1.4055710009913313e-14,-2.8112418126559416e-20,2.557487345192931e-16,-1.2155339129903614e-20,-6.6255099113966134e-21,1.773202202736545e-21,-5.923091708904785e-22,-1.4048578005086087e-14,3.5536918031214056e-07,2.696185253870277e-07,5.086101420757334e-07,-5.392351896993429e-07,-4.6066983098634125e-07,1.6756328425193393e-10,1.278796940387212e-07,7.66990323228553e-08,7.823693473528715e-08,7.66990323228553e-08,1.796462839553358e-07,1.796462839553358e-07,-1.4614833336795567e-16,3.592925694068414e-07,-1.9434923187592492e-16,3.4047680434475557e-19,-1.4959853047698172e-15,3.592925537088121e-07,1.2206484696834384e-13,6.340580249450668e-12,8.043047752417848e-11,-2.3887046969414618e-11,-1.2371513735156747e-19,3.5906742162871355e-07,6.340580249450668e-12,8.043047752417848e-11,-1.7347583856740707e-07,2.2514612867653035e-10,-1.7952053733730773e-07,-6.2698448985754e-09,-6.2698448987245415e-09,-1.9394367147749415e-16,4.12435402804111e-09,1.2616599469766388e-20,-1.860666552176677e-12,4.1221870288111926e-09,2.2203082668172605e-12,5.59216496316976e-13,1.2479470844052678e-12,3.147214906992494e-21,1.9394307916832326e-16
4.536,548,101324.99999999999,2.771e-08,0.066,0.29999999999999993,0.6339999999999998,0.22000000000000003,548.0,1e-11,1e-22,IdealGasReactor,off,0.6309141967236572,0.0,0.0,0.28305314627107153,0.030455439337884166,0.010148958348102975,7.673744202789808e-12,0.04542825931161054,0.0,0.002932733467270385,4.000397036708478e-11,0.561227170531305,5.536958892200109e-09,1.369743202403358e-07,1.2014579860699866e-07,1.0298802754723469e-05,0.4350565797245902,4.6884768222566155e-05,4.1334187829531525e-05,0.0005832945298142827,5.071759994229457e-06,2.577012126609846e-13,1.8873010100464243e-09,9.636764357832668e-05,0.0,0.0,0.0,0.0,0.0,0.0,0.0,0.0,0.0,0.0,0.0,0.0,-2.694363787220419e-07,5.388727573016228e-07,1.7962425235617297e-07,1.4609551127647017e-16,-3.592485048653285e-07,0.0,-8.641023816771486e-17,1.0372334621515845e-23,-6.815721335211386e-18,-2.72833627601327e-22,-3.678293513011003e-18,2.4616895029578104e-21,-2.450936154994621e-21,-8.315535194049015e-17,-6.198729143965433e-22,3.476751024617117e-20,-7.100758292844573e-21,1.5649223213737592e-22,5.822458118030429e-23,-1.2395836338633773e-24,9.001491227016652e-17,3.5513184238884603e-07,2.694363787220419e-07,5.082176017600563e-07,-5.388708989616307e-07,-4.60364709293539e-07,1.6734498972144195e-10,1.2785094848190496e-07,7.66213296406881e-08,7.817817694896517e-08,7.66213296406881e-08,1.7952498302203443e-07,1.7952498302203443e-07,-1.4609551127647017e-16,3.590499675387995e-07,-1.9407537353677221e-16,3.4005677346715853e-19,-1.494689149247383e-15,3.590499659811286e-07,1.219824261689292e-13,6.331302881022618e-12,8.03338626871141e-11,-2.384011381386125e-11,-1.2355225776111164e-19,3.588250415933386e-07,6.331302881022618e-12,8.03338626871141e-11,-1.733569016094663e-07,2.2492429777509398e-10,-1.7939932805839787e-07,-6.26735074670666e-09,-6.267350746704209e-09,-1.938141515371806e-16,4.118826828296462e-09,1.2600823284361944e-20,-1.858339992141096e-12,4.116662476482492e-09,2.2173320963326336e-12,5.587721725568955e-13,1.2463937325386604e-12,3.143330340112625e-21,1.9381415029759697e-16
4.545,548,101324.99999999996,2.771e-08,0.066,0.29999999999999993,0.6339999999999998,0.22000000000000003,548.0,1e-11,1e-22,IdealGasReactor,off,0.630908778055235,0.0,0.0,0.28302494944730583,0.03050670935649109,0.010166048378816694,7.687653583798673e-12,0.04539351475446381,0.0,0.0029318880859003373,3.9970510961607274e-11,0.5613853614558826,5.535604343079243e-09,1.3716484801612592e-07,1.2016740037114492e-07,1.0303624892749553e-05,0.4348999189748275,4.686099822035205e-05,4.1290659506996675e-05,0.0005827361788951389,5.070046459173404e-06,2.574606299174542e-13,1.8876973233914695e-09,9.630517963704655e-05,0.0,0.0,0.0,0.0,0.0,0.0,0.0,0.0,0.0,0.0,0.0,0.0,-2.6925427591663073e-07,5.385085515918296e-07,1.7950285049135593e-07,1.4604269378485462e-16,-3.590057011277361e-07,0.0,-4.088179501018073e-15,3.123376762536868e-22,3.910843726609184e-18,1.1019332697238363e-21,9.540878532709953e-17,-9.296186596115946e-20,9.491814810984737e-20,-3.993904682703472e-15,6.035767898995559e-22,2.9083397731269416e-18,2.2808525941449816e-21,-2.2800199609258517e-21,1.1982382876058488e-21,1.2411218440962671e-22,3.989971814792672e-15,3.548945574770746e-07,2.6925427591663073e-07,5.078251947510668e-07,-5.38506695576136e-07,-4.6005965837802316e-07,1.6712692335897763e-10,1.278221641961874e-07,7.65436673402418e-08,7.811943568920256e-08,7.65436673402418e-08,1.7940371118360953e-07,1.7940371118360953e-07,-1.4604269378485462e-16,3.5880742386050865e-07,-1.9380183869088817e-16,3.396371629435577e-19,-1.4933935939865618e-15,3.5880742621507977e-07,1.219000251388112e-13,6.322036294706886e-12,8.023734030389208e-11,-2.379326240360354e-11,-1.2338955672292153e-19,3.585827196347827e-07,6.322036294706886e-12,8.023734030389208e-11,-1.7323799369679943e-07,2.247025903252785e-10,-1.792781479010326e-07,-6.2648567945564965e-09,-6.264856794651415e-09,-1.9368512459651213e-16,4.113305357474559e-09,1.258506243467312e-20,-1.856015693583302e-12,4.111143650661502e-09,2.2143590115520584e-12,5.583279633903483e-13,1.244841856207328e-12,3.1394493900341994e-21,1.9368524870869654e-16
4.554,548,101324.99999999997,2.771e-08,0.066,0.29999999999999993,0.6339999999999998,0.22000000000000003,548.0,1e-11,1e-22,IdealGasReactor,off,0.6309033631436788,0.0,0.0,0.28299677217293445,0.03055794382861872,0.010183126560687032,7.701557716822316e-12,0.04535879428637954,0.0,0.0029310424308963395,3.9937073057409996e-11,0.5615435390632835,5.534249556573313e-09,1.373550708421626e-07,1.2018883108073806e-07,1.0308436101045645e-05,0.4347432713536043,4.683722854567072e-05,4.124716748225278e-05,0.0005821782512751201,5.068332758356321e-06,2.5722023081306786e-13,1.8880936705210037e-09,9.624272961385972e-05,0.0,0.0,0.0,0.0,0.0,0.0,0.0,0.0,0.0,0.0,0.0,0.0,-2.6907221711662395e-07,5.381444340414807e-07,1.793814779523871e-07,1.4598988090830377e-16,-3.587629560685308e-07,0.0,-7.093519738649999e-15,6.754990506421452e-22,-7.361056859757573e-18,-3.594045379838592e-21,4.5726173685016946e-17,-1.2440796412797536e-21,-1.7625564492279914e-20,-7.029960229246441e-15,2.4921487730382634e-21,1.0394231970982959e-17,-9.014971562307878e-21,9.006187413112512e-22,3.1288892891244208e-21,-6.39432018356685e-23,7.037373102707822e-15,3.5465732551860467e-07,2.6907221711662395e-07,5.074329213513195e-07,-5.381425803478246e-07,-4.597546784846024e-07,1.6690908508379407e-10,1.277933412222248e-07,7.646604547488128e-08,7.806071100280987e-08,7.646604547488128e-08,1.7928246853730816e-07,1.7928246853730816e-07,-1.4598988090830377e-16,3.5856493856646495e-07,-1.935286271239997e-16,3.3921797262104806e-19,-1.4920986395997838e-15,3.585649439585836e-07,1.218176439440666e-13,6.312780485298393e-12,8.014091035147058e-11,-2.374649263091281e-11,-1.2322703413525004e-19,3.583404559147609e-07,6.312780485298393e-12,8.014091035147058e-11,-1.731191149094984e-07,2.2448100644964164e-10,-1.791569969459186e-07,-6.262363042888716e-09,-6.26236304287109e-09,-1.9355643845425603e-16,4.107789614152516e-09,1.2569316917556934e-20,-1.853693656040308e-12,4.105630549926134e-09,2.211389011708903e-12,5.578838692370376e-13,1.2432914552113743e-12,3.1355720564643515e-21,1.935563745110542e-16
4.563,548,101324.99999999999,2.771e-08,0.066,0.29999999999999993,0.6339999999999998,0.22000000000000003,548.0,1e-11,1e-22,IdealGasReactor,off,0.6308979519879095,0.0,0.0,0.282968614442344,0.030609142764473875,0.010200192897116633,7.715456602671657e-12,0.0453240979004408,0.0,0.0029301965027204013,3.990365665392213e-11,0.5617017032524771,5.532894533132746e-09,1.3754498885955677e-07,1.202100909246145e-07,1.0313236386076958e-05,0.43458663696152694,4.681345921070986e-05,4.120371174537807e-05,0.0005816207468621283,5.0666188928344344e-06,2.569800153097698e-13,1.8884900514716403e-09,9.618029355339516e-05,0.0,0.0,0.0,0.0,0.0,0.0,0.0,0.0,0.0,0.0,0.0,0.0,-2.6889020241442136e-07,5.377804046829388e-07,1.7926013482587453e-07,1.4593707268058497e-16,-3.58520269788576e-07,0.0,-1.7679430328333244e-16,-2.3454808401475135e-23,8.992590175456028e-18,1.9238763268658052e-22,2.4352197233561135e-20,-1.2308447514789052e-20,1.2178580158618226e-20,-1.859496855412184e-16,7.772188833599856e-22,-6.966927255199455e-20,9.341557856611263e-21,2.9649255081197586e-23,-2.5736031304979685e-23,-2.8523848068616083e-24,1.7689947100056304e-16,3.544201466165438e-07,2.6889020241442136e-07,5.070407817629155e-07,-5.377785533090601e-07,-4.5944976976722403e-07,1.666914747818135e-10,1.2776447957564552e-07,7.638846408277121e-08,7.800200292114561e-08,7.638846408277121e-08,1.7916125514492167e-07,1.7916125514492167e-07,-1.4593707268058497e-16,3.58322511780257e-07,-1.9325573863043557e-16,3.387992023033169e-19,-1.4908042867406172e-15,3.5832251032985596e-07,1.2173528262668095e-13,6.303535446329203e-12,8.004457279081592e-11,-2.3699804383258413e-11,-1.2306468989961773e-19,3.580982506066761e-07,6.303535446329203e-12,8.004457279081592e-11,-1.7300026533260579e-07,2.242595462804005e-10,-1.79035875279594e-07,-6.25986949326874e-09,-6.259869493280919e-09,-1.9342753062759577e-16,4.10227959608673e-09,1.2553586727354738e-20,-1.851373878677777e-12,4.100123172032177e-09,2.2084220955929756e-12,5.574398904059313e-13,1.2417425291017853e-12,3.1316983384717437e-21,1.9342752777521096e-16
4.572,548,101325.00000000003,2.771e-08,0.066,0.29999999999999993,0.6339999999999998,0.22000000000000003,548.0,1e-11,1e-22,IdealGasReactor,off,0.6308925445868461,0.0,0.0,0.28294047624990726,0.030660306174288283,0.01021724739151523,7.729350242158897e-12,0.04528942558971378,0.0,0.002929350302185571,3.987026175534161e-11,0.5618598539890959,5.531539273867313e-09,1.377346022262779e-07,1.2023118010349944e-07,1.031802575409134e-05,0.43443001583211116,4.678969023323348e-05,4.116029229133687e-05,0.0005810636656332669,5.0649048635610915e-06,2.567399833766387e-13,1.888886465986879e-09,9.611787149690524e-05,0.0,0.0,0.0,0.0,0.0,0.0,0.0,0.0,0.0,0.0,0.0,0.0,-2.6870823196668897e-07,5.374164637441569e-07,1.7913882119116886e-07,1.458842691129045e-16,-3.582776425232826e-07,0.0,-2.83129476802067e-15,-1.185821445212452e-22,3.193676725493836e-18,-3.9269992328978115e-21,4.3360093025980465e-17,-4.751325438504591e-20,4.635437434685912e-20,-2.7929453711860664e-15,-1.1856023542523553e-21,-1.7287292825873732e-18,4.694384069970545e-21,1.2023587191341103e-21,1.4755069127788414e-21,-1.0135404176187668e-23,2.789730804662879e-15,3.541830210075734e-07,2.6870823196668897e-07,5.066487763083945e-07,-5.374146146877958e-07,-4.5914493248910686e-07,1.6647409237850756e-10,1.2773557930254183e-07,7.631092322018551e-08,7.79433114941158e-08,7.631092322018551e-08,1.790400711108812e-07,1.790400711108812e-07,-1.458842691129045e-16,3.5808014371073733e-07,-1.9298317299335245e-16,3.3838085184522954e-19,-1.4895105360088708e-15,3.58080144868822e-07,1.216529412576122e-13,6.2943011728271304e-12,7.994832760191864e-11,-2.3653197554014288e-11,-1.2290252391313822e-19,3.578561038691541e-07,6.2943011728271304e-12,7.994832760191864e-11,-1.728814450448803e-07,2.240382099370847e-10,-1.7891478298123061e-07,-6.257376146288555e-09,-6.257376146334909e-09,-1.9329871875388656e-16,4.096775302005089e-09,1.2537871861392403e-20,-1.8490563611015834e-12,4.09462151570919e-09,2.2054582625182363e-12,5.569960273387845e-13,1.2401950777248483e-12,3.1278282358815802e-21,1.9329870861848238e-16
4.581,548,101325.00000000004,2.771e-08,0.066,0.29999999999999993,0.6339999999999998,0.22000000000000003,548.0,1e-11,1e-22,IdealGasReactor,off,0.6308871409394051,0.0,0.0,0.2829123575899871,0.030711434068312254,0.01023429004730001,7.743238636098643e-12,0.045254777347252084,0.0,0.002928503829837103,3.983688836217321e-11,0.5620179911878953,5.530183779383563e-09,1.379239110882929e-07,1.2025209880936038e-07,1.0322804211524103e-05,0.43427340805007614,4.676592162674e-05,4.1116909111286784e-05,0.0005805070075119131,5.063190671568207e-06,2.5650013497697246e-13,1.8892829140343437e-09,9.605546348813962e-05,0.0,0.0,0.0,0.0,0.0,0.0,0.0,0.0,0.0,0.0,0.0,0.0,-2.6852630588074753e-07,5.370526119195118e-07,1.7901753713300666e-07,1.4583147023368723e-16,-3.580350744070135e-07,0.0,1.7576265015808315e-14,3.39659029910516e-22,1.3693293593363611e-18,3.903441845271103e-20,-3.038536410092526e-16,-7.2114267546862995e-19,7.216083781534973e-19,1.7266872935722515e-14,-8.822468700749602e-21,-3.432215833290867e-18,6.6656863322422554e-21,4.400962750300099e-21,-7.401868275600292e-21,-7.143681142989718e-22,-1.7268267141355444e-14,3.53945948828086e-07,2.6852630588074753e-07,5.062569052175918e-07,-5.370507651784092e-07,-4.588401668295619e-07,1.6625693776866527e-10,1.277066404258673e-07,7.623342292937363e-08,7.788463675737442e-08,7.623342292937363e-08,1.7891891650687751e-07,1.7891891650687751e-07,-1.4583147023368723e-16,3.578378345013025e-07,-1.9271093000400276e-16,3.3796292106175916e-19,-1.4882173880430347e-15,3.5783781560105865e-07,1.2157061988557233e-13,6.285077658656569e-12,7.985217475003934e-11,-2.360667203214626e-11,-1.2274053607602413e-19,3.576140158717775e-07,6.285077658656569e-12,7.985217475003934e-11,-1.7276265412972332e-07,2.2381699754826953e-10,-1.7879372013545886e-07,-6.2548830032833466e-09,-6.254883004004955e-09,-1.9317063149039395e-16,4.091276729877546e-09,1.2522172314676511e-20,-1.8467411025758086e-12,4.08912557892748e-09,2.2024975113899504e-12,5.565522803751331e-13,1.2386491006971768e-12,3.12396174793057e-21,1.9316991712227965e-16
4.59,548,101324.99999999999,2.771e-08,0.066,0.29999999999999993,0.6339999999999998,0.22000000000000003,548.0,1e-11,1e-22,IdealGasReactor,off,0.6308817410445012,0.0,0.0,0.28288425845693316,0.03076252645682014,0.010251320867895276,7.757121785306923e-12,0.04522015316609305,0.0,0.002927657086364589,3.980353647685731e-11,0.5621761147910714,5.528828050558376e-09,1.3811291559800944e-07,1.2027284723915108e-07,1.032757176472832e-05,0.4341168136725271,4.674215340701549e-05,4.107356219836515e-05,0.0005799507724495479,5.0614763178451095e-06,2.5626047007684494e-13,1.889679395460856e-09,9.599306956941719e-05,0.0,0.0,0.0,0.0,0.0,0.0,0.0,0.0,0.0,0.0,0.0,0.0,-2.683444242902132e-07,5.366888484384602e-07,1.7889628273303963e-07,1.4577867606207074e-16,-3.5779256562320647e-07,0.0,-9.864466294384777e-18,4.827783750906176e-25,-1.1130016713678677e-17,5.826886826417107e-22,-3.883910760956984e-18,-5.8762910715767086e-21,5.928403450167549e-21,-2.3341349437796833e-18,-7.769904797289316e-22,1.598340898758074e-19,-1.1515267135417186e-20,1.3676914440681467e-22,-1.3484095945422605e-22,-7.793771405323543e-24,1.3535202995512225e-17,3.53708930263155e-07,2.683444242902132e-07,5.058651687695459e-07,-5.366870040103577e-07,-4.585354730126953e-07,1.660400108631164e-10,1.2767766298113513e-07,7.615596325994883e-08,7.782597875414899e-08,7.615596325994883e-08,1.787977914220491e-07,1.787977914220491e-07,-1.4577867606207074e-16,3.575955843302029e-07,-1.9243900944889197e-16,3.3754540978855174e-19,-1.4869248434585595e-15,3.5759558270065384e-07,1.2148831857112844e-13,6.275864898288032e-12,7.97561142081638e-11,-2.356022770907289e-11,-1.225787262865771e-19,3.573719867778816e-07,6.275864898288032e-12,7.97561142081638e-11,-1.7264389266785226e-07,2.235959092370506e-10,-1.7867268682380265e-07,-6.2523900651873725e-09,-6.252390065193301e-09,-1.9304116118091715e-16,4.085783878069672e-09,1.2506488083426688e-20,-1.8444281025427118e-12,4.083635360051458e-09,2.1995398413255355e-12,5.56108649908741e-13,1.2371045977551074e-12,3.120098874161746e-21,1.9304115338714574e-16
4.599,548,101324.99999999999,2.771e-08,0.066,0.29999999999999993,0.6339999999999998,0.22000000000000003,548.0,1e-11,1e-22,IdealGasReactor,off,0.6308763449010457,0.0,0.0,0.2828561788450846,0.030813583350103927,0.010268339856732795,7.770999690602318e-12,0.045185553039261944,0.0,0.00292681007228144,3.97702060994013e-11,0.5623342247072679,5.527472087937922e-09,1.3830161590072334e-07,1.2029342558411719e-07,1.0332328420184194e-05,0.4339602327903343,4.671838558704056e-05,4.103025154319652e-05,0.00057939496036221,5.059761803433337e-06,2.5602098863851215e-13,1.8900759102616045e-09,9.593068978470713e-05,0.0,0.0,0.0,0.0,0.0,0.0,0.0,0.0,0.0,0.0,0.0,0.0,-2.6816258729622214e-07,5.363251744280839e-07,1.7877505807650903e-07,1.4572588662854775e-16,-3.5755011629679364e-07,0.0,-4.078258740119921e-15,9.665822232942952e-22,9.283775347170472e-19,8.398619081324253e-21,1.8632077861634438e-17,3.297075747187364e-19,-3.271540681677852e-19,-4.061248162906378e-15,6.620789973584946e-21,-1.0246634786384684e-18,-1.9033034114965198e-21,-1.2981565738254078e-21,2.2069999796740503e-21,-1.9320628761951806e-22,4.060312002773235e-15,3.534719654398489e-07,2.6816258729622214e-07,5.05473567182241e-07,-5.363233323107237e-07,-4.582308512072802e-07,1.6582331155249053e-10,1.2764864698865383e-07,7.607854425228388e-08,7.776733751829429e-08,7.607854425228388e-08,1.7867669592398098e-07,1.7867669592398098e-07,-1.4572588662854775e-16,3.573533933326298e-07,-1.9216741111979192e-16,3.3712831783496786e-19,-1.4856329028961757e-15,3.5735339576348224e-07,1.2140603736020266e-13,6.266662885425628e-12,7.966014593958316e-11,-2.3513864473348628e-11,-1.2241709444510623e-19,3.571300167580378e-07,6.266662885425628e-12,7.966014593958316e-11,-1.7252516074308352e-07,2.233749451324204e-10,-1.7855168313137914e-07,-6.249897333425498e-09,-6.2498973330983435e-09,-1.929126106962815e-16,4.080296744442549e-09,1.2490819162330912e-20,-1.8421173602195975e-12,4.0781508569447705e-09,2.1965852511728227e-12,5.556651362660766e-13,1.2355615684835367e-12,3.1162396137303827e-21,1.9291241748999389e-16
4.608,548,101325.0,2.771e-08,0.066,0.29999999999999993,0.6339999999999998,0.22000000000000003,548.0,1e-11,1e-22,IdealGasReactor,off,0.6308709525079486,0.0,0.0,0.2828281187487672,0.030864604758481882,0.010285347017251313,7.78487235280442e-12,0.04515097695976633,0.0,0.0029259627883191372,3.973689723275864e-11,0.5624923208866984,5.526115892478145e-09,1.384900121523545e-07,1.2031383404295186e-07,1.0337074184239726e-05,0.4338036654525347,4.66946181832526e-05,4.0986977139412024e-05,0.0005788395712085348,5.0580471293092745e-06,2.557816906285208e-13,1.8904724582485098e-09,9.58683241758241e-05,0.0,0.0,0.0,0.0,0.0,0.0,0.0,0.0,0.0,0.0,0.0,0.0,-2.6798079503970347e-07,5.35961591032866e-07,1.7865386324397989e-07,1.4567310194954323e-16,-3.5730772665684734e-07,0.0,-9.853579503990809e-15,-1.389460747905794e-20,1.093978946052009e-17,1.5858069279740316e-19,-1.0991053466155294e-15,-1.6581728733686997e-18,1.6444607003544082e-18,-1.0931124111661819e-14,4.391131054407117e-20,3.42661471091825e-17,2.5620037314819047e-20,3.37656418513853e-20,-3.658671886465094e-20,2.531222329459159e-21,1.092003033764678e-14,3.5323505458877743e-07,2.6798079503970347e-07,5.050821007481891e-07,-5.359597512239909e-07,-4.579263016498028e-07,1.656068397517749e-10,1.2761959248769304e-07,7.600116595791827e-08,7.77087130951432e-08,7.600116595791827e-08,1.7855563010665747e-07,1.7855563010665747e-07,-1.4567310194954323e-16,3.5711126169658795e-07,-1.9189613480137957e-16,3.3671164504181356e-19,-1.4843415669621354e-15,3.571112709988e-07,1.2132377631665476e-13,6.2574716146925926e-12,7.956426991930996e-11,-2.3467582217187787e-11,-1.2225564044907206e-19,3.5688810597341447e-07,6.2574716146925926e-12,7.956426991930996e-11,-1.7240645843516665e-07,2.2315410535521768e-10,-1.7843070913861095e-07,-6.247404808813233e-09,-6.247404810457693e-09,-1.9278117831439173e-16,4.0748153274756485e-09,1.2475165547916944e-20,-1.8398088750950888e-12,4.072672068069895e-09,2.1936337401018966e-12,5.55221739855713e-13,1.2340200126490206e-12,3.1123839662571194e-21,1.927837095367212e-16
4.617,548,101325.0,2.771e-08,0.066,0.29999999999999993,0.6339999999999998,0.22000000000000003,548.0,1e-11,1e-22,IdealGasReactor,off,0.6308655638641173,0.0,0.0,0.2828000781622946,0.03091559069229311,0.010302342352896848,7.798739772734815e-12,0.04511642492059968,0.0,0.0029251152352192844,3.9703609879971627e-11,0.5626504032812819,5.5247594651514715e-09,1.3867810450772918e-07,1.203340728149138e-07,1.0341809063254523e-05,0.4336471117064477,4.667085121224908e-05,4.0943738980745436e-05,0.000578284604948939,5.05633229644865e-06,2.555425760135017e-13,1.8908690392258354e-09,9.580597278448866e-05,0.0,0.0,0.0,0.0,0.0,0.0,0.0,0.0,0.0,0.0,0.0,0.0,-2.6779904766322514e-07,5.355980951806651e-07,1.7853269831580603e-07,1.4562032204090344e-16,-3.5706539678728275e-07,0.0,2.180674576741498e-16,-2.700263010313231e-23,-9.889772730158492e-18,4.49944541216115e-22,1.0148513499290586e-19,-4.817499887508833e-21,4.743053632379061e-21,2.2827831743056973e-16,-9.987458687528384e-22,1.090294587918124e-19,-1.0201504191826767e-20,-1.5587184667796115e-23,-3.133833883009456e-22,6.2895581685241485e-24,-2.1832528415836647e-16,3.5299819779537576e-07,2.6779904766322514e-07,5.046907697627245e-07,-5.355962576780184e-07,-4.576218245796774e-07,1.6539059537673483e-10,1.2759049951841887e-07,7.592382842880272e-08,7.765010553047153e-08,7.592382842880272e-08,1.784345940651786e-07,1.784345940651786e-07,-1.4562032204090344e-16,3.568691896121612e-07,-1.9162518027793675e-16,3.3629539125090904e-19,-1.4830508362607941e-15,3.5686918775645893e-07,1.2124153550510262e-13,6.248291080745472e-12,7.946848612277588e-11,-2.3421380833045304e-11,-1.2209436419580246e-19,3.5664625458475843e-07,6.248291080745472e-12,7.946848612277588e-11,-1.7228778582366228e-07,2.22933390025781e-10,-1.7830976492578018e-07,-6.244912492143752e-09,-6.244912492148495e-09,-1.9265502334481004e-16,4.069339625604447e-09,1.2459527236775138e-20,-1.8375026466650038e-12,4.067198991906999e-09,2.1906853072929174e-12,5.547784610895291e-13,1.2324799300245826e-12,3.108531931378327e-21,1.9265502963436821e-16
4.626,548,101325.0,2.771e-08,0.066,0.29999999999999993,0.6339999999999998,0.22000000000000003,548.0,1e-11,1e-22,IdealGasReactor,off,0.6308601789684564,0.0,0.0,0.28277205707997044,0.03096654116189486,0.010319325867122807,7.812601951217501e-12,0.04508189691474301,0.0,0.002924267413450294,3.967034404034308e-11,0.5628084717912634,5.523402806419928e-09,1.388658931121374e-07,1.2035414209021052e-07,1.0346533063769784e-05,0.4334905716514007,4.6647084686268105e-05,4.090053705704822e-05,0.000577730061488674,5.054617305904331e-06,2.553036447540895e-13,1.891265653226576e-09,9.574363565490925e-05,0.0,0.0,0.0,0.0,0.0,0.0,0.0,0.0,0.0,0.0,0.0,0.0,-2.676173452591405e-07,5.352346905032865e-07,1.784115633777817e-07,1.4556754693596444e-16,-3.568231269366952e-07,0.0,-1.9880469793970777e-14,2.554534643674932e-21,-1.3842662529371962e-17,-4.2048492799845606e-21,-1.3067050222350003e-16,5.815410578492806e-20,-4.9981561332904144e-20,-1.9975428503709142e-14,-3.601512378235792e-21,2.1625133283477725e-17,-1.3888433570599226e-20,-3.3349337358723848e-21,1.4424832919374888e-21,5.634290861053581e-22,1.9989370345824502e-14,3.527613953105283e-07,2.676173452591405e-07,5.042995744270434e-07,-5.352328553046124e-07,-4.5731742015068137e-07,1.651745783120485e-10,1.2756136809743822e-07,7.584653170260214e-08,7.759151485557923e-08,7.584653170260214e-08,1.783135878612734e-07,1.783135878612734e-07,-1.4556754693596444e-16,3.566271772029172e-07,-1.9135454734177924e-16,3.3587955626345827e-19,-1.4817607114347283e-15,3.5662719555240585e-07,1.2115931496748933e-13,6.239121277054624e-12,7.937279451043656e-11,-2.3375260208875763e-11,-1.2193326558558995e-19,3.564044627637621e-07,6.239121277054624e-12,7.937279451043656e-11,-1.721691429928186e-07,2.2271279927338644e-10,-1.7818885057851648e-07,-6.242420384963113e-09,-6.242420384913131e-09,-1.925258144244068e-16,4.063869636579277e-09,1.2443904223136566e-20,-1.8351986740804782e-12,4.061731626166938e-09,2.1877399515109307e-12,5.543353002752979e-13,1.2309413201491204e-12,3.104683508131424e-21,1.9252637785349292e-16
4.635,548,101324.99999999999,2.771e-08,0.066,0.29999999999999993,0.6339999999999998,0.22000000000000003,548.0,1e-11,1e-22,IdealGasReactor,off,0.630854797819869,0.0,0.0,0.2827440554960851,0.03101745617766927,0.010336297563389637,7.82645888907775e-12,0.045047392935160614,0.0,0.002923419323623479,3.963709971508478e-11,0.5629665263438133,5.5220459170115065e-09,1.3905337811570996e-07,1.2037404206405574e-07,1.0351246192251765e-05,0.4333340453596206,4.662331861982308e-05,4.085737136014321e-05,0.0005771759407612012,5.052902158689721e-06,2.5506489681380466e-13,1.891662300165002e-09,9.568131282994863e-05,0.0,0.0,0.0,0.0,0.0,0.0,0.0,0.0,0.0,0.0,0.0,0.0,-2.674356879458111e-07,5.348713757460364e-07,1.7829045851279198e-07,1.45514776658949e-16,-3.5658091716422516e-07,0.0,1.209549879963789e-16,5.882465461267056e-24,6.95848833258322e-18,-3.679514726244169e-22,1.1540823906339842e-19,3.705769144237564e-22,-4.18553389951832e-22,1.1415292300067775e-16,6.8242935698862885e-22,1.211551466471509e-19,7.021821109379362e-21,1.1420262332060238e-22,7.435921825720671e-23,3.961577227270552e-24,-1.2115543764024311e-16,3.5252464719527556e-07,2.674356879458111e-07,5.03908514990928e-07,-5.348695428490798e-07,-4.570130885610369e-07,1.6495878845825035e-10,1.275321982537656e-07,7.576927582429623e-08,7.753294110925134e-08,7.576927582429623e-08,1.7819261157397285e-07,1.7819261157397285e-07,-1.45514776658949e-16,3.563852246268865e-07,-1.9108423578072232e-16,3.3546413990126944e-19,-1.4804711931049328e-15,3.56385222888278e-07,1.2107711475751428e-13,6.229962197695027e-12,7.927719505041381e-11,-2.332922023508984e-11,-1.2177234451700217e-19,3.5616273067621127e-07,6.229962197695027e-12,7.927719505041381e-11,-1.7205053002436522e-07,2.2249233322217802e-10,-1.7806796617956975e-07,-6.239928488426759e-09,-6.239928488426341e-09,-1.9239775032197135e-16,4.058405358493522e-09,1.2428296502435845e-20,-1.8328969566677723e-12,4.056269968949582e-09,2.1847976717312904e-12,5.538922577745492e-13,1.2294041826807015e-12,3.100838695858303e-21,1.9239775428354858e-16
4.644,548,101324.99999999997,2.771e-08,0.066,0.29999999999999993,0.6339999999999998,0.22000000000000003,548.0,1e-11,1e-22,IdealGasReactor,off,0.6308494204172558,0.0,0.0,0.2827160734049164,0.03106833575002134,0.010353257445164899,7.840310587142423e-12,0.045012912974801325,0.0,0.0029225709665013136,3.960387690743721e-11,0.5631245668949549,5.520688797938689e-09,1.3924055967689864e-07,1.2039377293689486e-07,1.035594845507853e-05,0.43317753287429983,4.659955302981631e-05,4.081424188391532e-05,0.0005766222427292265,5.051186855772604e-06,2.548263321590811e-13,1.892058979827557e-09,9.561900435094598e-05,0.0,0.0,0.0,0.0,0.0,0.0,0.0,0.0,0.0,0.0,0.0,0.0,-2.6725407586906266e-07,5.345081514148576e-07,1.7816938380037244e-07,1.4546201122431487e-16,-3.563387676068349e-07,0.0,7.14050772838299e-15,1.687416650213892e-21,1.7574802343935043e-17,1.0800851348409736e-21,1.779224998838772e-16,-2.211285387925758e-19,2.1630193991832887e-19,7.178732755303774e-15,1.0021744677683853e-20,-1.216960873569179e-16,1.5799133341943098e-20,5.026414690966757e-22,-5.793914229640769e-21,-5.73469485494755e-23,-7.196419514385126e-15,3.522879535880702e-07,2.6725407586906266e-07,5.035175917554837e-07,-5.345063208173637e-07,-4.5670883005557696e-07,1.6474322573258554e-10,1.2750299002956133e-07,7.569206084652832e-08,7.747438433819138e-08,7.569206084652832e-08,1.7807166530050702e-07,1.7807166530050702e-07,-1.4546201122431487e-16,3.561433320785307e-07,-1.9081424537759918e-16,3.3504914200768285e-19,-1.4791822818679044e-15,3.561433232768252e-07,1.209949349412426e-13,6.22081383737027e-12,7.918168771887893e-11,-2.3283260804628704e-11,-1.2161160088658128e-19,3.559210584812542e-07,6.22081383737027e-12,7.918168771887893e-11,-1.719319469971078e-07,2.2227199199049025e-10,-1.7794711180837715e-07,-6.237436803264645e-09,-6.2374368034809466e-09,-1.9226921638094796e-16,4.052946789847456e-09,1.2412704071365018e-20,-1.830597493939428e-12,4.050814018764682e-09,2.1818584671498973e-12,5.534493340053641e-13,1.2278685174018407e-12,3.0969974942199984e-21,1.922691590339994e-16
4.653,548,101324.99999999997,2.771e-08,0.066,0.29999999999999993,0.6339999999999998,0.22000000000000003,548.0,1e-11,1e-22,IdealGasReactor,off,0.6308440467595149,0.0,0.0,0.2826881108007317,0.03111917988937386,0.01037020551592353,7.85415704624085e-12,0.04497845702660177,0.0,0.0029217223427739037,3.95706756196047e-11,0.5632825933872594,5.5193314500780365e-09,1.394274379511488e-07,1.204133349068818e-07,1.0360639858684104e-05,0.4330210342521713,4.6575787931988136e-05,4.077114862116519e-05,0.0005760689673402825,5.049471398140138e-06,2.5458795075444633e-13,1.8924556920614535e-09,9.555671025981814e-05,0.0,0.0,0.0,0.0,0.0,0.0,0.0,0.0,0.0,0.0,0.0,0.0,-2.67072509161274e-07,5.341450182139929e-07,1.7804833932134958e-07,1.4540925065107384e-16,-3.5609667878020473e-07,0.0,4.548428951375058e-15,5.482496604854295e-22,3.3181416285786498e-18,4.0031357780914893e-22,-3.683333359047166e-17,-1.1969634335887332e-19,1.197178500547997e-19,4.503549802365489e-15,5.553567747084656e-21,-4.573466563266093e-18,1.4607514844126714e-21,1.866274558284484e-21,2.3667984384782976e-21,-1.266313651183528e-22,-4.506891113896529e-15,3.5205131500629355e-07,2.67072509161274e-07,5.03126804996438e-07,-5.341431899137075e-07,-4.5640464485629864e-07,1.6452789004373147e-10,1.274737434608345e-07,7.561488681805761e-08,7.741584458520894e-08,7.561488681805761e-08,1.779507491291921e-07,1.779507491291921e-07,-1.4540925065107384e-16,3.5590149973446353e-07,-1.9054457591699265e-16,3.346345624146894e-19,-1.4778939783284244e-15,3.559014936094229e-07,1.2091277557868274e-13,6.211676190457858e-12,7.908627248790813e-11,-2.32373818092654e-11,-1.21451034591451e-19,3.556794463406154e-07,6.211676190457858e-12,7.908627248790813e-11,-1.7181339399094512e-07,2.220517756986066e-10,-1.77826287545651e-07,-6.234945330404464e-09,-6.234945330524182e-09,-1.9214071883587152e-16,4.047493928946828e-09,1.2397126925969454e-20,-1.828300285312716e-12,4.045363773911165e-09,2.1789223368476408e-12,5.53006529357806e-13,1.2263343240307567e-12,3.0931599027123633e-21,1.921405922045064e-16
4.662,548,101325.0,2.771e-08,0.066,0.29999999999999993,0.6339999999999998,0.22000000000000003,548.0,1e-11,1e-22,IdealGasReactor,off,0.6308386768455424,0.0,0.0,0.2826601676777864,0.031169988606172677,0.010387141779147577,7.867998267203936e-12,0.04494402508348307,0.0,0.0029208734529370603,3.9537495851142964e-11,0.5634406057256741,5.517973873939735e-09,1.3961401308445894e-07,1.2043272816587578e-07,1.0365320409646907e-05,0.43286454958782783,4.6552023338999425e-05,4.0728091561984456e-05,0.000575516114503544,5.047755786840951e-06,2.54349752560575e-13,1.892852436878939e-09,9.549443060043339e-05,0.0,0.0,0.0,0.0,0.0,0.0,0.0,0.0,0.0,0.0,0.0,0.0,-2.668909879191158e-07,5.3378197569675e-07,1.7792732516081126e-07,1.4535649497096886e-16,-3.558546504619928e-07,0.0,2.203416683456337e-16,1.3287092859318502e-24,5.013361698854748e-18,-3.250715905486644e-22,-3.843200239929574e-18,-5.108667463127499e-21,5.118593630478135e-21,2.114753840574738e-16,6.80843860165105e-22,5.286054851071397e-20,5.11307963159016e-21,2.0963858649390795e-23,-7.105842196089552e-24,4.631539291223423e-24,-2.1652026718412764e-16,3.518147312298525e-07,2.668909879191158e-07,5.027361549225573e-07,-5.3378014969142e-07,-4.56100533124505e-07,1.643127812784079e-10,1.274444585667277e-07,7.553775377754497e-08,7.735732188280884e-08,7.553775377754497e-08,1.7782986312464866e-07,1.7782986312464866e-07,-1.4535649497096886e-16,3.5565972772395076e-07,-1.9027522718977774e-16,3.3422040092592996e-19,-1.4766062831216242e-15,3.556597258924654e-07,1.2083063671374253e-13,6.2025492505049364e-12,7.89909493190122e-11,-2.3191583137687666e-11,-1.2129064553123128e-19,3.554378944245119e-07,6.2025492505049364e-12,7.89909493190122e-11,-1.7169487108948494e-07,2.2183168447379255e-10,-1.7770549347633748e-07,-6.23245407132631e-09,-6.232454071331429e-09,-1.9201204923722768e-16,4.042046773539034e-09,1.2381565060632892e-20,-1.8260053299593177e-12,4.03991923214035e-09,2.175989279613135e-12,5.5256384414814e-13,1.2248016021210828e-12,3.0893259204097376e-21,1.9201205386876697e-16
4.670999999999999,548,101324.99999999997,2.771e-08,0.066,0.29999999999999993,0.6339999999999998,0.22000000000000003,548.0,1e-11,1e-22,IdealGasReactor,off,0.6308333106742317,0.0,0.0,0.282632244030323,0.031220761910886553,0.010404066238326138,7.881834250864123e-12,0.04490961713835074,0.0,0.002920024297717351,3.950433760469605e-11,0.5635986038595658,5.516616070468125e-09,1.3980028523460067e-07,1.2045195291361343e-07,1.0369990114402896e-05,0.43270807893116375,4.65282592671583e-05,4.0685070699606936e-05,0.0005749636841728483,5.0460400228522195e-06,2.541117375424516e-13,1.8932492140970023e-09,9.543216541429416e-05,0.0,0.0,0.0,0.0,0.0,0.0,0.0,0.0,0.0,0.0,0.0,0.0,-2.6670951228126763e-07,5.334190244122227e-07,1.778063413986889e-07,1.4530374420071142e-16,-3.5561268294797734e-07,0.0,6.944189696168528e-16,9.430672739839274e-24,-2.118647660282011e-18,1.0091167860937568e-22,4.996117960261084e-18,1.4002513409297652e-20,-1.3542600988718169e-20,7.047373314200413e-16,-3.2789279942372545e-22,3.1658179799745034e-18,-2.0859550285574935e-21,2.3678045034330417e-22,-3.686754826780403e-22,4.5378450982189653e-23,-7.026058019078985e-16,3.515782025561437e-07,2.6670951228126763e-07,5.023456418211488e-07,-5.334172006995954e-07,-4.5579649509292114e-07,1.6409789934885928e-10,1.2741513538649652e-07,7.546066177539824e-08,7.729881627560331e-08,7.546066177539824e-08,1.7770900737937229e-07,1.7770900737937229e-07,-1.4530374420071142e-16,3.5541801623197103e-07,-1.900061989790641e-16,3.338066573778636e-19,-1.4753191968446532e-15,3.5541801390870376e-07,1.2074851840927024e-13,6.193433012021075e-12,7.88957181860096e-11,-2.3145864682392226e-11,-1.2113043360238194e-19,3.5519640289287514e-07,6.193433012021075e-12,7.88957181860096e-11,-1.7157637837183076e-07,2.2161171843441778e-10,-1.7758472968025492e-07,-6.229963026858129e-09,-6.229963026844587e-09,-1.9188349875259203e-16,4.036605322005314e-09,1.2366018471666008e-20,-1.8237126273355554e-12,4.034480391833626e-09,2.173059294572526e-12,5.521212787791753e-13,1.2232703514170819e-12,3.0854955468745823e-21,1.9188354413104302e-16
4.68,548,101325.00000000003,2.771e-08,0.066,0.29999999999999993,0.6339999999999998,0.22000000000000003,548.0,1e-11,1e-22,IdealGasReactor,off,0.6308279482444745,0.0,0.0,0.28260433985257294,0.031271499814004296,0.010420978896955571,7.895664998055946e-12,0.04487523318409679,0.0,0.0029191748776566796,3.9471200880371e-11,0.5637565877028814,5.5152580402596336e-09,1.3998625455068025e-07,1.2047100934385085e-07,1.0374648979525758e-05,0.43255162236771755,4.650449572985389e-05,4.064208602466022e-05,0.0005744116762653107,5.044324107207283e-06,2.538739056611995e-13,1.893646023690095e-09,9.536991474471657e-05,0.0,0.0,0.0,0.0,0.0,0.0,0.0,0.0,0.0,0.0,0.0,0.0,-2.6652808235247727e-07,5.330561645314973e-07,1.7768538811897573e-07,1.4525099836899886e-16,-3.553707763292609e-07,0.0,4.551243409569924e-13,-2.201808218379615e-21,9.531010939460067e-18,1.9243376406595366e-19,2.8250242856825425e-17,-1.259670341465153e-18,1.0683864791734905e-18,4.550975861491496e-13,-2.5300272362609803e-19,-4.382454875950041e-17,1.0558021115905557e-19,1.6946350981676137e-19,-2.8469608499945607e-20,-1.1346611611894768e-20,-4.55107302613342e-13,3.5134172907840856e-07,2.6652808235247727e-07,5.019552659158126e-07,-5.330543431093207e-07,-4.554925309365443e-07,1.6388324414635171e-10,1.273857739434695e-07,7.538361085245319e-08,7.724032779842931e-08,7.538361085245319e-08,1.7758818196337206e-07,1.7758818196337206e-07,-1.4525099836899886e-16,3.5517636539857223e-07,-1.8973749107360497e-16,3.3339333157975514e-19,-1.4740327201225007e-15,3.5517590868394677e-07,1.2066642071283498e-13,6.1843274687252255e-12,7.880057905264945e-11,-2.3100226332929783e-11,-1.2097039870357436e-19,3.549549719135441e-07,6.1843274687252255e-12,7.880057905264945e-11,-1.714579159206223e-07,2.2139187770527592e-10,-1.7746399624107915e-07,-6.227472198353409e-09,-6.227472199421796e-09,-1.9176640968252393e-16,4.031169572209345e-09,1.2350487153792712e-20,-1.821422176663571e-12,4.0290472508523495e-09,2.1701323805725392e-12,5.516788335836816e-13,1.2217405715060684e-12,3.081668781267341e-21,1.9175506307091203e-16
4.688999999999999,548,101325.0,2.771e-08,0.066,0.29999999999999993,0.6339999999999998,0.22000000000000003,548.0,1e-11,1e-22,IdealGasReactor,off,0.6308225895551601,0.0,0.0,0.2825764551387566,0.0313222023260353,0.010437879758539407,7.909490509615905e-12,0.04484087321359923,0.0,0.0029183251935303183,3.943808568141e-11,0.563914557214316,5.513899784350143e-09,1.4017192119337182e-07,1.204898976581274e-07,1.0379297011429377e-05,0.43239517993799764,4.648073274410857e-05,4.0599137530963494e-05,0.0005738600907429874,5.042608040868902e-06,2.5363625688228747e-13,1.8940428654318516e-09,9.530767863251265e-05,0.0,0.0,0.0,0.0,0.0,0.0,0.0,0.0,0.0,0.0,0.0,0.0,-2.663466982799358e-07,5.32693396414637e-07,1.7756446539982817e-07,1.4519825748938611e-16,-3.551289309432623e-07,0.0,1.1624341024066871e-17,-8.809899116234736e-25,1.7229555745032796e-18,-1.560807523418853e-22,4.706326813181706e-20,1.1143777212314389e-20,-1.1051960164321003e-20,1.0079827729946633e-17,-1.0057767020111474e-22,1.3906678921168094e-19,2.050464012348532e-21,9.282517436493507e-23,-2.9456813834014743e-22,-1.1977629840207036e-23,-1.1813142155448744e-17,3.511053111355687e-07,2.663466982799358e-07,5.015650275095279e-07,-5.326915772806595e-07,-4.5518864090271306e-07,1.6366881558798966e-10,1.2735637428111843e-07,7.530660106123076e-08,7.71818564982701e-08,7.530660106123076e-08,1.7746738697469556e-07,1.7746738697469556e-07,-1.4519825748938611e-16,3.549347754197655e-07,-1.8946910325454387e-16,3.329804233740178e-19,-1.4727468535407131e-15,3.549347737941133e-07,1.2058434369105743e-13,6.1752326152979994e-12,7.870553189508254e-11,-2.3054667982674008e-11,-1.208105407303116e-19,3.5471360164352446e-07,6.1752326152979994e-12,7.870553189508254e-11,-1.7133948381334258e-07,2.2117216240199573e-10,-1.7734329323742625e-07,-6.2249815864855755e-09,-6.2249815864745235e-09,-1.9162662277644737e-16,4.025739522641449e-09,1.2334971103689819e-20,-1.819133977453588e-12,4.0236198076935975e-09,2.1672085368014944e-12,5.512365089812061e-13,1.2202122621673504e-12,3.0778456232394914e-21,1.9162661079881753e-16
4.6979999999999995,548,101325.00000000003,2.771e-08,0.066,0.29999999999999993,0.6339999999999998,0.22000000000000003,548.0,1e-11,1e-22,IdealGasReactor,off,0.6308172346051749,0.0,0.0,0.282548589883081,0.03137286945751222,0.010454768826588195,7.923310786381961e-12,0.04480653721972028,0.0,0.002917475245860989,3.9404992007598036e-11,0.5640725123040701,5.512541303298936e-09,1.4035728531147616e-07,1.2050861805001086e-07,1.0383934216734175e-05,0.4322387517313131,4.645697032302515e-05,4.055622520879643e-05,0.0005733089275184555,5.040891824876295e-06,2.533987911661785e-13,1.8944397393150353e-09,9.524545712118165e-05,0.0,0.0,0.0,0.0,0.0,0.0,0.0,0.0,0.0,0.0,0.0,0.0,-2.661653601645256e-07,5.323307201586768e-07,1.7744357332584664e-07,1.4514552159183805e-16,-3.548871467581729e-07,0.0,2.053302940284031e-15,-9.85441562670888e-22,7.48537313549961e-18,3.3352588188174252e-21,2.5275992541660356e-17,-1.2361387073992446e-20,1.0173494353789687e-20,2.0398522192090326e-15,4.555544752600039e-22,-3.113291907881758e-17,6.070506051600127e-21,5.90994698274996e-22,2.6298631197102245e-21,-8.01148868035604e-23,-2.04739044661897e-15,3.5086894869802536e-07,2.661653601645256e-07,5.011749268184121e-07,-5.32328903310648e-07,-4.5488482515978974e-07,1.6345461356233432e-10,1.2732693642129578e-07,7.52296324414442e-08,7.712340240887537e-08,7.52296324414442e-08,1.773466224808525e-07,1.773466224808525e-07,-1.4514552159183805e-16,3.546932464306518e-07,-1.8920103531081214e-16,3.325679325663134e-19,-1.4714615977257461e-15,3.5469324277670466e-07,1.2050228738980858e-13,6.166148445359992e-12,7.86105766758117e-11,-2.300918952100095e-11,-1.2065085958128992e-19,3.5447229225144557e-07,6.166148445359992e-12,7.86105766758117e-11,-1.7122108213317163e-07,2.2095257264954307e-10,-1.772226207531949e-07,-6.222491192674994e-09,-6.222491192685168e-09,-1.914982675064363e-16,4.0203151710988654e-09,1.2319470315872473e-20,-1.816848028896929e-12,4.018198060147502e-09,2.1642877620682034e-12,5.507943052966025e-13,1.218685422967909e-12,3.0740260718995233e-21,1.9149818739154948e-16
4.706999999999999,548,101324.99999999997,2.771e-08,0.066,0.29999999999999993,0.6339999999999998,0.22000000000000003,548.0,1e-11,1e-22,IdealGasReactor,off,0.6308118833934041,0.0,0.0,0.28252074407974276,0.03142350121898792,0.010471646104619689,7.937125829194114e-12,0.04477222519530852,0.0,0.0029166250353975663,3.9371919861748786e-11,0.5642304529258316,5.511182598091313e-09,1.405423470650934e-07,1.2052717072060456e-07,1.0388560601904602e-05,0.43208233779321237,4.643320848322157e-05,4.051334905151875e-05,0.0005727581865476621,5.039175460199486e-06,2.531615084774696e-13,1.8948366451372507e-09,9.518325025176084e-05,0.0,0.0,0.0,0.0,0.0,0.0,0.0,0.0,0.0,0.0,0.0,0.0,-2.659840681482292e-07,5.319681361609223e-07,1.7732271197588417e-07,1.4509279069160402e-16,-3.546454241018866e-07,0.0,-1.2018652518011103e-14,3.485698628684103e-22,-4.0049023025276255e-18,3.3740088026752513e-21,-9.5824837322879e-18,2.5974794723145154e-19,-2.5655503006699685e-19,-1.202292663468242e-14,2.1270857565282867e-21,9.926219526022821e-19,-5.002874576683983e-21,2.3359063510614656e-21,-6.907504734781417e-22,2.7776605832798534e-22,1.2026954069473913e-14,3.506326420952676e-07,2.659840681482292e-07,5.007849641354087e-07,-5.319663215965918e-07,-4.545810839461938e-07,1.632406379829097e-10,1.272974604053848e-07,7.51527050440993e-08,7.706496557574946e-08,7.51527050440993e-08,1.7722588857649213e-07,1.7722588857649213e-07,-1.4509279069160402e-16,3.5445177862051065e-07,-1.889332870238792e-16,3.3215585899428545e-19,-1.470176953265252e-15,3.5445178903081853e-07,1.2042025187339993e-13,6.157074953459758e-12,7.851571336932237e-11,-2.2963790840974148e-11,-1.2049135515207565e-19,3.542310438953006e-07,6.157074953459758e-12,7.851571336932237e-11,-1.711027109582041e-07,2.2073310856388376e-10,-1.7710197886732348e-07,-6.220001017680091e-09,-6.220001017423536e-09,-1.9136951518973118e-16,4.014896515980886e-09,1.2303984786742701e-20,-1.8145643304633112e-12,4.012782006619028e-09,2.161370055511395e-12,5.503522229386812e-13,1.2171600536601703e-12,3.070210126830352e-21,1.9136979295578951e-16
4.715999999999999,548,101325.0,2.771e-08,0.066,0.29999999999999993,0.6339999999999998,0.22000000000000003,548.0,1e-11,1e-22,IdealGasReactor,off,0.6308065359187295,0.0,0.0,0.2824929177229259,0.031474097621037034,0.010488511596158719,7.950935638894098e-12,0.04473793713319774,0.0,0.0029157745626667087,3.9338869243639635e-11,0.5643883789905616,5.509823669294037e-09,1.407271066038403e-07,1.2054555586374242e-07,1.0393176173566526e-05,0.43192593821224134,4.6409447237805135e-05,4.047050904937414e-05,0.0005722078677426095,5.037458947876968e-06,2.5292440877617916e-13,1.895233582886373e-09,9.512105806750108e-05,0.0,0.0,0.0,0.0,0.0,0.0,0.0,0.0,0.0,0.0,0.0,0.0,-2.6580282233229566e-07,5.316056445197097e-07,1.7720188143373685e-07,1.4504006481839184e-16,-3.5440376301284477e-07,0.0,1.4537412399383028e-16,-7.188404401046268e-23,-5.170462549941757e-19,6.021389082495435e-22,-1.6135977645194421e-19,-1.9852334701272664e-20,1.969268884304993e-20,1.4552700020591988e-16,-1.2442070707149394e-22,-1.8743271009631703e-19,-5.774938424422305e-22,-3.313892329040567e-23,-1.9755958151927755e-22,6.259769942578291e-24,-1.4500746589925728e-16,3.50396391367953e-07,2.6580282233229566e-07,5.003951396770529e-07,-5.316038322368283e-07,-4.542774174310434e-07,1.630268887381675e-10,1.272679462555778e-07,7.507581890873302e-08,7.700654603266539e-08,7.507581890873302e-08,1.7710518532927342e-07,1.7710518532927342e-07,-1.4504006481839184e-16,3.542103721246499e-07,-1.8866585818209082e-16,3.317442024630897e-19,-1.468892920780904e-15,3.5421037036798e-07,1.2033823718780395e-13,6.148012133201398e-12,7.842094193805717e-11,-2.291847183212648e-11,-1.2033202734095343e-19,3.539898567427186e-07,6.148012133201398e-12,7.842094193805717e-11,-1.709843703708443e-07,2.2051377026886326e-10,-1.7698136766346783e-07,-6.217511062892551e-09,-6.217511062912243e-09,-1.9124142130879367e-16,4.009483555074638e-09,1.2288514510806128e-20,-1.8122828813426536e-12,4.0073716448917255e-09,2.15845541593607e-12,5.499102622322169e-13,1.215636153808965e-12,3.0663977871339467e-21,1.9124142756856362e-16
4.724999999999999,548,101325.0,2.771e-08,0.066,0.29999999999999993,0.6339999999999998,0.22000000000000003,548.0,1e-11,1e-22,IdealGasReactor,off,0.6308011921800319,0.0,0.0,0.28246511080680337,0.03152465867425529,0.010505365304737226,7.964740216325494e-12,0.04470367302620749,0.0,0.0029149238283288884,3.930584015482456e-11,0.5645462904349362,5.508464517725247e-09,1.4091156408414866e-07,1.2056377367792564e-07,1.039778093827021e-05,0.4317695530510687,4.6385686601995186e-05,4.042770519441371e-05,0.000571657971041,5.035742288905755e-06,2.5268749202479904e-13,1.8956305524364346e-09,9.50588806102636e-05,0.0,0.0,0.0,0.0,0.0,0.0,0.0,0.0,0.0,0.0,0.0,0.0,-2.65621622842211e-07,5.312432454867359e-07,1.7708108178015999e-07,1.4498734399320754e-16,-3.541621636771911e-07,0.0,-6.831259966498663e-15,-5.841702476858498e-22,1.2224314504329842e-17,7.515194569521263e-21,5.276962321835088e-17,2.185080306120078e-19,-2.2227170239912407e-19,-6.8064602728255165e-15,2.3080313135758697e-21,-1.582228844888717e-17,1.3414048114629157e-20,7.805224561262085e-22,4.2156034813095386e-21,8.815150137181431e-23,6.794153142466606e-15,3.5016019670408224e-07,2.65621622842211e-07,5.000054537051414e-07,-5.31241435483055e-07,-4.5397382582467264e-07,1.628133657312008e-10,1.2723839400573843e-07,7.499897408162585e-08,7.694814382037416e-08,7.499897408162585e-08,1.7698451282293218e-07,1.7698451282293218e-07,-1.4498734399320754e-16,3.539690271105411e-07,-1.883987485692897e-16,3.3133296279670966e-19,-1.46760950087204e-15,3.53969032307333e-07,1.2025624338991674e-13,6.138959978740172e-12,7.832626235152204e-11,-2.2873232386215306e-11,-1.2017287604435896e-19,3.5374873095529683e-07,6.138959978740172e-12,7.832626235152204e-11,-1.7086606045083386e-07,2.2029455788303268e-10,-1.768607872222732e-07,-6.215021329326127e-09,-6.215021329103855e-09,-1.9111300317305604e-16,4.0040762865213866e-09,1.2273059483672684e-20,-1.8100036808877957e-12,4.001966973108828e-09,2.1555438423404692e-12,5.494684235518439e-13,1.2141137230883415e-12,3.0625890521922345e-21,1.9111309132455741e-16
4.733999999999999,548,101324.99999999999,2.771e-08,0.066,0.29999999999999993,0.6339999999999998,0.22000000000000003,548.0,1e-11,1e-22,IdealGasReactor,off,0.6307958521761888,0.0,0.0,0.2824373233255361,0.031575184389259506,0.010522207233894264,7.978539562333728e-12,0.04466943286714294,0.0,0.002914072833205547,3.927283259900307e-11,0.5647041872265667,5.5071051445057106e-09,1.4109571967070165e-07,1.2058182436729555e-07,1.0402374902475094e-05,0.4316131823412331,4.636192659355211e-05,4.038493748086673e-05,0.0005711084964115324,5.034025484233559e-06,2.524507581888585e-13,1.8960275535241167e-09,9.499671792026163e-05,0.0,0.0,0.0,0.0,0.0,0.0,0.0,0.0,0.0,0.0,0.0,0.0,-2.654404698325974e-07,5.308809396247556e-07,1.7696031309231933e-07,1.4493462822658884e-16,-3.539206264133407e-07,0.0,-2.0661540020679147e-14,3.792992903697464e-21,-1.6966220432191348e-17,-2.7762086308822295e-20,-1.0463429761167894e-16,-5.548065804515667e-20,8.439889226001052e-20,-2.0682348394188796e-14,-1.7841274657171382e-20,6.66149333796525e-17,-6.796591905094998e-21,-1.4337857599505478e-20,1.3257876556323298e-21,-7.96623113660568e-22,2.0699481525189425e-14,3.4992405842349493e-07,2.654404698325974e-07,4.996159065358427e-07,-5.30879131898027e-07,-4.5367030938697316e-07,1.6260006888270048e-10,1.2720880370374762e-07,7.492217061717075e-08,7.688975898801818e-08,7.492217061717075e-08,1.7686387116052785e-07,1.7686387116052785e-07,-1.4493462822658884e-16,3.537277437843143e-07,-1.8813195796398373e-16,3.309221398418202e-19,-1.4663266941114871e-15,3.5372776285846896e-07,1.2017427054976432e-13,6.129918484894022e-12,7.823167458771782e-11,-2.282807239764769e-11,-1.200139011565558e-19,3.535076666874687e-07,6.129918484894022e-12,7.823167458771782e-11,-1.7074778127477906e-07,2.2007547151871918e-10,-1.7674023762082954e-07,-6.212531817540276e-09,-6.212531817624675e-09,-1.9098558096277592e-16,3.998674708891525e-09,1.2257619702281485e-20,-1.8077267286477398e-12,3.9965679898457895e-09,2.152635333955217e-12,5.490267073321496e-13,1.212592761303764e-12,3.0587839217239477e-21,1.9098478433966226e-16
4.742999999999999,548,101324.99999999999,2.771e-08,0.066,0.29999999999999993,0.6339999999999998,0.22000000000000003,548.0,1e-11,1e-22,IdealGasReactor,off,0.6307905159060758,0.0,0.0,0.28240955527327294,0.03162567477668896,0.010539037387175881,7.992333677765816e-12,0.04463521664879412,0.0,0.0029132215776396407,3.9239846573372255e-11,0.5648620692411549,5.5057455498559694e-09,1.4127957350499143e-07,1.2059970811991928e-07,1.0406958072959444e-05,0.4314568262067635,4.6338167222657145e-05,4.034220589631182e-05,0.0005705594437287281,5.0323085349546865e-06,2.522142072241091e-13,1.8964245862948474e-09,9.493457004241931e-05,0.0,0.0,0.0,0.0,0.0,0.0,0.0,0.0,0.0,0.0,0.0,0.0,-2.6525936337069815e-07,5.305187266006466e-07,1.768395754577279e-07,1.4488191756017463e-16,-3.536791510639394e-07,0.0,-9.104134283035222e-17,-8.843041928522244e-23,-3.9678114838814e-18,4.388972212173327e-22,-4.156867128209682e-18,-1.8343557263975942e-20,1.8226097616993412e-20,-9.159023837814648e-17,-1.6331061568757804e-22,-3.8566320528383793e-19,-3.95428703705699e-21,-1.0378531748126269e-22,2.7226345626141894e-23,8.892379900834266e-24,9.558213490558467e-17,3.4968797637158384e-07,2.6525936337069815e-07,4.992264983217593e-07,-5.305169211486231e-07,-4.5336686822931825e-07,1.623869980598786e-10,1.271791753560572e-07,7.484540854515777e-08,7.683139155954747e-08,7.484540854515777e-08,1.7674326038719152e-07,1.7674326038719152e-07,-1.4488191756017463e-16,3.534865222362228e-07,-1.878654861596414e-16,3.3051173337574537e-19,-1.4650445011454383e-15,3.534865207210913e-07,1.2009231869801204e-13,6.120887644461284e-12,7.813717859889903e-11,-2.2782991753176827e-11,-1.1985510257770756e-19,3.5326666411420387e-07,6.120887644461284e-12,7.813717859889903e-11,-1.706295329282821e-07,2.198565113053169e-10,-1.7661971894642248e-07,-6.210042529445811e-09,-6.210042529464037e-09,-1.908564977738258e-16,3.993278819450382e-09,1.2242195159526858e-20,-1.8054520235745821e-12,3.991174692355562e-09,2.149729889300166e-12,5.485851138273106e-13,1.2110732678601292e-12,3.054982394420735e-21,1.908565066662057e-16
4.751999999999999,548,101324.99999999997,2.771e-08,0.066,0.29999999999999993,0.6339999999999998,0.22000000000000003,548.0,1e-11,1e-22,IdealGasReactor,off,0.6307851833685666,0.0,0.0,0.282381806644152,0.0316761298472022,0.01055585576813532,8.00612256347093e-12,0.044601024363937966,0.0,0.0029123700624210658,3.9206882081137425e-11,0.5650199364402455,5.5043857348366765e-09,1.4146312575087507e-07,1.2061742513916493e-07,1.0411530456224657e-05,0.4313004846853057,4.631440850655389e-05,4.029951043444733e-05,0.0005700108129539788,5.0305914420265086e-06,2.519778390950197e-13,1.8968216505127765e-09,9.487243701716155e-05,0.0,0.0,0.0,0.0,0.0,0.0,0.0,0.0,0.0,0.0,0.0,0.0,-2.6507830360502354e-07,5.301566071123094e-07,1.7671886895398418e-07,1.4482921200655596e-16,-3.534377380355518e-07,0.0,-5.168450972444091e-15,2.8171479484675764e-21,9.24413284085548e-18,-2.9314708795548926e-20,-4.702218703387523e-17,4.1838133638442097e-19,-4.169759565236934e-19,-5.232380602158375e-15,3.388762271896203e-21,-7.971621774748217e-18,3.382889006819328e-21,5.554259319352158e-22,1.2072744306865508e-20,5.63547747696709e-23,5.223084254779027e-15,3.494519509564427e-07,2.6507830360502354e-07,4.988372293672602e-07,-5.301548039327443e-07,-4.530635026011629e-07,1.6217415317931524e-10,1.271495090079172e-07,7.476868791811396e-08,7.677304158231534e-08,7.476868791811396e-08,1.7662268060189667e-07,1.7662268060189667e-07,-1.4482921200655596e-16,3.532453626642018e-07,-1.8759933293528507e-16,3.301017432396012e-19,-1.4637629225488356e-15,3.5324536629133263e-07,1.2001038790190967e-13,6.11186745210185e-12,7.80427743611185e-11,-2.2737990346810158e-11,-1.1969648020217318e-19,3.530257233908928e-07,6.11186745210185e-12,7.80427743611185e-11,-1.7051131548829474e-07,2.1963767735555878e-10,-1.7649923127663002e-07,-6.207553465689439e-09,-6.207553465272463e-09,-1.9072820206081882e-16,3.987888616653763e-09,1.2226785852034338e-20,-1.8031795651711459e-12,3.9857870791091285e-09,2.1468275075493206e-12,5.481436434589455e-13,1.2095552425316094e-12,3.051184469920797e-21,1.907282584155936e-16
4.760999999999999,548,101325.0,2.771e-08,0.066,0.29999999999999993,0.6339999999999998,0.22000000000000003,548.0,1e-11,1e-22,IdealGasReactor,off,0.6307798545625317,0.0,0.0,0.28235407743229923,0.03172654961147961,0.010572662380332835,8.019906220299924e-12,0.04456685600533654,0.0,0.002911518288357271,3.917393912571106e-11,0.5651777887888285,5.50302570054114e-09,1.4164637657313358e-07,1.2063497562921603e-07,1.0416092058776263e-05,0.43114415781103865,4.629065046276171e-05,4.025685108917825e-05,0.0005694626040516659,5.028874206400298e-06,2.517416537662599e-13,1.8972187459263652e-09,9.481031888468115e-05,0.0,0.0,0.0,0.0,0.0,0.0,0.0,0.0,0.0,0.0,0.0,0.0,-2.6489729068704686e-07,5.297945812049548e-07,1.7659819365827964e-07,1.4477651157715698e-16,-3.531963875162045e-07,0.0,-1.3426948367414598e-15,-2.7517553741225135e-22,-2.4617067260721925e-17,1.229877110461218e-20,2.4199360726140937e-17,-2.761062710253002e-19,2.8686706361400255e-19,-1.263749470159395e-15,4.8627451120128674e-21,3.0104411124801494e-17,-2.79033662001435e-20,-1.5326105786959066e-21,-2.4009110097664463e-21,5.039305694556041e-22,1.2885185495937273e-15,3.4921598236759e-07,2.6489729068704686e-07,4.984480999822928e-07,-5.297927802956019e-07,-4.5276021275707e-07,1.6196153415923774e-10,1.2711980470617883e-07,7.469200878934142e-08,7.671470910452764e-08,7.469200878934142e-08,1.765021319056298e-07,1.765021319056298e-07,-1.4477651157715698e-16,3.5300426527026424e-07,-1.8733349806920625e-16,3.296921692765492e-19,-1.4624819588925086e-15,3.530042649302345e-07,1.1992847823007466e-13,6.102857902536407e-12,7.794846185123326e-11,-2.269306807289153e-11,-1.1953803392396594e-19,3.5278484467193483e-07,6.102857902536407e-12,7.794846185123326e-11,-1.7039312903140915e-07,2.1941896978112852e-10,-1.7637877468850927e-07,-6.205064626870504e-09,-6.205064627157371e-09,-1.9059953577089742e-16,3.9825040990223775e-09,1.221139177655244e-20,-1.800909352958076e-12,3.980405148614528e-09,2.143928187897471e-12,5.477022966546837e-13,1.2080386851043404e-12,3.0473901478930397e-21,1.9060003970146688e-16
4.77,548,101324.99999999996,2.771e-08,0.066,0.29999999999999993,0.6339999999999998,0.22000000000000003,548.0,1e-11,1e-22,IdealGasReactor,off,0.630774529486841,0.0,0.0,0.28232636763182883,0.03177693408022405,0.010589457227335676,8.03368464910525e-12,0.04453271156573688,0.0,0.0029106662557084107,3.914101770308009e-11,0.5653356261465796,5.501665447033639e-09,1.4182932611042574e-07,1.2065235977574127e-07,1.042064288747713e-05,0.43098784572411947,4.6266893100129686e-05,4.021422784680808e-05,0.0005689148168785802,5.027156829196621e-06,2.515056511913443e-13,1.897615872753768e-09,9.474821569060133e-05,0.0,0.0,0.0,0.0,0.0,0.0,0.0,0.0,0.0,0.0,0.0,0.0,-2.6471632466846e-07,5.294326491925123e-07,1.7647754965963324e-07,1.447238163190408e-16,-3.529550994525927e-07,0.0,3.0139712237774e-15,-1.518765578382773e-21,2.4425360882639735e-18,1.5934021563450127e-20,-2.983673556703273e-19,-2.370368763331956e-19,2.156691467497258e-19,3.0020460454363535e-15,3.043841184081249e-21,-8.888986459192519e-18,2.5036067189402216e-21,4.898873780268737e-21,-5.9121218597178355e-21,5.464153060001644e-23,-3.004516543094516e-15,3.489800705547188e-07,2.6471632466846e-07,4.980591102898524e-07,-5.294308505511265e-07,-4.5245699878196926e-07,1.6174914085689633e-10,1.2709006245027146e-07,7.461537118406094e-08,7.665639414562702e-08,7.461537118406094e-08,1.763816143331726e-07,1.763816143331726e-07,-1.447238163190408e-16,3.527632301239359e-07,-1.8706798135678943e-16,3.292830112507116e-19,-1.4612016108317304e-15,3.5276322551958117e-07,1.1984658970614026e-13,6.093858988183506e-12,7.785424101674645e-11,-2.2648224817035714e-11,-1.1937976364386997e-19,3.525440281353843e-07,6.093858988183506e-12,7.785424101674645e-11,-1.7027497364449976e-07,2.1920038871341324e-10,-1.7625834927089846e-07,-6.202576015133484e-09,-6.202576015349153e-09,-1.9047179592326209e-16,3.9771252635496296e-09,1.2196012925217254e-20,-1.7986413857759645e-12,3.975028897873916e-09,2.1410319287289537e-12,5.472610736361397e-13,1.2065235949077425e-12,3.043599426835271e-21,1.9047185056479269e-16
4.778999999999999,548,101324.99999999999,2.771e-08,0.066,0.29999999999999993,0.6339999999999998,0.22000000000000003,548.0,1e-11,1e-22,IdealGasReactor,off,0.6307692081403605,0.0,0.0,0.2822986772368433,0.03182728326415814,0.01060624031271818,8.047457850741367e-12,0.044498591037872404,0.0,0.0029098139654350954,3.910811781865703e-11,0.5654934485079917,5.5003049756949794e-09,1.420119745356984e-07,1.2066957778842418e-07,1.042518294875611e-05,0.43083154842904026,4.6243136438583194e-05,4.0171640703260945e-05,0.0005683674514279618,5.025439311319159e-06,2.512698313375679e-13,1.8980130306124038e-09,9.468612747347272e-05,0.0,0.0,0.0,0.0,0.0,0.0,0.0,0.0,0.0,0.0,0.0,0.0,-2.6453540572824035e-07,5.290708113104702e-07,1.7635693703157647e-07,1.446711262336485e-16,-3.5271387421051925e-07,0.0,-2.636775355675782e-15,-4.992046855391955e-22,-2.39922239023754e-20,-2.7385893988733797e-21,1.3379944193065742e-18,9.817641254269375e-20,-8.887228501269729e-20,-2.6326532168984097e-15,5.689566761299583e-22,2.6474652357895548e-18,1.686446785585163e-22,3.091329045475518e-22,7.4520158617045035e-22,-4.2856677879313784e-24,2.632680444995838e-15,3.487442158847231e-07,2.6453540572824035e-07,4.976702606510311e-07,-5.290690149348069e-07,-4.521538609771906e-07,1.6153697320690509e-10,1.270602823004432e-07,7.453877516314295e-08,7.659809676172152e-08,7.453877516314295e-08,1.7626112800374387e-07,1.7626112800374387e-07,-1.446711262336485e-16,3.5252225746365526e-07,-1.8680278257098618e-16,3.288742690262182e-19,-1.4599218789103795e-15,3.5252225849546903e-07,1.1976472241111233e-13,6.084870704379083e-12,7.77601118424444e-11,-2.260346047615632e-11,-1.1922166925366264e-19,3.5230327392853087e-07,6.084870704379083e-12,7.77601118424444e-11,-1.7015684940093507e-07,2.189819342577169e-10,-1.7613795509732806e-07,-6.200087630641414e-09,-6.200087630552542e-09,-1.9034369542487967e-16,3.971752109144091e-09,1.2180649296013052e-20,-1.7963756633277814e-12,3.969658325796177e-09,2.1381387294538644e-12,5.468199748873137e-13,1.2050099718500743e-12,3.039812306728943e-21,1.9034369113921188e-16
4.787999999999999,548,101325.0,2.771e-08,0.066,0.29999999999999993,0.6339999999999998,0.22000000000000003,548.0,1e-11,1e-22,IdealGasReactor,off,0.630763890521955,0.0,0.0,0.2822710062414342,0.03187759717402541,0.010623011640061755,8.061225826064596e-12,0.0444644944144625,0.0,0.0029089614180502917,3.9075239471781106e-11,0.565651255781393,5.498944287064069e-09,1.4219432200046705e-07,1.2068662986188848e-07,1.0429712249340837e-05,0.4306752660170003,4.621938049095993e-05,4.012908964824496e-05,0.0005678205076050352,5.023721653810133e-06,2.5103419416312894e-13,1.8984102195040358e-09,9.4624054276289e-05,0.0,0.0,0.0,0.0,0.0,0.0,0.0,0.0,0.0,0.0,0.0,0.0,-2.643545339637272e-07,5.28709067786673e-07,1.7623635585748412e-07,1.4461844135157872e-16,-3.524727118556397e-07,0.0,1.7774644441666263e-16,6.04285703831995e-23,4.3206285502985054e-18,1.7553592249878176e-22,-3.810113015427453e-18,-7.411538288475128e-22,6.923501727068842e-22,1.6996178646056076e-16,6.62254409731557e-23,3.9606815349719047e-19,4.503272228934551e-21,1.4348998688380802e-22,-1.1042773675652198e-22,-3.4031863742448375e-25,-1.7430943331032815e-16,3.4850841842558235e-07,2.643545339637272e-07,4.972815512740304e-07,-5.287072736744882e-07,-4.5185079950527506e-07,1.6132503109399528e-10,1.2703046427817397e-07,7.44622207644879e-08,7.653981698539021e-08,7.44622207644879e-08,1.761406729824103e-07,1.761406729824103e-07,-1.4461844135157872e-16,3.5228134741957337e-07,-1.8653790149872698e-16,3.2846594240255953e-19,-1.4586427637413658e-15,3.522813456502405e-07,1.1968287638920185e-13,6.075893044575942e-12,7.766607428909507e-11,-2.2558774940047014e-11,-1.1906375065065098e-19,3.520625822180145e-07,6.075893044575942e-12,7.766607428909507e-11,-1.700387563826573e-07,2.1876360653541476e-10,-1.7601759225094866e-07,-6.1975994748268285e-09,-6.197599474827521e-09,-1.9021556183927276e-16,3.966384633483964e-09,1.216530088315055e-20,-1.7941121847600173e-12,3.964293430057345e-09,2.135248588819175e-12,5.463790007236829e-13,1.2034978154658397e-12,3.0360287865975948e-21,1.9021556149895412e-16
4.796999999999999,548,101325.0,2.771e-08,0.066,0.29999999999999993,0.6339999999999998,0.22000000000000003,548.0,1e-11,1e-22,IdealGasReactor,off,0.6307585766304867,0.0,0.0,0.28224335463968064,0.03192787582059204,0.010639771212954717,8.074988575932768e-12,0.044430421688211166,0.0,0.0029081086142504014,3.904238266423421e-11,0.5658090479104424,5.497583382024456e-09,1.4237636866550658e-07,1.2070351619713195e-07,1.0434230795851349e-05,0.43051899854364756,4.619562527299052e-05,4.0086574673950654e-05,0.0005672739853503288,5.022003857654781e-06,2.5079873962966356e-13,1.898807439273033e-09,9.456199614014768e-05,0.0,0.0,0.0,0.0,0.0,0.0,0.0,0.0,0.0,0.0,0.0,0.0,-2.6417370950543713e-07,5.283474188656075e-07,1.761158062164798e-07,1.445657616914742e-16,-3.5223161257780887e-07,0.0,-1.0735613657533754e-15,-8.057536459153429e-23,-1.0397234610380451e-20,2.5579239942994857e-21,6.981139672151537e-19,5.3601303693436193e-20,-5.2856013961525915e-20,-1.0725233781617132e-15,1.0566641626319099e-21,2.7076914904012393e-19,-4.3087183795097985e-22,-2.196940008152557e-22,-6.436898726347316e-22,-2.9377010850462503e-23,1.0725349253704199e-15,3.4827267836898355e-07,2.6417370950543713e-07,4.96892982428972e-07,-5.28345627014658e-07,-4.515478145851793e-07,1.6111331442291355e-10,1.2700060842090808e-07,7.43857080352277e-08,7.648155485875937e-08,7.43857080352277e-08,1.760202493562399e-07,1.760202493562399e-07,-1.445657616914742e-16,3.520405001658184e-07,-1.862733379208916e-16,3.2805803120500376e-19,-1.457364265907295e-15,3.5204049964043804e-07,1.1960105169956913e-13,6.066926002980361e-12,7.75721283271266e-11,-2.2514168101495876e-11,-1.1890600772967258e-19,3.5182195316224236e-07,6.066926002980361e-12,7.75721283271266e-11,-1.6992069466788016e-07,2.1854540566075866e-10,-1.758972608108198e-07,-6.1951115485996405e-09,-6.1951115485467845e-09,-1.900874911193924e-16,3.961022834737118e-09,1.2149967682352761e-20,-1.7918509494421842e-12,3.958934208825331e-09,2.132361505836409e-12,5.459381515289677e-13,1.201987125439107e-12,3.032248865847778e-21,1.9008746174238155e-16
4.805999999999999,548,101324.99999999994,2.771e-08,0.066,0.29999999999999993,0.6339999999999998,0.22000000000000003,548.0,1e-11,1e-22,IdealGasReactor,off,0.6307532664648154,0.0,0.0,0.28221572242565046,0.03197811921464395,0.010656519034992465,8.088746101205741e-12,0.04439637285180901,0.0,0.0029072555545588776,3.900954739543458e-11,0.5659668248054602,5.496222261134166e-09,1.4255811468342725e-07,1.207202369893973e-07,1.0438738595028322e-05,0.4303627460981775,4.617187079766484e-05,4.0044095770145596e-05,0.0005667278845701128,5.020285923892254e-06,2.5056346769518667e-13,1.8992046899129254e-09,9.449995310784359e-05,0.0,0.0,0.0,0.0,0.0,0.0,0.0,0.0,0.0,0.0,0.0,0.0,-2.6399293245227914e-07,5.27985864731804e-07,1.759952881914325e-07,1.445130872832595e-16,-3.519905764792319e-07,0.0,-3.765694627525772e-15,2.0630783459849437e-21,2.0501137453965312e-17,-1.6555542321059023e-20,2.837655664508472e-17,1.8457377316263238e-19,-1.792938793127064e-19,-3.785420598807949e-15,1.22942889130444e-21,-2.756024925706022e-17,2.4166407742389358e-20,-2.3545179148439087e-21,3.3808993795369397e-21,-4.817496307362222e-22,3.764798225880471e-15,3.4803699581944375e-07,2.6399293245227914e-07,4.965045543267202e-07,-5.279840751398475e-07,-4.512449063821283e-07,1.609018230790272e-10,1.2697071475114847e-07,7.430923701356872e-08,7.642331041484166e-08,7.430923701356872e-08,1.758998571913332e-07,1.758998571913332e-07,-1.445130872832595e-16,3.5179971583458716e-07,-1.860090916236256e-16,3.2765053523364287e-19,-1.4560863860167516e-15,3.51799718023571e-07,1.1951924838712768e-13,6.0579695730666265e-12,7.747827391764165e-11,-2.2469639850591555e-11,-1.1874844038762133e-19,3.5158138692701877e-07,6.0579695730666265e-12,7.747827391764165e-11,-1.6980266433807242e-07,2.183273317540195e-10,-1.7577696085968377e-07,-6.192623853360076e-09,-6.192623853180782e-09,-1.8995987369448772e-16,3.9556667105880546e-09,1.2134649687875223e-20,-1.7895919565273611e-12,3.95358065978817e-09,2.1294774792588683e-12,5.454974276215688e-13,1.200477901308533e-12,3.028472543513293e-21,1.8995939194485698e-16
4.8149999999999995,548,101325.00000000003,2.771e-08,0.066,0.29999999999999993,0.6339999999999998,0.22000000000000003,548.0,1e-11,1e-22,IdealGasReactor,off,0.6307479600237991,0.0,0.0,0.2821881095934006,0.03202832736698739,0.010673255109777449,8.102498402745294e-12,0.04436234789793286,0.0,0.0029064022398947436,3.897673367009773e-11,0.5661245864531259,5.494860925694962e-09,1.4273956022657373e-07,1.2073679244765526e-07,1.0443235653377854e-05,0.43020650869294835,4.614811708421881e-05,4.000165293199158e-05,0.0005661822052472805,5.0185678534375195e-06,2.503283783253457e-13,1.8996019710761167e-09,9.443792521810884e-05,0.0,0.0,0.0,0.0,0.0,0.0,0.0,0.0,0.0,0.0,0.0,0.0,-2.6381220297482616e-07,5.276244057039635e-07,1.7587480185641198e-07,1.4446041813101985e-16,-3.517496038878279e-07,0.0,-2.9880763082316477e-15,-1.119931254313936e-22,-1.2725048004073432e-17,5.90277315056552e-21,1.0114849233593148e-16,-1.2554616465084833e-19,1.2618722962557692e-19,-2.85643057660956e-15,-4.392902989985892e-21,1.775780069298839e-17,-1.0363851109788978e-20,4.400600858782107e-22,-1.0668920309697356e-22,4.887641492663275e-23,2.8692294417251485e-15,3.4780137110612674e-07,2.6381220297482616e-07,4.961162673120768e-07,-5.276226183687578e-07,-4.50942075183206e-07,1.6069055699105975e-10,1.2694078332578267e-07,7.423280775772624e-08,7.636508370728465e-08,7.423280775772624e-08,1.7577949660134395e-07,1.7577949660134395e-07,-1.4446041813101985e-16,3.5155899465319926e-07,-1.8574516238027053e-16,3.272434543445552e-19,-1.4548091246141857e-15,3.515589959146581e-07,1.1943746652910207e-13,6.049023749942336e-12,7.738451104265893e-11,-2.2425190083781934e-11,-1.185910485162122e-19,3.5134088366050824e-07,6.049023749942336e-12,7.738451104265893e-11,-1.696846654670226e-07,2.1810938492043002e-10,-1.756566924714922e-07,-6.190136389389373e-09,-6.19013638951556e-09,-1.8983130335751738e-16,3.9503162597987035e-09,1.2119346897251143e-20,-1.7873352056520403e-12,3.9482327817011665e-09,2.1265965084140427e-12,5.450568294674602e-13,1.1989701429371539e-12,3.0246998194592408e-21,1.898313522339323e-16
4.823999999999999,548,101325.0,2.771e-08,0.066,0.29999999999999993,0.6339999999999998,0.22000000000000003,548.0,1e-11,1e-22,IdealGasReactor,off,0.6307426573062935,0.0,0.0,0.28216051613697574,0.03207850028845145,0.010689979440918991,8.116245481414679e-12,0.04432834681924415,0.0,0.002905548670533367,3.894394148424222e-11,0.566282332715817,5.493499375797737e-09,1.4292070543608321e-07,1.2075318275892606e-07,1.0447721977817186e-05,0.430050286465401,4.612436414170632e-05,3.9959246145763455e-05,0.0005656369472387542,5.016849647407861e-06,2.5009347147289347e-13,1.8999992829708934e-09,9.437591251616937e-05,0.0,0.0,0.0,0.0,0.0,0.0,0.0,0.0,0.0,0.0,0.0,0.0,-2.6363152112658087e-07,5.272630420792104e-07,1.757543472995416e-07,1.4440775428090368e-16,-3.5150869473445663e-07,0.0,8.776086363497512e-16,-9.670553080381691e-23,4.316119249217236e-18,-1.1549512250089188e-20,2.9573520078673456e-17,7.917111078867538e-20,-6.611075609707563e-20,8.981822526928354e-16,-8.687118041846345e-22,-4.730431789233071e-18,5.135713603439212e-21,1.9188005271816014e-22,1.9700123446035802e-21,-1.1828758398943155e-22,-9.025183550739319e-16,3.475658041628962e-07,2.6363152112658087e-07,4.95728121510684e-07,-5.272612569985147e-07,-4.506393210764311e-07,1.6047951601649137e-10,1.2691081414588862e-07,7.41564202930475e-08,7.630687475600188e-08,7.41564202930475e-08,1.7565916762223477e-07,1.7565916762223477e-07,-1.4440775428090368e-16,3.5131833669356683e-07,-1.8548154998445027e-16,3.268367883015618e-19,-1.4535324823449724e-15,3.5131833420187775e-07,1.1935570614992784e-13,6.040088526027615e-12,7.729083964986513e-11,-2.2380818687332914e-11,-1.184338320152409e-19,3.5110044353910733e-07,6.040088526027615e-12,7.729083964986513e-11,-1.6956669814075206e-07,2.1789156528876782e-10,-1.755364557342659e-07,-6.187649158789523e-09,-6.187649158723412e-09,-1.8970346093948608e-16,3.9449714793577566e-09,1.2104059302623567e-20,-1.7850806956578314e-12,3.9428905715604296e-09,2.1237185916830723e-12,5.44616357291113e-13,1.1974638496541543e-12,3.0209306921822637e-21,1.897033426519021e-16
4.832999999999999,548,101325.00000000003,2.771e-08,0.066,0.29999999999999993,0.6339999999999998,0.22000000000000003,548.0,1e-11,1e-22,IdealGasReactor,off,0.6307373583111516,0.0,0.0,0.2821329420504093,0.032128637989884565,0.010706692032033487,8.129987338079209e-12,0.04429436960839106,0.0,0.0029046948473620163,3.891117084208781e-11,0.5664400635741489,5.492137612683954e-09,1.4310155048331355e-07,1.20769408131407e-07,1.0452197574895625e-05,0.42989407943399766,4.610061198884764e-05,3.991687540609702e-05,0.0005650921105201684,5.015131306727691e-06,2.4985874710243977e-13,1.900396625277208e-09,9.431391504096581e-05,0.0,0.0,0.0,0.0,0.0,0.0,0.0,0.0,0.0,0.0,0.0,0.0,-2.63450887071964e-07,5.269017739995205e-07,1.7563392459539202e-07,1.4435509573904783e-16,-3.512678493330546e-07,0.0,-2.940008032199191e-16,2.2791627788575495e-23,2.071173000663923e-18,-7.307699102472327e-22,6.532741605698791e-20,2.302870825347629e-21,-2.2606846141074246e-21,-2.960308152853263e-16,2.733874333650021e-22,-3.341001477250502e-21,2.1189297678054173e-21,-7.204226147454025e-23,1.8795991566079172e-22,1.9424358628920927e-23,2.9394706742182794e-16,3.473302953050381e-07,2.63450887071964e-07,4.953401172555795e-07,-5.268999911710944e-07,-4.50336644338452e-07,1.602687000799565e-10,1.2688080726572437e-07,7.408007467588603e-08,7.624868361285056e-08,7.408007467588603e-08,1.755388703635801e-07,1.755388703635801e-07,-1.4435509573904783e-16,3.510777421748482e-07,-1.8521825421005098e-16,3.2643053695522226e-19,-1.4522564597556986e-15,3.510777408788357e-07,1.1927396732405778e-13,6.031163896273207e-12,7.719725971933738e-11,-2.2336525557299562e-11,-1.1827679077653172e-19,3.5086006671192397e-07,6.031163896273207e-12,7.719725971933738e-11,-1.6944876243346057e-07,2.1767387296465697e-10,-1.754162507224274e-07,-6.185162161931459e-09,-6.1851621619291985e-09,-1.8957534389749142e-16,3.939632367917823e-09,1.2088786901212856e-20,-1.782828426135007e-12,3.937554028016516e-09,2.1208437283370625e-12,5.441760115454999e-13,1.1959590212913478e-12,3.0171651614672186e-21,1.8957536332185005e-16
4.842,548,101325.0,2.771e-08,0.066,0.29999999999999993,0.6339999999999998,0.22000000000000003,548.0,1e-11,1e-22,IdealGasReactor,off,0.630732063037225,0.0,0.0,0.2821053873277229,0.032178740482157304,0.010723392886744227,8.143723973605788e-12,0.04426041625800689,0.0,0.002903840770938186,3.8878421743388437e-11,0.5665977789449946,5.490775636974524e-09,1.4328209552378008e-07,1.2078546876209784e-07,1.045666245137701e-05,0.4297378876813419,4.6076860639142585e-05,3.987454070305693e-05,0.000564547695002417,5.013412832425435e-06,2.496242051719186e-13,1.900793997960161e-09,9.425193283475634e-05,0.0,0.0,0.0,0.0,0.0,0.0,0.0,0.0,0.0,0.0,0.0,0.0,-2.632703009153475e-07,5.265406016192292e-07,1.7551353382565256e-07,1.4430244253315955e-16,-3.510270677865352e-07,0.0,1.6358818249331635e-15,-1.6378322793145802e-22,4.639354437262948e-18,-8.261998022215795e-22,6.718845332122402e-17,-5.161607022330893e-21,4.413835748582956e-21,1.6939667883450495e-15,8.294375877790757e-22,-4.412085565269351e-18,3.838539508539603e-21,1.6481573705119076e-22,1.2707802688226713e-21,8.15885040454989e-23,-1.698631840887767e-15,3.4709484463772006e-07,2.632703009153475e-07,4.949522547673046e-07,-5.26538821040833e-07,-4.5003404514380806e-07,1.6005810906948452e-10,1.268507627109724e-07,7.4003770945703e-08,7.619051031237889e-08,7.4003770945703e-08,1.7541860489509837e-07,1.7541860489509837e-07,-1.4430244253315955e-16,3.5083721123647347e-07,-1.849552748412686e-16,3.2602470010866335e-19,-1.4509810574441583e-15,3.508372079519262e-07,1.1919225009886374e-13,6.02224985424854e-12,7.710377121352004e-11,-2.229231058455784e-11,-1.1811992469600102e-19,3.506197533424924e-07,6.02224985424854e-12,7.710377121352004e-11,-1.6933085842553473e-07,2.1745630806565434e-10,-1.7529607751758615e-07,-6.182675400117839e-09,-6.182675400122253e-09,-1.8944733273461516e-16,3.934298923224497e-09,1.207352968746995e-20,-1.7805783962654471e-12,3.932223148815118e-09,2.1179719171603776e-12,5.437357925596375e-13,1.1944556574061178e-12,3.0134032263953484e-21,1.894474143231192e-16
4.850999999999999,548,101324.99999999999,2.771e-08,0.066,0.29999999999999993,0.6339999999999998,0.22000000000000003,548.0,1e-11,1e-22,IdealGasReactor,off,0.6307267714833624,0.0,0.0,0.2820778519629272,0.03222880777616012,0.010740082008681514,8.157455388863283e-12,0.04422648676071142,0.0,0.0029029864419472984,3.8845694189586096e-11,0.5667554787700171,5.489413449531189e-09,1.434623407198333e-07,1.2080136485255766e-07,1.0461116613958074e-05,0.4295817112650949,4.605311010810649e-05,3.9832242028419036e-05,0.0005640037006207667,5.0116942254887155e-06,2.493898456415771e-13,1.9011914008742833e-09,9.418996593842986e-05,0.0,0.0,0.0,0.0,0.0,0.0,0.0,0.0,0.0,0.0,0.0,0.0,-2.630897627841299e-07,5.261795256155287e-07,1.7539317506910255e-07,1.442497946825576e-16,-3.5078635028694604e-07,0.0,-3.245150427220246e-16,-4.2233798010346014e-22,-2.3329187469397595e-19,5.6625835515956074e-21,-1.9151012596769785e-16,2.235372887363302e-19,-2.2123607227220768e-19,-5.113195482887839e-16,-6.142650700909278e-21,4.267774302340068e-18,7.513453967745693e-21,-1.3179055109501113e-21,-2.563382113836187e-21,1.774888255068012e-22,5.115407414252124e-16,3.4685945235490585e-07,2.630897627841299e-07,4.945645343093714e-07,-5.261777472849232e-07,-4.4973152370621897e-07,1.598477428869111e-10,1.2682068051849118e-07,7.392750914834092e-08,7.613235489576652e-08,7.392750914834092e-08,1.7529837130179681e-07,1.7529837130179681e-07,-1.442497946825576e-16,3.505967440484649e-07,-1.8469261165797463e-16,3.2561927758275e-19,-1.449706275986223e-15,3.505967429706658e-07,1.1911055453210566e-13,6.013346394041655e-12,7.701037410152855e-11,-2.2248173662071e-11,-1.1796323366777109e-19,3.503795035884209e-07,6.013346394041655e-12,7.701037410152855e-11,-1.6921298619481302e-07,2.1723887070413256e-10,-1.7517593619840072e-07,-6.18018887428953e-09,-6.1801888740682935e-09,-1.8931931826301645e-16,3.928971143361182e-09,1.20582876568869e-20,-1.7783306053848116e-12,3.92689793204021e-09,2.1151031571193116e-12,5.432957007098511e-13,1.1929537576588336e-12,3.009644886311865e-21,1.8931949575184196e-16
4.859999999999999,548,101325.0,2.771e-08,0.066,0.29999999999999993,0.6339999999999998,0.22000000000000003,548.0,1e-11,1e-22,IdealGasReactor,off,0.6307214836484105,0.0,0.0,0.2820503359500205,0.03227883988280555,0.010756759401482525,8.171181584722129e-12,0.04419258110910945,0.0,0.0029021318610122624,3.8812988181249333e-11,0.566913162978711,5.488051051096719e-09,1.4364228623051077e-07,1.2081709660235466e-07,1.0465560069386267e-05,0.429425550255161,4.6029360410257224e-05,3.978997937306012e-05,0.0005634601272978503,5.009975486925344e-06,2.4915566847025896e-13,1.9015888339285188e-09,9.412801439348404e-05,0.0,0.0,0.0,0.0,0.0,0.0,0.0,0.0,0.0,0.0,0.0,0.0,-2.629092727941881e-07,5.2581854544816e-07,1.7527284840584193e-07,1.4419715221067821e-16,-3.505456969628393e-07,0.0,-3.208879351453184e-16,-9.237252992655736e-24,-6.8386531775895105e-18,3.445375552386173e-22,-4.02377707637235e-18,-4.314574075076592e-21,4.352624383254032e-21,-3.1791453020873935e-16,-6.29196972617217e-22,8.43732100791366e-20,-6.768316908819568e-21,-6.439084080842475e-23,-3.0282017617838664e-22,6.119298196090781e-24,3.2479611595413435e-16,3.4662411858724183e-07,2.629092727941881e-07,4.941769561235506e-07,-5.258167693631072e-07,-4.4942908021977595e-07,1.596376014268978e-10,1.2679056071974505e-07,7.385128932633925e-08,7.607421740084535e-08,7.385128932633925e-08,1.751781696610216e-07,1.751781696610216e-07,-1.4419715221067821e-16,3.503563407655039e-07,-1.8443026444186326e-16,3.2521426918898493e-19,-1.4484321159665743e-15,3.5035633949576095e-07,1.1902888067633814e-13,6.0044535094699546e-12,7.69170683490355e-11,-2.2204114681876026e-11,-1.1780671758665967e-19,3.5013931760997034e-07,6.0044535094699546e-12,7.69170683490355e-11,-1.6909514582027646e-07,2.17021560994496e-10,-1.7505582684484745e-07,-6.177702585565454e-09,-6.177702585569806e-09,-1.8919160157643827e-16,3.9236490262323985e-09,1.2043060804414102e-20,-1.7760850527483002e-12,3.921578375597478e-09,2.112237447084335e-12,5.428557363485267e-13,1.191453321656101e-12,3.0058901404238888e-21,1.8919160769573646e-16
4.868999999999999,548,101325.0,2.771e-08,0.066,0.29999999999999993,0.6339999999999998,0.22000000000000003,548.0,1e-11,1e-22,IdealGasReactor,off,0.6307161995312143,0.0,0.0,0.2820228392829916,0.03232883681302396,0.010773425068791566,8.184902562055097e-12,0.044158699295793705,0.0,0.002901277028828747,3.878030371989416e-11,0.5670708315147823,5.4866884425518405e-09,1.4382193221942928e-07,1.20832664213696e-07,1.0469992824374222e-05,0.42926940470714614,4.600561156125789e-05,3.974775272880754e-05,0.000562916974969862,5.008256617719271e-06,2.489216736180122e-13,1.9019862969686312e-09,9.406607824059208e-05,0.0,0.0,0.0,0.0,0.0,0.0,0.0,0.0,0.0,0.0,0.0,0.0,-2.62728831074398e-07,5.254576620717626e-07,1.751525539141796e-07,1.441445151361484e-16,-3.5030510803608795e-07,0.0,8.951456660467083e-16,-2.9263777529217624e-22,-3.028191030323485e-17,6.332975533681006e-21,-6.731005548871421e-17,2.364545411819583e-19,-2.2920016720986823e-19,8.918503737009216e-16,-2.4368396523804284e-21,3.3129187249791816e-17,-2.7755574510567314e-20,-3.848406101114677e-21,-2.4293133426626464e-21,-1.577989005026193e-22,-8.613732075549913e-16,3.463888435585073e-07,2.62728831074398e-07,4.937895204758495e-07,-5.254558882300249e-07,-4.4912671490073017e-07,1.5942768459183456e-10,1.2676040335260654e-07,7.377511152581414e-08,7.60160978692051e-08,7.377511152581414e-08,1.7505800005875812e-07,1.7505800005875812e-07,-1.441445151361484e-16,3.501160015595716e-07,-1.8416823297202436e-16,3.2480967474872833e-19,-1.4471585779565614e-15,3.501159990815239e-07,1.189472285899859e-13,5.99557119463938e-12,7.682385392545246e-11,-2.2160133537212665e-11,-1.1765037634636761e-19,3.4989919556384915e-07,5.99557119463938e-12,7.682385392545246e-11,-1.689773373793236e-07,2.168043790479626e-10,-1.749357495351389e-07,-6.175216534855992e-09,-6.1752165346267915e-09,-1.8906390805091723e-16,3.918332569932877e-09,1.202784912558198e-20,-1.7738417376973646e-12,3.9162644775806146e-09,2.109374786026867e-12,5.424158998547058e-13,1.1899543490617703e-12,3.0021389880853137e-21,1.8906375025201673e-16
4.877999999999999,548,101325.0,2.771e-08,0.066,0.29999999999999993,0.6339999999999998,0.22000000000000003,548.0,1e-11,1e-22,IdealGasReactor,off,0.6307109191306156,0.0,0.0,0.2819953619558156,0.03237879857777043,0.010790079014259615,8.198618321736032e-12,0.044124841313340164,0.0,0.002900421945723271,3.8747640802052646e-11,0.5672284842503256,5.485325624081609e-09,1.4400127883174408e-07,1.2084806787617814e-07,1.0474414885871786e-05,0.42911327474871525,4.5981863570936845e-05,3.970556208240204e-05,0.0005623742435009315,5.006537618972389e-06,2.486878610375248e-13,1.9023837901617634e-09,9.400415752419854e-05,0.0,0.0,0.0,0.0,0.0,0.0,0.0,0.0,0.0,0.0,0.0,0.0,-2.625484376866042e-07,5.250968753240845e-07,1.7503229168060564e-07,1.4409188350182805e-16,-3.500645834697366e-07,0.0,-1.2433613328559358e-14,-6.844141239284736e-22,1.9078118352076767e-17,-8.405033618162869e-21,-9.484540253805701e-17,-2.482865326639168e-20,3.923565799522776e-20,-1.2564190945017514e-14,7.9381449732191835e-22,-1.6429005029791662e-17,2.3422734809303323e-20,1.9999676247883672e-21,2.3865760770004867e-21,3.442183994619174e-22,1.2544995579570155e-14,3.461536272346584e-07,2.625484376866042e-07,4.934022275067986e-07,-5.250951037234254e-07,-4.4882442785132643e-07,1.5921799224341237e-10,1.2673020842294135e-07,7.36989757740746e-08,7.595799632311261e-08,7.36989757740746e-08,1.7493786253651263e-07,1.7493786253651263e-07,-1.4409188350182805e-16,3.498757265136692e-07,-1.8390651703916693e-16,3.2440549403064966e-19,-1.4458856625857672e-15,3.498757374931216e-07,1.1886559830125124e-13,5.986699442123065e-12,7.673073078057512e-11,-2.2116230115580963e-11,-1.174942098452498e-19,3.4965913762313674e-07,5.986699442123065e-12,7.673073078057512e-11,-1.6885956095648505e-07,2.1658732498929615e-10,-1.7481570435563073e-07,-6.172730724120583e-09,-6.1727307241598185e-09,-1.8893557925068575e-16,3.913021771549725e-09,1.2012652612842188e-20,-1.771600659118903e-12,3.910956235078169e-09,2.1065151723777327e-12,5.419761914691871e-13,1.188456839234735e-12,2.99839142786811e-21,1.8893592346908522e-16
4.887,548,101325.00000000003,2.771e-08,0.066,0.29999999999999993,0.6339999999999998,0.22000000000000003,548.0,1e-11,1e-22,IdealGasReactor,off,0.6307056424454546,0.0,0.0,0.28196790396245786,0.032428725188017204,0.010806721241544793,8.212328864641213e-12,0.04409100715431317,0.0,0.0028995666128008852,3.8714999434667254e-11,0.5673861212083678,5.48396259733589e-09,1.441803262516797e-07,1.2086330780648724e-07,1.0478826260366017e-05,0.42895716035565923,4.5958116461402265e-05,3.9663407431182104e-05,0.0005618319329056964,5.0048184915382625e-06,2.4845423069645177e-13,1.902781312998056e-09,9.394225228066568e-05,0.0,0.0,0.0,0.0,0.0,0.0,0.0,0.0,0.0,0.0,0.0,0.0,-2.623680928334514e-07,5.247361855269711e-07,1.7491206177415117e-07,1.4403925729950327e-16,-3.498241236817935e-07,0.0,-2.1143829658752937e-16,-4.967449735524544e-23,1.0334346832568053e-17,1.0242333777794252e-22,-4.042676499007962e-18,-1.4558378780933287e-21,2.774363774502855e-21,-2.260966815045203e-16,9.689373773647565e-22,-1.6270345623223488e-19,1.0183545527194809e-20,-3.872239242513861e-23,-4.2836302045866185e-23,1.3470847884405653e-23,2.1569764891209254e-16,3.4591847003452234e-07,2.623680928334514e-07,4.930150776200186e-07,-5.247344161651542e-07,-4.4852221941326965e-07,1.5900852432827707e-10,1.2669997600426257e-07,7.362288213770861e-08,7.589991282536715e-08,7.362288213770861e-08,1.7481775722921155e-07,1.7481775722921155e-07,-1.4403925729950327e-16,3.4963551589766385e-07,-1.8364511640889885e-16,3.240017269131291e-19,-1.444613370356976e-15,3.496355145404806e-07,1.18783989901813e-13,5.9778382476913786e-12,7.663769890519582e-11,-2.2072404316784793e-11,-1.173382179714767e-19,3.494191439258693e-07,5.9778382476913786e-12,7.663769890519582e-11,-1.6874181662104216e-07,2.1637039891363875e-10,-1.7469569137523886e-07,-6.170245153109016e-09,-6.17024515311179e-09,-1.8880811402701378e-16,3.907716630263094e-09,1.1997471265071177e-20,-1.7693618168474936e-12,3.9056536472711824e-09,2.1036586056934704e-12,5.415366117226036e-13,1.1869607921699268e-12,2.994647459974543e-21,1.8880812749786167e-16
4.895999999999999,548,101325.0,2.771e-08,0.066,0.29999999999999993,0.6339999999999998,0.22000000000000003,548.0,1e-11,1e-22,IdealGasReactor,off,0.6307003694745699,0.0,0.0,0.28194046529687056,0.032478616654761636,0.010823351754311863,8.226034191647922e-12,0.04405719681126013,0.0,0.0028987110305126735,3.868237961587857e-11,0.5675437422852175,5.482599362734099e-09,1.4435907463148745e-07,1.2087838419880241e-07,1.0483226954751373e-05,0.4288010616312787,4.593437024443392e-05,3.9621288763502956e-05,0.0005612900430713681,5.003099236478495e-06,2.482207825495007e-13,1.9031788655363988e-09,9.388036255303875e-05,0.0,0.0,0.0,0.0,0.0,0.0,0.0,0.0,0.0,0.0,0.0,0.0,-2.6218779659896447e-07,5.243755931517781e-07,1.74791864278244e-07,1.4398663656383992e-16,-3.495837287085885e-07,0.0,1.1240872757876827e-14,1.2881534914822072e-21,-2.109872021695018e-18,-2.631571088071026e-21,-9.784225804500193e-17,1.5246593050577406e-20,-3.437762625770383e-21,1.115115643100197e-14,3.689668101886994e-21,5.961088347429098e-18,5.6353399830472606e-21,1.118684230295543e-21,-1.3527716938553555e-21,1.9998175711182425e-22,-1.1149036651642128e-14,3.45683371997022e-07,2.6218779659896447e-07,4.926280709972467e-07,-5.243738260265682e-07,-4.4822008972654874e-07,1.5879928072120193e-10,1.2666970611337502e-07,7.354683065008342e-08,7.58418474046095e-08,7.354683065008342e-08,1.7469768419306998e-07,1.7469768419306998e-07,-1.4398663656383992e-16,3.4939536982397727e-07,-1.8338403086749476e-16,3.2359837318151266e-19,-1.4433417018767849e-15,3.49395357090998e-07,1.1870240342986767e-13,5.9689876044064996e-12,7.654475825544592e-11,-2.202865603039797e-11,-1.1718240062150075e-19,3.4917921463909437e-07,5.9689876044064996e-12,7.654475825544592e-11,-1.6862410445481984e-07,2.161536009402887e-10,-1.7457571067731552e-07,-6.167759823424156e-09,-6.167759823420718e-09,-1.8868016242114163e-16,3.902417143479448e-09,1.1982305075706016e-20,-1.767125209915654e-12,3.9003567115664795e-09,2.100805084576114e-12,5.410971609011054e-13,1.1854662073234504e-12,2.9909070832255166e-21,1.8868036240289874e-16
4.904999999999999,548,101325.0,2.771e-08,0.066,0.29999999999999993,0.6339999999999998,0.22000000000000003,548.0,1e-11,1e-22,IdealGasReactor,off,0.6306951002167966,0.0,0.0,0.28191304595299627,0.03252847298901758,0.010839970556232733,8.239734303635975e-12,0.044023410276717155,0.0,0.0028978551994324293,3.8649781345443406e-11,0.5677013474009011,5.481235920925593e-09,1.445375241294722e-07,1.208932972517231e-07,1.0487616975861818e-05,0.4286449786550096,4.591062493374172e-05,3.9579206069357604e-05,0.0005607485739085795,5.00137985481606e-06,2.479875165536214e-13,1.9035764477296132e-09,9.381848838306331e-05,0.0,0.0,0.0,0.0,0.0,0.0,0.0,0.0,0.0,0.0,0.0,0.0,-2.6200754908923074e-07,5.240150980344108e-07,1.7467169927360073e-07,1.4393402132147839e-16,-3.4934339868999084e-07,0.0,-2.720987463936033e-16,-1.9357271464862708e-23,1.4370346850685543e-18,4.272427111313454e-22,1.2525499707522966e-19,5.1880768019325896e-21,-5.074753058012825e-21,-2.7312166771758843e-16,5.165718691586649e-22,2.992145154411716e-19,1.4199926444052611e-21,2.310935836320021e-23,-7.695555905344618e-24,-6.066924068915638e-24,2.716755959215478e-16,3.454483332642963e-07,2.6200754908923074e-07,4.922412078613e-07,-5.240133331435733e-07,-4.479180389686513e-07,1.585902613101381e-10,1.2663939877778249e-07,7.34708213506662e-08,7.578380009581426e-08,7.34708213506662e-08,1.745776434989511e-07,1.745776434989511e-07,-1.4393402132147839e-16,3.4915528843433435e-07,-1.831232601971194e-16,3.2319543263812583e-19,-1.4420706577308845e-15,3.4915528712708976e-07,1.1862083893356487e-13,5.960147505827225e-12,7.64519087938371e-11,-2.1984985148000625e-11,-1.1702675769009182e-19,3.4893934992423054e-07,5.960147505827225e-12,7.64519087938371e-11,-1.6850642453727577e-07,2.1593693118362326e-10,-1.7445576234241722e-07,-6.165274736324957e-09,-6.165274736319882e-09,-1.885526343317431e-16,3.897123308932075e-09,1.1967154039180794e-20,-1.7648908375026266e-12,3.8950654256945216e-09,2.0979546078016854e-12,5.406578393361247e-13,1.1839730842501102e-12,2.9871702966947846e-21,1.8855262826481904e-16
4.913999999999999,548,101325.0,2.771e-08,0.066,0.29999999999999993,0.6339999999999998,0.22000000000000003,548.0,1e-11,1e-22,IdealGasReactor,off,0.6306898346709686,0.0,0.0,0.2818856459247652,0.032578294201821456,0.010856577650986075,8.253429201486617e-12,0.043989647543205085,0.0,0.002896999120276123,3.861720462499003e-11,0.5678589365031262,5.479872272827789e-09,1.4471567491165705e-07,1.2090804716888752e-07,1.0491996330452945e-05,0.42848891147843465,4.588688054527183e-05,3.953715934063604e-05,0.000560207525354897,4.999660347527787e-06,2.4775443266828877e-13,1.9039740594064436e-09,9.375662981094678e-05,0.0,0.0,0.0,0.0,0.0,0.0,0.0,0.0,0.0,0.0,0.0,0.0,-2.6182735043587075e-07,5.23654700731769e-07,1.7455156683753617e-07,1.4388141158969162e-16,-3.491031338187191e-07,0.0,-1.2432091164031028e-16,-1.497473132799471e-23,3.7701724962132987e-19,2.4393280040110295e-22,-3.906886529651257e-18,-8.999725064576941e-22,1.0397660299791558e-21,-1.284657747234706e-16,-5.011894601600897e-23,1.4403304670792364e-19,5.403809786992324e-22,-6.545066596825831e-23,2.2164461485831678e-23,4.2289548271699064e-24,1.2808619898871106e-16,3.4521335403095953e-07,2.6182735043587075e-07,4.918544884826458e-07,-5.236529380730701e-07,-4.4761606736054085e-07,1.5838146599830741e-10,1.2660905403740845e-07,7.339485428598675e-08,7.572577094130886e-08,7.339485428598675e-08,1.7445763523465122e-07,1.7445763523465122e-07,-1.4388141158969162e-16,3.4891527190433163e-07,-1.8286280417514321e-16,3.2279290510487193e-19,-1.4408002384803417e-15,3.489152704538867e-07,1.1853929647255976e-13,5.951317946084086e-12,7.635915049025113e-11,-2.1941391563453037e-11,-1.168712890700036e-19,3.4869954993604827e-07,5.951317946084086e-12,7.635915049025113e-11,-1.6838877694487411e-07,2.1572038975223414e-10,-1.7433584644778408e-07,-6.162789892662051e-09,-6.162789892663091e-09,-1.8842492095388737e-16,3.891835124720946e-09,1.1952018151080737e-20,-1.762658698957753e-12,3.889779787759555e-09,2.0951071743473985e-12,5.402186474115121e-13,1.182481422618447e-12,2.983437099747632e-21,1.884249251828422e-16
4.922999999999999,548,101324.99999999999,2.771e-08,0.066,0.29999999999999993,0.6339999999999998,0.22000000000000003,548.0,1e-11,1e-22,IdealGasReactor,off,0.6306845728359174,0.0,0.0,0.2818582652060971,0.032628080304229624,0.01087317304225749,8.267118886083032e-12,0.04395590860323129,0.0,0.0028961427937528325,3.858464945602595e-11,0.5680165095382114,5.478508419344458e-09,1.448935271438621e-07,1.209226341538764e-07,1.0496365025298407e-05,0.4283328601545344,4.586313709485451e-05,3.949514856909298e-05,0.0005596668973461269,4.9979407155928905e-06,2.475215308526997e-13,1.904371700401699e-09,9.36947868769276e-05,0.0,0.0,0.0,0.0,0.0,0.0,0.0,0.0,0.0,0.0,0.0,0.0,-2.6164720076905803e-07,5.23294401390653e-07,1.744314670474851e-07,1.438288073862228e-16,-3.48862934230218e-07,0.0,7.323051520913078e-15,8.058199294676976e-22,-2.3819476559633507e-17,-5.373787932974549e-21,3.486599369135514e-18,-1.9272646527995502e-19,1.9283813466264968e-19,7.317913086528428e-15,-6.544085733487167e-21,-3.252853305580578e-17,-2.1639476590048737e-20,2.9648221105431894e-21,-1.5122050303371216e-22,-7.343490574373569e-23,-7.293940258260322e-15,3.449784344343801e-07,2.6164720076905803e-07,4.914679131288724e-07,-5.232926409618594e-07,-4.4731417512070686e-07,1.5817289468788325e-10,1.2657867193162013e-07,7.331892950209943e-08,7.566775998298878e-08,7.331892950209943e-08,1.743376594870113e-07,1.743376594870113e-07,-1.438288073862228e-16,3.4867532040764994e-07,-1.8260266257900064e-16,3.2239079040224553e-19,-1.4395304446862113e-15,3.4867531151228093e-07,1.1845777610585835e-13,5.942498919267865e-12,7.626648331408658e-11,-2.1897875170571952e-11,-1.1671599465398831e-19,3.4845981482946654e-07,5.942498919267865e-12,7.626648331408658e-11,-1.6827116175417726e-07,2.1550397675464478e-10,-1.7421596307073056e-07,-6.160305293307828e-09,-6.1603052935006665e-09,-1.8829732669003984e-16,3.886552588922556e-09,1.1936897406911694e-20,-1.7604287936184725e-12,3.884499795837912e-09,2.0922627831756417e-12,5.397795855079701e-13,1.1809912220890554e-12,2.979707491728739e-21,1.882972532551341e-16
4.9319999999999995,548,101324.99999999999,2.771e-08,0.066,0.29999999999999993,0.6339999999999998,0.22000000000000003,548.0,1e-11,1e-22,IdealGasReactor,off,0.6306793147104722,0.0,0.0,0.28183090379089926,0.03267783130731965,0.010889756733739401,8.28080335831004e-12,0.043922193449288764,0.0,0.0028952862203554487,3.8552115837123994e-11,0.5681740664106654,5.477144360972351e-09,1.4507108098143525e-07,1.2093705840285908e-07,1.0500723067310743e-05,0.4281768247783616,4.583939459489996e-05,3.945317374348237e-05,0.0005591266897755717,4.996220960059047e-06,2.4728881106156595e-13,1.904769370739341e-09,9.363295962340206e-05,0.0,0.0,0.0,0.0,0.0,0.0,0.0,0.0,0.0,0.0,0.0,0.0,-2.614671001797163e-07,5.229342001794927e-07,1.7431139998556404e-07,1.4377620874296332e-16,-3.486228001689565e-07,0.0,-4.9925173902927895e-15,-1.5994049363228599e-21,-2.861516192213909e-17,4.760890191173939e-21,3.5989106439855137e-17,4.591183271914325e-19,-4.674852590874064e-19,-4.901838620577254e-15,4.938025918871491e-21,2.5306503438635466e-17,-3.002221135157278e-20,2.22563283565049e-21,3.6017436514716486e-21,-3.647203703631033e-22,4.930620683389091e-15,3.4474357472153924e-07,2.614671001797163e-07,4.91081481994086e-07,-5.229324419783721e-07,-4.470123624008865e-07,1.5796454725717313e-10,1.2654825248110356e-07,7.324304703402448e-08,7.560976725143718e-08,7.324304703402448e-08,1.7421771631682755e-07,1.7421771631682755e-07,-1.4377620874296332e-16,3.484354340658776e-07,-1.8234283519267763e-16,3.2198908831971344e-19,-1.4382612769424714e-15,3.4843543739171423e-07,1.1837627787476996e-13,5.93369041856958e-12,7.617390722323779e-11,-2.185443585984927e-11,-1.1656087433737346e-19,3.482201447687865e-07,5.93369041856958e-12,7.617390722323779e-11,-1.6815357904581672e-07,2.1528769230704554e-10,-1.7409611229324864e-07,-6.157820939747327e-09,-6.1578209392798415e-09,-1.8816997727165362e-16,3.881275699027941e-09,1.1921791800372092e-20,-1.758201120555701e-12,3.87922544741723e-09,2.0894214329312175e-12,5.393406539251881e-13,1.1795024821433785e-12,2.9759814715234514e-21,1.8816961255128326e-16
4.940999999999999,548,101324.99999999996,2.771e-08,0.066,0.29999999999999993,0.6339999999999998,0.22000000000000003,548.0,1e-11,1e-22,IdealGasReactor,off,0.6306740602934601,0.0,0.0,0.2818035616730683,0.032727547222189464,0.010906328729131089,8.29448261905429e-12,0.04388850207385667,0.0,0.0028944294007099054,3.851960376862535e-11,0.56833160705053,5.475780098458259e-09,1.4524833658675455e-07,1.2095132011679992e-07,1.050507046333525e-05,0.42802080541927634,4.5815653059916245e-05,3.941123485435175e-05,0.0005585869025620735,4.9945010819330595e-06,2.4705627325218067e-13,1.9051670703276362e-09,9.3571148091406e-05,0.0,0.0,0.0,0.0,0.0,0.0,0.0,0.0,0.0,0.0,0.0,0.0,-2.612870487826497e-07,5.225740974919068e-07,1.741913657308994e-07,1.4372361568316433e-16,-3.4838273162930186e-07,0.0,-7.500347919519508e-15,-3.716676841900912e-22,-8.772916102889185e-18,1.7782982207394053e-20,-7.039627297159446e-17,3.017554874593445e-19,-2.9722667360561667e-19,-7.5465997367053e-15,7.485449481340994e-21,1.4954871628667125e-17,-1.0173134683704005e-20,-2.4934325589645328e-21,-2.5888424254604542e-21,-1.250779012737844e-22,7.55542301346942e-15,3.4450877488896754e-07,2.612870487826497e-07,4.906951953168855e-07,-5.225723415162279e-07,-4.4671062939342236e-07,1.5775642359881832e-10,1.2651779571810383e-07,7.316720692340098e-08,7.555179278411186e-08,7.316720692340098e-08,1.7409780580073226e-07,1.7409780580073226e-07,-1.4372361568316433e-16,3.48195613032293e-07,-1.8208332179593246e-16,3.2158779866529883e-19,-1.4369927358214249e-15,3.4819561900434337e-07,1.182948018313641e-13,5.924892437719142e-12,7.608142218252676e-11,-2.1811073523943944e-11,-1.1640592801377366e-19,3.479805399123999e-07,5.924892437719142e-12,7.608142218252676e-11,-1.6803602889780975e-07,2.1507153652048163e-10,-1.7397629419438345e-07,-6.155336833089663e-09,-6.1553368327924365e-09,-1.8804212823617743e-16,3.876004452866604e-09,1.1906701326242062e-20,-1.7559756789999755e-12,3.873956740334334e-09,2.0865831224479967e-12,5.389018530119353e-13,1.1780152023699077e-12,2.972259038291573e-21,1.8804200315827615e-16
4.949999999999999,548,101325.00000000003,2.771e-08,0.066,0.29999999999999993,0.6339999999999998,0.22000000000000003,548.0,1e-11,1e-22,IdealGasReactor,off,0.6306688095837057,0.0,0.0,0.2817762388464896,0.03277722805995751,0.010922889032138687,8.308156669204215e-12,0.043854834469400285,0.0,0.002893572335611653,3.848711325309192e-11,0.5684891314211038,5.4744156328679696e-09,1.4542529413081378e-07,1.2096541950270517e-07,1.0509407220126237e-05,0.427864802113176,4.579191250707255e-05,3.9369331894496304e-05,0.0005580475356565185,4.9927810821648755e-06,2.4682391738475404e-13,1.905564798925978e-09,9.350935232008871e-05,0.0,0.0,0.0,0.0,0.0,0.0,0.0,0.0,0.0,0.0,0.0,0.0,-2.6110704672307933e-07,5.222140933003562e-07,1.7407136435862742e-07,1.4367102821882383e-16,-3.4814272887939394e-07,0.0,-6.654292769232417e-16,3.0928805448667585e-22,-7.32613559970369e-18,2.1749685588743206e-22,2.0805246766933752e-18,6.048344638987738e-20,-6.337609699197532e-20,-6.447662804062487e-16,-2.2380190373350656e-21,1.1106230511727152e-17,-6.156440948787402e-21,-7.628931693211721e-22,2.2959065406911073e-22,-9.525415139294708e-24,6.521428829283478e-16,3.442740352065229e-07,2.6110704672307933e-07,4.903090533925961e-07,-5.222123395478878e-07,-4.464089763424689e-07,1.5754852362354945e-10,1.2648730168969305e-07,7.309140922026773e-08,7.549383662721174e-08,7.309140922026773e-08,1.7397792803555897e-07,1.7397792803555897e-07,-1.4367102821882383e-16,3.4795585750054433e-07,-1.818241221627071e-16,3.2118692127018575e-19,-1.4357248218653903e-15,3.4795585657221295e-07,1.1821334804143651e-13,5.916104971125106e-12,7.598902816552538e-11,-2.1767788058195154e-11,-1.1625115557435898e-19,3.477410004105711e-07,5.916104971125106e-12,7.598902816552538e-11,-1.679185113846679e-07,2.148555094989681e-10,-1.7385650884912558e-07,-6.152852973959526e-09,-6.15285297389615e-09,-1.879144347106564e-16,3.870738848724311e-09,1.1891625980670482e-20,-1.753752468383479e-12,3.8686936728710325e-09,2.0837478507985793e-12,5.384631831793717e-13,1.1765293824923894e-12,2.968540191539096e-21,1.8791442518524125e-16
4.959,548,101324.99999999997,2.771e-08,0.066,0.29999999999999993,0.6339999999999998,0.22000000000000003,548.0,1e-11,1e-22,IdealGasReactor,off,0.6306635625800323,0.0,0.0,0.281748935305037,0.032826873831762665,0.010939437646475165,8.321825509650033e-12,0.04382119062837103,0.0,0.0028927150255979375,3.8454644289608126e-11,0.5686466394353896,5.473050964780984e-09,1.45601953772211e-07,1.2097935675870476e-07,1.0513733344602469e-05,0.4277088149465675,4.5768172949460166e-05,3.9327464853160865e-05,0.0005575085889594525,4.991060961788563e-06,2.4659174341438985e-13,1.9059625565204335e-09,9.344757235126504e-05,0.0,0.0,0.0,0.0,0.0,0.0,0.0,0.0,0.0,0.0,0.0,0.0,-2.609270940994136e-07,5.218541880724563e-07,1.7395139594958267e-07,1.4361844637895774e-16,-3.479027920290293e-07,0.0,1.9774645319115255e-15,-9.172498219446725e-22,5.9150996942612285e-18,4.000157973924081e-21,-1.7209750724516857e-17,-7.999167395632799e-20,8.133832399356432e-20,1.9463794865015604e-15,2.872780697886584e-21,-7.806048789793047e-18,3.75850311997817e-21,-5.261385683720102e-22,6.753279469582315e-22,-8.061691495006656e-24,-1.952337215727491e-15,3.4403935578642027e-07,2.609270940994136e-07,4.899230564289299e-07,-5.218524365409685e-07,-4.4610740341249665e-07,1.5734084721377364e-10,1.2645677042055802e-07,7.301565396153745e-08,7.543589881345147e-08,7.301565396153745e-08,1.7385808308706586e-07,1.7385808308706586e-07,-1.4361844637895774e-16,3.477161676021593e-07,-1.8156523607504984e-16,3.207864559288912e-19,-1.4344575356575579e-15,3.477161640841331e-07,1.18131916549668e-13,5.907328012129236e-12,7.589672513214415e-11,-2.1724579353992545e-11,-1.1609655691354832e-19,3.475015264251143e-07,5.907328012129236e-12,7.589672513214415e-11,-1.6780102658586685e-07,2.1463961135601896e-10,-1.73736756338228e-07,-6.150369363715819e-09,-6.1503693637971575e-09,-1.8778688676892316e-16,3.86547888418355e-09,1.1876565757659736e-20,-1.7515314878220917e-12,3.863436242609045e-09,2.0809156166789604e-12,5.380246447421337e-13,1.1750450220219817e-12,2.9648249302272767e-21,1.8778687870723167e-16
4.967999999999999,548,101325.0,2.771e-08,0.066,0.29999999999999993,0.6339999999999998,0.22000000000000003,548.0,1e-11,1e-22,IdealGasReactor,off,0.63065831928126,0.0,0.0,0.2817216510425735,0.03287648454876389,0.01095597457586034,8.33548914128381e-12,0.043787570543206734,0.0,0.0028918574714851377,3.842219688095209e-11,0.5688041310607636,5.47168609530181e-09,1.457783156836981e-07,1.2099313209283765e-07,1.0518048843528704e-05,0.4275528439512467,4.5744434404561626e-05,3.9285633723337527e-05,0.0005569700624247569,4.989340721747214e-06,2.4635975130134214e-13,1.906360342851893e-09,9.338580822376771e-05,0.0,0.0,0.0,0.0,0.0,0.0,0.0,0.0,0.0,0.0,0.0,0.0,-2.6074719106025266e-07,5.214943819100673e-07,1.738314605782117e-07,1.4356587017418481e-16,-3.476629213304475e-07,0.0,1.1429775961278337e-14,-3.165608440801432e-22,-1.7778954576759194e-17,2.811422642289131e-21,6.675021965013832e-17,6.858319894799663e-20,-6.80678654263761e-20,1.1527177616606979e-14,-1.8322576643610037e-21,1.2575714137969763e-17,-1.5142702316035657e-20,2.83128414040416e-22,-3.2101966626183025e-21,-1.4373619729951232e-22,-1.1509275950780908e-14,3.4380473688257977e-07,2.6074719106025266e-07,4.895372047271908e-07,-5.214926325973306e-07,-4.4580591085337535e-07,1.5713339428190676e-10,1.2642620195969003e-07,7.293994119804206e-08,7.537797938997761e-08,7.293994119804206e-08,1.7373827105430682e-07,1.7373827105430682e-07,-1.4356587017418481e-16,3.4747654353524763e-07,-1.8130666330584966e-16,3.2038640247459774e-19,-1.4331908777341453e-15,3.474765304378735e-07,1.1805050742336297e-13,5.8985615552007676e-12,7.580451305679772e-11,-2.1681447307115144e-11,-1.1594213192198928e-19,3.4726211810495533e-07,5.8985615552007676e-12,7.580451305679772e-11,-1.6768357457528903e-07,2.1442384219414113e-10,-1.7361703673601807e-07,-6.147886002922668e-09,-6.1478860028546e-09,-1.876595075720349e-16,3.86022455755973e-09,1.186152065348275e-20,-1.7493127367663515e-12,3.8581844478677225e-09,2.0780864191820305e-12,5.375862381179713e-13,1.1735621206944854e-12,2.961113253892997e-21,1.876593638358376e-16
4.976999999999999,548,101325.00000000003,2.771e-08,0.066,0.29999999999999993,0.6339999999999998,0.22000000000000003,548.0,1e-11,1e-22,IdealGasReactor,off,0.6306530796862074,0.0,0.0,0.2816943860529503,0.03292606022214128,0.010972499824020791,8.349147564999258e-12,0.04375397420633089,0.0,0.002890999673650122,3.838977102400875e-11,0.5689616061789943,5.4703210247077105e-09,1.4595438001632446e-07,1.210067456978971e-07,1.0522353723940755e-05,0.42739688924515057,4.572069688293148e-05,3.92438384920146e-05,0.0005564319559211492,4.987620363126962e-06,2.461279409972842e-13,1.906758158048066e-09,9.332405998099916e-05,0.0,0.0,0.0,0.0,0.0,0.0,0.0,0.0,0.0,0.0,0.0,0.0,-2.6056733767473346e-07,5.211346751094465e-07,1.737115583288098e-07,1.4351329964409126e-16,-3.4742311680344553e-07,0.0,7.663284861393072e-15,-1.9399737175128664e-22,-2.805588592119642e-18,2.100963538988804e-21,9.649219340619698e-17,1.2446090368717876e-19,-1.19324939263837e-19,7.76222397416521e-15,-4.42511123411298e-21,-5.099859665775461e-19,-3.640541833190566e-21,1.8963632530661005e-21,-3.6227534004032193e-22,4.01085235382258e-23,-7.759405304348201e-15,3.4357017851766123e-07,2.6056733767473346e-07,4.891514984401894e-07,-5.211329280132323e-07,-4.4550449877984706e-07,1.5692616469248304e-10,1.2639559631797665e-07,7.286427095841492e-08,7.532007838107161e-08,7.286427095841492e-08,1.7361849198363747e-07,1.7361849198363747e-07,-1.4351329964409126e-16,3.472369853925095e-07,-1.810484036418885e-16,3.1998676067854256e-19,-1.431924848701963e-15,3.472369760615379e-07,1.1796912069401873e-13,5.889805593007798e-12,7.57123918907965e-11,-2.1638391806608357e-11,-1.1578788049594331e-19,3.47022775618811e-07,5.889805593007798e-12,7.57123918907965e-11,-1.6756615543541293e-07,2.1420820213223577e-10,-1.734973501266827e-07,-6.145402893396865e-09,-6.14540289327754e-09,-1.8753184051629346e-16,3.854975865991575e-09,1.1846490660785787e-20,-1.7470962141320737e-12,3.8529382857843106e-09,2.0752602567646406e-12,5.371479635610081e-13,1.17208067788649e-12,2.9574051611521316e-21,1.87531880624817e-16
4.985999999999999,548,101324.99999999999,2.771e-08,0.066,0.29999999999999993,0.6339999999999998,0.22000000000000003,548.0,1e-11,1e-22,IdealGasReactor,off,0.630647843793691,0.0,0.0,0.28166714033000784,0.03297560086309507,0.010989013394689925,8.362800781691913e-12,0.04372040161015337,0.0,0.002890141632895766,3.8357366721317296e-11,0.5691190647548366,5.468955754077329e-09,1.4613014694288984e-07,1.2102019778173031e-07,1.0526647992633585e-05,0.4272409508627137,4.569696040182364e-05,3.920207915191857e-05,0.000555894269398911,4.985899886875202e-06,2.4589631246184784e-13,1.907156001862054e-09,9.326232766183381e-05,0.0,0.0,0.0,0.0,0.0,0.0,0.0,0.0,0.0,0.0,0.0,0.0,-2.603875340886489e-07,5.207750680160742e-07,1.7359168927593085e-07,1.4346073480018166e-16,-3.4718337866107003e-07,0.0,5.739429261434592e-15,-7.836515144290724e-22,6.022170038512141e-18,1.0061565195541958e-20,1.779976211183868e-17,-5.905407829138575e-20,5.694394054876298e-20,5.722882734199053e-15,3.3454401009524803e-21,-2.818534093027785e-17,2.792438559460062e-21,2.5027383408557544e-22,-8.921648131858114e-22,1.6638765570499114e-22,-5.728951282517707e-15,3.433356809064451e-07,2.603875340886489e-07,4.887659378637197e-07,-5.207733231341548e-07,-4.4520316743700054e-07,1.567191583559266e-10,1.2636495354334333e-07,7.278864329256216e-08,7.526219583305154e-08,7.278864329256216e-08,1.7349874597224023e-07,1.7349874597224023e-07,-1.4346073480018166e-16,3.469974933683199e-07,-1.8079045685609102e-16,3.195875303711313e-19,-1.4306594490966503e-15,3.4699748607813774e-07,1.1788775642766807e-13,5.881060119941741e-12,7.562036160761753e-11,-2.1595412748168246e-11,-1.1563380252597438e-19,3.4678349911581643e-07,5.881060119941741e-12,7.562036160761753e-11,-1.6744876924018997e-07,2.139926912725938e-10,-1.7337769658465614e-07,-6.1429200357408705e-09,-6.1429200357978144e-09,-1.8740426279605819e-16,3.849732807745209e-09,1.183147577568731e-20,-1.7448819193471327e-12,3.8476977546249285e-09,2.0724371284911464e-12,5.367098214828653e-13,1.1706006933181795e-12,2.953700651501299e-21,1.874044291837139e-16
4.994999999999999,548,101325.0,2.771e-08,0.066,0.29999999999999993,0.6339999999999998,0.22000000000000003,548.0,1e-11,1e-22,IdealGasReactor,off,0.6306426116025245,0.0,0.0,0.2816399138675751,0.033025106482845755,0.011005515291607936,8.376448792259098e-12,0.04368685274707026,0.0,0.0028892833498883547,3.832498397355647e-11,0.56927650672656,5.467590284232096e-09,1.4630561662948505e-07,1.2103348854752384e-07,1.0530931656492351e-05,0.4270850288650233,4.567322497633503e-05,3.916035569387451e-05,0.0005553570027814664,4.984179293982912e-06,2.4566486565182023e-13,1.907553874167021e-09,9.320061130650612e-05,0.0,0.0,0.0,0.0,0.0,0.0,0.0,0.0,0.0,0.0,0.0,0.0,-2.602077804229625e-07,5.204155606336902e-07,1.7347185349704804e-07,1.4340817566292373e-16,-3.4694370712358344e-07,0.0,-2.033615227759546e-15,-1.1747974126670623e-21,2.4242824678983566e-18,5.8414519405842875e-21,6.884916729343448e-17,-2.0262616285098966e-19,1.8970560168291137e-19,-1.9788983419699065e-15,6.5497714894823144e-21,-1.1447375398068973e-17,-1.5943625598695095e-21,4.0128599466478755e-22,-2.4173429769987813e-21,1.8556185579263665e-22,1.9764476863583866e-15,3.4310124427130127e-07,2.602077804229625e-07,4.883805232470908e-07,-5.204138179638385e-07,-4.449019170277557e-07,1.5651237516756448e-10,1.2633427367194026e-07,7.271305824340802e-08,7.520433178508652e-08,7.271305824340802e-08,1.7337903310084858e-07,1.7337903310084858e-07,-1.4340817566292373e-16,3.467580676241434e-07,-1.805328227254894e-16,3.1918871136315022e-19,-1.4293946794745262e-15,3.4675806803718956e-07,1.1780641467916714e-13,5.872325129825805e-12,7.552842217346897e-11,-2.15525100254364e-11,-1.1547989790426776e-19,3.465442887510196e-07,5.872325129825805e-12,7.552842217346897e-11,-1.6733141606610404e-07,2.1377730972225937e-10,-1.7325807618731285e-07,-6.140437430944001e-09,-6.140437431133706e-09,-1.8727682404216582e-16,3.844495380711862e-09,1.1816475993161763e-20,-1.7426698516705355e-12,3.842462852282152e-09,2.0696170332246166e-12,5.362718122439299e-13,1.169122166596349e-12,2.9499997241462834e-21,1.872770096040216e-16
5.004,548,101324.99999999996,2.771e-08,0.066,0.29999999999999993,0.6339999999999998,0.22000000000000003,548.0,1e-11,1e-22,IdealGasReactor,off,0.6306373831115201,0.0,0.0,0.28161270665946997,0.03307457709263433,0.011022005518521796,8.390091597599883e-12,0.04365332760946381,0.0,0.0028884248252064103,3.829262278021308e-11,0.5694339320151875,5.4662246158278475e-09,1.464807892382685e-07,1.2104661819553396e-07,1.0535204722466145e-05,0.42692912333051747,4.564949062017397e-05,3.911866810748492e-05,0.0005548201559749321,4.982458585470619e-06,2.4543360052219407e-13,1.9079517749139413e-09,9.313891095615784e-05,0.0,0.0,0.0,0.0,0.0,0.0,0.0,0.0,0.0,0.0,0.0,0.0,-2.600280767826467e-07,5.200561534030219e-07,1.7335205107158016e-07,1.4335562225862003e-16,-3.467041022704936e-07,0.0,-8.988891400684995e-15,1.7442960109748624e-22,5.172975689026367e-18,1.4155513862651188e-20,1.8937274420442003e-17,3.3039578898838053e-19,-3.3245546871363756e-19,-8.985665995174802e-15,4.3280629149800495e-21,-1.082248576331206e-17,6.2659690726844776e-21,2.2079001512688846e-21,5.152345811327335e-22,1.1094584553675823e-22,8.980456874406948e-15,3.42866868694087e-07,2.600280767826467e-07,4.879952548095998e-07,-5.200544129430116e-07,-4.4460074772777093e-07,1.5630581501300648e-10,1.2630355673232478e-07,7.263751584935814e-08,7.514648627173465e-08,7.263751584935814e-08,1.732593534395673e-07,1.732593534395673e-07,-1.4335562225862003e-16,3.465187083001841e-07,-1.8027550102982161e-16,3.187903034527629e-19,-1.428130540405404e-15,3.4651871572144444e-07,1.177250954961502e-13,5.8636006161167125e-12,7.543657354987429e-11,-2.1509683530773345e-11,-1.153261665240775e-19,3.463051446833962e-07,5.8636006161167125e-12,7.543657354987429e-11,-1.672140959913323e-07,2.1356205759137908e-10,-1.731384890139867e-07,-6.137955080247864e-09,-6.1379550799154086e-09,-1.8714951101972655e-16,3.8392635825400935e-09,1.1801491307445248e-20,-1.740460010252615e-12,3.837233576406628e-09,2.0667999696982957e-12,5.358339361715355e-13,1.1676450972545974e-12,2.9463023781050756e-21,1.871496219655721e-16
5.012999999999999,548,101325.00000000004,2.771e-08,0.066,0.29999999999999993,0.6339999999999998,0.22000000000000003,548.0,1e-11,1e-22,IdealGasReactor,off,0.6306321583194874,0.0,0.0,0.28158551869949866,0.03312401270372267,0.011038484079185201,8.403729198614987e-12,0.04361982618970208,0.0,0.0028875660592353703,3.8260283138177065e-11,0.5695913405040725,5.464858749156593e-09,1.4665566492162623e-07,1.2105958691937581e-07,1.0539467197628935e-05,0.4267732343755409,4.562575734400723e-05,3.907701637970651e-05,0.0005542837288478879,4.9807377624225195e-06,2.452025170241258e-13,1.9083497042250742e-09,9.307722665392332e-05,0.0,0.0,0.0,0.0,0.0,0.0,0.0,0.0,0.0,0.0,0.0,0.0,-2.5984842323775647e-07,5.196968461773756e-07,1.7323228208335796e-07,1.4330307462631984e-16,-3.464645640614176e-07,0.0,-2.1325440537135854e-14,-1.912278656391358e-20,8.743046073182783e-17,1.6625218857015884e-19,1.5536574780069916e-16,-1.531435568635775e-18,1.5057946240078563e-18,-2.142071268546065e-14,5.62329286280983e-20,-1.6051863357995092e-16,8.648624133831617e-20,-4.5958128984052075e-20,-2.025794598337688e-20,1.7089592019559374e-22,2.1332604458752865e-14,3.4263255413728884e-07,2.5984842323775647e-07,4.876101327053432e-07,-5.196951079249816e-07,-4.4429965965337703e-07,1.5609947775682964e-10,1.262728027363616e-07,7.25620161390523e-08,7.508865931750682e-08,7.25620161390523e-08,1.7313970703536082e-07,1.7313970703536082e-07,-1.4330307462631984e-16,3.46279415490399e-07,-1.8001849155481227e-16,3.1839230641087384e-19,-1.4268670324895306e-15,3.462794353481513e-07,1.176437989105282e-13,5.854886571480165e-12,7.53448156882029e-11,-2.146693315364995e-11,-1.1517260828105302e-19,3.460660670805497e-07,5.854886571480165e-12,7.53448156882029e-11,-1.6709680909790968e-07,2.1334693499713975e-10,-1.7301893514833516e-07,-6.135472985448274e-09,-6.135472986954068e-09,-1.8702209542689134e-16,3.83403741038186e-09,1.178652171118078e-20,-1.7382523940084957e-12,3.832009924128768e-09,2.0639859363655748e-12,5.353961935210964e-13,1.166169484668439e-12,2.9426086119903868e-21,1.8702226632281153e-16
5.021999999999999,548,101325.0,2.771e-08,0.066,0.29999999999999993,0.6339999999999998,0.22000000000000003,548.0,1e-11,1e-22,IdealGasReactor,off,0.6306269372252344,0.0,0.0,0.2815583499814578,0.03317341332739058,0.011054950977358771,8.417361596207352e-12,0.043586348480141,0.0,0.0028867070535011675,3.822796505946205e-11,0.5697487322995829,5.4634926866584905e-09,1.468302438906112e-07,1.210723949528246e-07,1.0543719088390969e-05,0.4266173618920429,4.560202517642622e-05,3.903540051283945e-05,0.0005537477214872913,4.979016825544206e-06,2.4497161513004483e-13,1.90874766121284e-09,9.301555843071615e-05,0.0,0.0,0.0,0.0,0.0,0.0,0.0,0.0,0.0,0.0,0.0,0.0,-2.596688200634305e-07,5.193376399835452e-07,1.731125465896365e-07,1.432505327296116e-16,-3.46225093322775e-07,0.0,-5.047039281487909e-16,7.035044302126575e-23,1.1579701197833257e-19,1.0230029418112645e-22,6.553917429380149e-20,-4.2881042954748955e-21,4.39315623326913e-21,-5.04391460672399e-16,-7.986554022202359e-23,3.6771203455279972e-19,-1.6906109614227713e-23,-8.240786852559538e-23,-4.478890433888317e-23,-1.6523882593301943e-24,5.042751618700086e-16,3.423983014271773e-07,2.596688200634305e-07,4.872251574708082e-07,-5.19335903936542e-07,-4.439986532698102e-07,1.5589336338617007e-10,1.2624201179504237e-07,7.248655919804678e-08,7.503085100588333e-08,7.248655919804678e-08,1.7302009407122625e-07,1.7302009407122625e-07,-1.432505327296116e-16,3.4604018956071764e-07,-1.7976179404913352e-16,3.1799472016650105e-19,-1.4256041561364269e-15,3.4604018850359353e-07,1.1756252504664268e-13,5.846182993183766e-12,7.525314859908198e-11,-2.1424258801076054e-11,-1.1501922305564735e-19,3.458270560573061e-07,5.846182993183766e-12,7.525314859908198e-11,-1.6697955544456728e-07,2.1313194201226297e-10,-1.7289941464762436e-07,-6.132991145069229e-09,-6.132991145073622e-09,-1.8689494453185214e-16,3.828816864327926e-09,1.1771567206287878e-20,-1.7360470032218442e-12,3.8267918955977026e-09,2.061174933303078e-12,5.349585849693719e-13,1.1646953291321824e-12,2.9389184267699043e-21,1.8689494287946388e-16
5.031,548,101324.99999999999,2.771e-08,0.066,0.29999999999999993,0.6339999999999998,0.22000000000000003,548.0,1e-11,1e-22,IdealGasReactor,off,0.6306217198275664,0.0,0.0,0.28153120049913116,0.03322277897494054,0.011071406216809703,8.430988791281217e-12,0.043552894473121134,0.0,0.0028858478077764546,3.819566853275542e-11,0.5699061071652245,5.462126427470694e-09,1.4700452626711603e-07,1.2108504246825153e-07,1.0547960402210229e-05,0.4264615061169563,4.5578294118447075e-05,3.899382048549111e-05,0.0005532121336431361,4.977295776123196e-06,2.4474089477922143e-13,1.9091456465423536e-09,9.295390633611604e-05,0.0,0.0,0.0,0.0,0.0,0.0,0.0,0.0,0.0,0.0,0.0,0.0,-2.594892672190605e-07,5.189785345956356e-07,1.7299284468821518e-07,1.4319799664809694e-16,-3.459856895275756e-07,0.0,6.263306691897519e-15,3.910173021386182e-21,-1.0201905773946036e-17,-3.132337837515689e-20,-3.0076440597149776e-16,3.069965038204805e-19,-2.9832599663969964e-19,5.970839076214773e-15,-5.7785303794919274e-21,-2.320705519112559e-18,-1.801795748756619e-20,-1.0191821574236565e-20,3.9275732111808745e-21,2.583280081059339e-22,-5.9605586050480545e-15,3.421641100412754e-07,2.594892672190605e-07,4.868403290533504e-07,-5.189768007517995e-07,-4.436977285050756e-07,1.5568747169907678e-10,1.2621118386710145e-07,7.241114502408697e-08,7.497306132952761e-08,7.241114502408697e-08,1.7290051452070123e-07,1.7290051452070123e-07,-1.4319799664809694e-16,3.4580103045827253e-07,-1.7950540831794862e-16,3.1759754440446716e-19,-1.4243419120454753e-15,3.4580102292736115e-07,1.174812738865132e-13,5.837489871392009e-12,7.516157220174892e-11,-2.138166035325991e-11,-1.1486601075136963e-19,3.455881118091428e-07,5.837489871392009e-12,7.516157220174892e-11,-1.6686233512555193e-07,2.1291707877692694e-10,-1.7277992760944694e-07,-6.1305095626632555e-09,-6.1305095623649295e-09,-1.8676739328139646e-16,3.823601939917181e-09,1.1756627780368162e-20,-1.7338438360643057e-12,3.8215794863001795e-09,2.058366958080418e-12,5.345211105439682e-13,1.1632226295218085e-12,2.935231819775581e-21,1.8676765160940456e-16
5.039999999999999,548,101325.00000000004,2.771e-08,0.066,0.29999999999999993,0.6339999999999998,0.22000000000000003,548.0,1e-11,1e-22,IdealGasReactor,off,0.6306165061252869,0.0,0.0,0.2815040702462919,0.033272109657694955,0.011087849801311955,8.444610784742647e-12,0.043519464160969516,0.0,0.002884988322863572,3.81633935603897e-11,0.5700634650659989,5.46075997266935e-09,1.4717851222521762e-07,1.2109752967427274e-07,1.0552191145943772e-05,0.42630566708447437,4.5554564187267744e-05,3.895227629011364e-05,0.0005526769652624146,4.975574615104493e-06,2.445103559300002e-13,1.9095436599673257e-09,9.289227040864024e-05,0.0,0.0,0.0,0.0,0.0,0.0,0.0,0.0,0.0,0.0,0.0,0.0,-2.5930976484920945e-07,5.186195291373394e-07,1.7287317645289022e-07,1.4314546639319802e-16,-3.457463530518764e-07,0.0,9.525682243159402e-14,-1.1321495678224555e-20,1.1979205127530108e-17,-1.4750729680743035e-19,4.1809980380857733e-16,-2.4013384054659415e-18,2.4062146351769416e-18,9.567525217127917e-14,6.027730231835409e-20,1.491739235339723e-17,1.3853665731581073e-21,-4.0036187882420097e-20,3.5863861741089037e-20,6.862479528810053e-22,-9.568728682247649e-14,3.4192998035742755e-07,2.5930976484920945e-07,4.864556477456538e-07,-5.186177974944475e-07,-4.433968856023372e-07,1.554818026042332e-10,1.261803190008091e-07,7.233577366630301e-08,7.491529033433904e-08,7.233577366630301e-08,1.727809684801534e-07,1.727809684801534e-07,-1.4314546639319802e-16,3.4556193837575474e-07,-1.7924933413282934e-16,3.1720077895222935e-19,-1.4230803007431245e-15,3.455618411418726e-07,1.174000454956188e-13,5.828807200423278e-12,7.50700864689241e-11,-2.133913770624921e-11,-1.1471297125791456e-19,3.453492344837684e-07,5.828807200423278e-12,7.50700864689241e-11,-1.6674514821406286e-07,2.1270234539103304e-10,-1.7266047410750406e-07,-6.128028238827349e-09,-6.128028241233563e-09,-1.8663970637332032e-16,3.818392635365774e-09,1.1741703429401493e-20,-1.7316428919427339e-12,3.816372694448884e-09,2.0555620097325595e-12,5.340837706529056e-13,1.1617513855426033e-12,2.9315487904645898e-21,1.866403926212732e-16
5.0489999999999995,548,101325.0,2.771e-08,0.066,0.29999999999999993,0.6339999999999998,0.22000000000000003,548.0,1e-11,1e-22,IdealGasReactor,off,0.6306112961171974,0.0,0.0,0.2814769592167026,0.03332140538699582,0.011104281734646268,8.458227577499592e-12,0.04348605753599999,0.0,0.002884128599648919,3.813114014579391e-11,0.5702208059830822,5.459393323489121e-09,1.473522019451598e-07,1.211098567826513e-07,1.0556411326416304e-05,0.42614984481251417,4.553083540140788e-05,3.891076792026095e-05,0.0005521422163080798,4.973853343405596e-06,2.44279998542418e-13,1.9099417011666992e-09,9.283065068588777e-05,0.0,0.0,0.0,0.0,0.0,0.0,0.0,0.0,0.0,0.0,0.0,0.0,-2.591303131133221e-07,5.182606260836732e-07,1.7275354195545122e-07,1.4309294197086397e-16,-3.455070840556484e-07,0.0,-7.608869502789043e-17,-2.0534121169604498e-23,-1.6888812235255698e-18,3.4505386018469145e-22,-1.3287829360051837e-19,1.1117307432712692e-21,-1.1109035626587162e-21,-7.455651168798091e-17,-2.2186070511019745e-22,-4.454376524716969e-20,-1.6329345007428043e-21,-1.9836825064787295e-22,-1.6224283782374371e-22,-1.1483432124261325e-23,7.62561669711355e-17,3.4169591253717987e-07,2.591303131133221e-07,4.860711138678896e-07,-5.182588966395028e-07,-4.4309612482976217e-07,1.5527635601909251e-10,1.2614941725174524e-07,7.226044517790765e-08,7.485753807050501e-08,7.226044517790765e-08,1.7266145605584038e-07,1.7266145605584038e-07,-1.4309294197086397e-16,3.453229135257755e-07,-1.7899357126265934e-16,3.168044236487133e-19,-1.4218193227417932e-15,3.4532291204314447e-07,1.1731883994615867e-13,5.820134974926505e-12,7.497869137761082e-11,-2.1296690757456075e-11,-1.1456010446391528e-19,3.4511042422493733e-07,5.820134974926505e-12,7.497869137761082e-11,-1.666279947815294e-07,2.1248774195097382e-10,-1.7254105421350026e-07,-6.125547173921813e-09,-6.125547173920702e-09,-1.8651317751810176e-16,3.813188949052669e-09,1.1726794150020052e-20,-1.729444170361773e-12,3.811171518468533e-09,2.0527600874095044e-12,5.336465657346988e-13,1.160281596965665e-12,2.927869338464326e-21,1.8651316603466964e-16
5.057999999999999,548,101324.99999999999,2.771e-08,0.066,0.29999999999999993,0.6339999999999998,0.22000000000000003,548.0,1e-11,1e-22,IdealGasReactor,off,0.6306060898020961,0.0,0.0,0.2814498674041145,0.0333706661742042,0.011120702020600129,8.471839170461928e-12,0.04345267459051331,0.0,0.0028832686388340794,3.809890828989617e-11,0.5703781298620686,5.458026480816741e-09,1.4752559559631546e-07,1.2112202399881084e-07,1.0560620950570202e-05,0.4259940393547988,4.5507107776460326e-05,3.886929536693379e-05,0.0005516078867065928,4.972131962004146e-06,2.4404982257243236e-13,1.910339769982458e-09,9.276904720730163e-05,0.0,0.0,0.0,0.0,0.0,0.0,0.0,0.0,0.0,0.0,0.0,0.0,-2.589509121373916e-07,5.179018239782273e-07,1.7263394127190423e-07,1.430404233990843e-16,-3.452678828389845e-07,0.0,-4.827055499782614e-14,1.3178490715995515e-21,-6.726242717178423e-17,3.558664937996437e-20,1.5309765826574816e-16,1.0477532859739678e-18,-1.1704415416084454e-18,-4.7963702588868366e-14,-5.921067068992543e-21,8.478527663309867e-17,-4.9925643034922636e-20,5.7838277887297655e-21,-2.707052352380002e-20,-1.2987580015028078e-21,4.803137686725778e-14,3.414619068826995e-07,2.589509121373916e-07,4.856867276779335e-07,-5.179000967305567e-07,-4.427954463991284e-07,1.5507113184088387e-10,1.2611847865957403e-07,7.218515960270534e-08,7.479980457856689e-08,7.218515960270534e-08,1.725419773318255e-07,1.725419773318255e-07,-1.430404233990843e-16,3.450839560763843e-07,-1.7873811948179102e-16,3.1640847830629747e-19,-1.4205589785809605e-15,3.4508400248434157e-07,1.1723765729525148e-13,5.811473188784634e-12,7.488738689501065e-11,-2.125431940148233e-11,-1.1440741026006412e-19,3.44871681184405e-07,5.811473188784634e-12,7.488738689501065e-11,-1.665108749030704e-07,2.1227326855969827e-10,-1.7242166800322184e-07,-6.1230663688338364e-09,-6.123066367663395e-09,-1.8638727070270384e-16,3.8079908789397985e-09,1.171189993733574e-20,-1.7272476706000054e-12,3.805975956284972e-09,2.0499611899919553e-12,5.332094961587768e-13,1.1588132634094098e-12,2.9241934630084413e-21,1.8638597194470234e-16
5.066999999999999,548,101324.99999999999,2.771e-08,0.066,0.29999999999999993,0.6339999999999998,0.22000000000000003,548.0,1e-11,1e-22,IdealGasReactor,off,0.630600887178781,0.0,0.0,0.2814227948022668,0.03341989203070477,0.011137110662967551,8.485445564540684e-12,0.043419315316794424,0.0,0.0028824084403091957,3.806669798285801e-11,0.5705354364888116,5.4566594440096625e-09,1.476986933078396e-07,1.211340314995035e-07,1.0564820025820545e-05,0.4258382509257726,4.5483381315274865e-05,3.882785861020222e-05,0.0005510739762292909,4.97041047215173e-06,2.4381982796105594e-13,1.9107378669804365e-09,9.270746002115269e-05,0.0,0.0,0.0,0.0,0.0,0.0,0.0,0.0,0.0,0.0,0.0,0.0,-2.587715619015147e-07,5.175431234682687e-07,1.7251437449671535e-07,1.4298791074989775e-16,-3.4502874893123747e-07,0.0,1.0838332322306407e-14,-1.1256525514268284e-21,2.9362084482738794e-17,-1.9278367998442692e-21,1.9199711697280987e-16,-8.162221237979252e-19,8.059038728369387e-19,1.0824119332790245e-14,7.762026790527672e-22,-1.756145339195892e-16,2.911595097998998e-20,8.857992836494808e-21,-2.8264818726310813e-21,2.158536998588064e-22,-1.0853701232725511e-14,3.412279629275627e-07,2.587715619015147e-07,4.853024891611466e-07,-5.175413984148777e-07,-4.424948502736486e-07,1.5486612987972895e-10,1.2608750319340256e-07,7.210991694399098e-08,7.474208985712628e-08,7.210991694399098e-08,1.724225322953741e-07,1.724225322953741e-07,-1.4298791074989775e-16,3.448450660020698e-07,-1.7848297859098006e-16,3.1601294262517175e-19,-1.4192992689370473e-15,3.448450536236436e-07,1.171564975342443e-13,5.802821832615889e-12,7.479617294625823e-11,-2.1212023520717852e-11,-1.1425488854799983e-19,3.4463300555199303e-07,5.802821832615889e-12,7.479617294625823e-11,-1.6639378866994353e-07,2.1205892535179367e-10,-1.7230231557135324e-07,-6.120585826771817e-09,-6.120585827577721e-09,-1.862585944866151e-16,3.802798420796022e-09,1.1697020779854522e-20,-1.7250533909628516e-12,3.8007860036747855e-09,2.0471653152054733e-12,5.327725619948196e-13,1.1573463838393054e-12,2.9205211616574278e-21,1.8625881034031495e-16
5.076,548,101325.0,2.771e-08,0.066,0.29999999999999993,0.6339999999999998,0.22000000000000003,548.0,1e-11,1e-22,IdealGasReactor,off,0.6305956882460466,0.0,0.0,0.2813957414048892,0.03346908296789848,0.011153507665549458,8.49904676064933e-12,0.04338597970711712,0.0,0.002881548005748983,3.803450923843128e-11,0.5706927259999239,5.4552922157866175e-09,1.4787149530037674e-07,1.211458795248077e-07,1.0569008558570307e-05,0.42568247938696624,4.5459656048713814e-05,3.878645765405223e-05,0.0005505404849876238,4.968688874497558e-06,2.435900146819807e-13,1.9111359911364467e-09,9.264588915620922e-05,0.0,0.0,0.0,0.0,0.0,0.0,0.0,0.0,0.0,0.0,0.0,0.0,-2.5859226270612837e-07,5.171845252074092e-07,1.7239484168310744e-07,1.4293540397666163e-16,-3.447896835158592e-07,0.0,-5.0127193676215434e-15,-1.2662984072640558e-21,-3.695963369346932e-18,7.550128603449963e-21,6.188338009345193e-17,1.3187244197565388e-19,-1.3146298757244014e-19,-4.943968497509021e-15,-5.704729046551166e-23,2.9974643926551137e-18,-7.29698851586913e-21,5.490152821879298e-22,6.778537946755942e-22,-1.2941608498663862e-22,4.947685256238835e-15,3.4099408185474245e-07,2.5859226270612837e-07,4.849183989003656e-07,-5.171828023460773e-07,-4.421943369615607e-07,1.5466135013654167e-10,1.2605649097760313e-07,7.203471729382014e-08,7.46843939968387e-08,7.203471729382014e-08,1.723031211462524e-07,1.723031211462524e-07,-1.4293540397666163e-16,3.4460624370243637e-07,-1.782281483325118e-16,3.1561781655127814e-19,-1.4180401941830902e-15,3.446062470935374e-07,1.1707536079887282e-13,5.794180904192942e-12,7.470504954872473e-11,-2.116980302467245e-11,-1.141025392051255e-19,3.4439439743346084e-07,5.794180904192942e-12,7.470504954872473e-11,-1.662767361372744e-07,2.118447123912774e-10,-1.7218299697071655e-07,-6.118105545833034e-09,-6.118105545701571e-09,-1.8613181085976786e-16,3.797611575094962e-09,1.168215668053178e-20,-1.7228613318865562e-12,3.795601661116742e-09,2.0443724633029697e-12,5.323357639702322e-13,1.1558809586510972e-12,2.916852435638907e-21,1.8613168144368288e-16
5.084999999999999,548,101325.00000000003,2.771e-08,0.066,0.29999999999999993,0.6339999999999998,0.22000000000000003,548.0,1e-11,1e-22,IdealGasReactor,off,0.6305904930026857,0.0,0.0,0.28136870720569956,0.03351823899720823,0.011169893032153346,8.512642759702753e-12,0.043352667753740366,0.0,0.002880687335218512,3.800234204904406e-11,0.5708499982155725,5.453924795834461e-09,1.4804400171220312e-07,1.211575682580054e-07,1.0573186556161898e-05,0.4255267249183006,4.5435931982368735e-05,3.874509248084307e-05,0.0005500074127855469,4.966967170234711e-06,2.433603826791731e-13,1.911534142861059e-09,9.258433465875635e-05,0.0,0.0,0.0,0.0,0.0,0.0,0.0,0.0,0.0,0.0,0.0,0.0,-2.584130145623967e-07,5.168260289863421e-07,1.72275342921555e-07,1.4288290313980382e-16,-3.4455068598950817e-07,0.0,-1.3263313050184745e-15,3.233495469179445e-23,-1.937343596497847e-18,-5.114587498793944e-22,-4.4428466270264155e-18,-6.916553409923396e-20,6.526124160798367e-20,-1.3273128805467218e-15,-3.5329417105893997e-22,1.5763929391334022e-18,-1.8433251430475393e-21,4.37888736770259e-23,-3.9946071316601855e-23,3.779824251562168e-23,1.3292617891298812e-15,3.407602630646749e-07,2.584130145623967e-07,4.845344569388345e-07,-5.168243083148501e-07,-4.41893906479132e-07,1.5445679243977464e-10,1.260254419966189e-07,7.195956066399597e-08,7.462671700523592e-08,7.195956066399597e-08,1.7218374389236255e-07,1.7218374389236255e-07,-1.4288290313980382e-16,3.4436748919327175e-07,-1.779736285011694e-16,3.1522309980827684e-19,-1.4167817549637096e-15,3.4436748896915503e-07,1.1699424709450626e-13,5.7855503948188334e-12,7.461401663641372e-11,-2.112765779853877e-11,-1.1395036213052434e-19,3.4415585701008804e-07,5.7855503948188334e-12,7.461401663641372e-11,-1.661597173928226e-07,2.1163062980520208e-10,-1.720637122917459e-07,-6.1156255287323946e-09,-6.115625528797656e-09,-1.8600454746816536e-16,3.792430338058562e-09,1.1667307629258229e-20,-1.72067149188034e-12,3.790422924833226e-09,2.041582632250688e-12,5.318991022182695e-13,1.154416986946708e-12,2.913187282863014e-21,1.8600458526640787e-16
5.093999999999999,548,101325.00000000003,2.771e-08,0.066,0.29999999999999993,0.6339999999999998,0.22000000000000003,548.0,1e-11,1e-22,IdealGasReactor,off,0.6305853014474891,0.0,0.0,0.2813416921984048,0.03356736013007674,0.011186266766593407,8.52623356261763e-12,0.04331937944890969,0.0,0.002879826429441606,3.797019641580154e-11,0.5710072530855559,5.452557185080169e-09,1.4821621271572819e-07,1.2116909790576227e-07,1.0577354025564961e-05,0.4253709875692694,4.5412209132156435e-05,3.8703763081712515e-05,0.0005494747595520318,4.96524536033294e-06,2.4313093190841424e-13,1.9119323219777343e-09,9.252279656781348e-05,0.0,0.0,0.0,0.0,0.0,0.0,0.0,0.0,0.0,0.0,0.0,0.0,-2.582338175996136e-07,5.164676349471511e-07,1.7215587828701672e-07,1.4283040825589115e-16,-3.4431175668678184e-07,0.0,-7.0984702078209756e-15,-1.1770583438666383e-21,1.243263998330618e-17,-5.352226636333903e-21,1.0932442491974441e-16,3.671358430755358e-20,-6.173579783728267e-20,-7.019247641435116e-15,-8.875441278515045e-21,-1.7533178901402652e-17,1.6745484104356664e-20,-7.331405166634053e-22,1.373072033437585e-21,1.220242016291007e-22,7.006740105919148e-15,3.405265068940049e-07,2.582338175996136e-07,4.841506635398559e-07,-5.164659164632809e-07,-4.4159355904347123e-07,1.542524566880306e-10,1.259943562922459e-07,7.18844470989747e-08,7.456905892376498e-08,7.18844470989747e-08,1.7206440061993973e-07,1.7206440061993973e-07,-1.4283040825589115e-16,3.4412880264704e-07,-1.777194188698666e-16,3.148287922100497e-19,-1.415523951809875e-15,3.441288081162952e-07,1.1691315647973907e-13,5.776930298426813e-12,7.452307417726625e-11,-2.1085587737542892e-11,-1.137983572141738e-19,3.4391738443186087e-07,5.776930298426813e-12,7.452307417726625e-11,-1.66042732510726e-07,2.1141667769422647e-10,-1.7194446160929748e-07,-6.113145776290742e-09,-6.113145776229006e-09,-1.858773998818486e-16,3.787254707643062e-09,1.1652473621238181e-20,-1.7184838702371716e-12,3.785249792776931e-09,2.0387958209436684e-12,5.314625771144956e-13,1.152954468354098e-12,2.9095257025882396e-21,1.8587752190605023e-16
5.103,548,101324.99999999996,2.771e-08,0.066,0.29999999999999993,0.6339999999999998,0.22000000000000003,548.0,1e-11,1e-22,IdealGasReactor,off,0.6305801135792454,0.0,0.0,0.2813146963767009,0.03361644637796641,0.011202628872690497,8.539819170312444e-12,0.04328611478485728,0.0,0.002878965289204023,3.793807234059945e-11,0.5711644905718942,5.451189384567874e-09,1.4838812848711076e-07,1.211804686770797e-07,1.0581510973723553e-05,0.42521526737707155,4.538848751496002e-05,3.866246944859268e-05,0.0005489425252273814,4.96352344574081e-06,2.4290166232647307e-13,1.9123305282542356e-09,9.246127492167117e-05,0.0,0.0,0.0,0.0,0.0,0.0,0.0,0.0,0.0,0.0,0.0,0.0,-2.5805467195796966e-07,5.16109343762204e-07,1.7203644785287403e-07,1.4277791933735522e-16,-3.44072895853093e-07,0.0,3.9104214578748615e-15,-1.1572762911070523e-21,-3.5630816626649133e-19,1.2926507613373935e-20,1.0959176969372155e-17,-1.64242335450569e-18,1.5915012888163131e-18,3.924365997503748e-15,-1.301043628033674e-21,4.311824804601453e-18,2.1991316934635565e-20,-4.6851251401062065e-21,-1.3717632325988907e-20,5.171052921203062e-22,-3.924011713669247e-15,3.4029281359003894e-07,2.5805467195796966e-07,4.837670189869953e-07,-5.161076274637377e-07,-4.412932948902927e-07,1.540483427862787e-10,1.259632339117276e-07,7.180937664616494e-08,7.451141979700722e-08,7.180937664616494e-08,1.7194509142245721e-07,1.7194509142245721e-07,-1.4277791933735522e-16,3.4389018425070626e-07,-1.7746551920934988e-16,3.1443489357859636e-19,-1.4142667852407047e-15,3.438901787777837e-07,1.1683208901808379e-13,5.768320609186391e-12,7.443222214230783e-11,-2.1043592737906684e-11,-1.136465243451019e-19,3.4367897984563923e-07,5.768320609186391e-12,7.443222214230783e-11,-1.6592578156372552e-07,2.1120285615620365e-10,-1.718252449966669e-07,-6.110666289148508e-09,-6.11066629074001e-09,-1.8574997436284604e-16,3.782084681950634e-09,1.1637654652153913e-20,-1.7162984663207567e-12,3.780082263054073e-09,2.036012028359996e-12,5.310261890566928e-13,1.1514934025483853e-12,2.9058676941941095e-21,1.8575049146813816e-16
5.111999999999999,548,101325.00000000004,2.771e-08,0.066,0.29999999999999993,0.6339999999999998,0.22000000000000003,548.0,1e-11,1e-22,IdealGasReactor,off,0.6305749293967403,0.0,0.0,0.2812877197342728,0.03366549775235958,0.01121897935427213,8.553399583707429e-12,0.04325287375380176,0.0,0.0028781039149901396,3.7905969821320866e-11,0.5713217105772556,5.449821394773074e-09,1.4855974918694104e-07,1.211916807703828e-07,1.0585657407766618e-05,0.4250595644386222,4.536476714292665e-05,3.862121156933623e-05,0.0005484107096941115,4.961801427509087e-06,2.4267257388442657e-13,1.9127287617283696e-09,9.239976976187151e-05,0.0,0.0,0.0,0.0,0.0,0.0,0.0,0.0,0.0,0.0,0.0,0.0,-2.578755777234287e-07,5.157511552819338e-07,1.719170516994321e-07,1.4272543641670984e-16,-3.438341035301998e-07,0.0,-1.0580790401248546e-14,-1.5113949073844387e-21,5.418917560875701e-18,3.7324390377130534e-21,2.2245202777266063e-17,2.932851579868015e-20,-2.7890048713450434e-20,-1.0569952154776007e-14,-3.9658189970445196e-21,-5.917393202847438e-18,3.835227958811906e-21,-5.182157290674007e-21,-4.230677632210473e-21,3.065914287067957e-22,1.0564486173050506e-14,3.400591831972293e-07,2.578755777234287e-07,4.833835234624873e-07,-5.157494411666547e-07,-4.4099311416304855e-07,1.5384445060706233e-10,1.2593207487614676e-07,7.173434933788628e-08,7.445379965394468e-08,7.173434933788628e-08,1.7182581635743243e-07,1.7182581635743243e-07,-1.4272543641670984e-16,3.4365163411926434e-07,-1.7721192930001643e-16,3.140414036940774e-19,-1.4130102558252968e-15,3.436516431420955e-07,1.167510447486218e-13,5.759721320052571e-12,7.43414604869147e-11,-2.1001672691384195e-11,-1.1349486341632276e-19,3.434406434123088e-07,5.759721320052571e-12,7.43414604869147e-11,-1.6580886463061752e-07,2.1098916530052399e-10,-1.71706062534133e-07,-6.10818706881457e-09,-6.10818706878668e-09,-1.8562318742727636e-16,3.776920258288002e-09,1.1622850715232649e-20,-1.714115279132371e-12,3.7749203329705094e-09,2.0332312530472875e-12,5.305899383311442e-13,1.1500337889615838e-12,2.9022132564362803e-21,1.8562349401870506e-16
5.1209999999999996,548,101325.0,2.771e-08,0.066,0.29999999999999993,0.6339999999999998,0.22000000000000003,548.0,1e-11,1e-22,IdealGasReactor,off,0.6305697488987586,0.0,0.0,0.28126076226479546,0.033714514264757196,0.011235318215172554,8.566974803724837e-12,0.04321965634794919,0.0,0.002877242307505217,3.787388885873499e-11,0.5714789130478686,5.448453216587418e-09,1.4873107498769888e-07,1.212027343921196e-07,1.0589793334709205e-05,0.42490387880700886,4.534104803166174e-05,3.857998943471432e-05,0.0005478793128761211,4.960079306613247e-06,2.4244366653716844e-13,1.91312702224021e-09,9.233828112747875e-05,0.0,0.0,0.0,0.0,0.0,0.0,0.0,0.0,0.0,0.0,0.0,0.0,-2.5769653502138553e-07,5.153930699001762e-07,1.7179768990189185e-07,1.4267295951172973e-16,-3.4359537993357997e-07,0.0,-1.3987592559972298e-16,-2.0915784820710813e-23,1.2936972310829796e-17,-4.167992561097614e-22,1.4293680984916318e-21,-1.0296744265060088e-20,1.1520144391026016e-20,-1.5284247304677555e-16,9.1597540188988e-22,1.2350602908704677e-19,1.2577183672795577e-20,-1.889073723917977e-22,1.3505166600159953e-22,3.429323998440365e-24,1.3982645019537678e-16,3.398256159331753e-07,2.5769653502138553e-07,4.830001772220221e-07,-5.153913579658683e-07,-4.406930170722604e-07,1.5364078004624282e-10,1.2590087922586718e-07,7.16593652173097e-08,7.439619853488238e-08,7.16593652173097e-08,1.7170657550849022e-07,1.7170657550849022e-07,-1.4267295951172973e-16,3.434131524199936e-07,-1.7695864891484007e-16,3.1364832236652203e-19,-1.4117543640935942e-15,3.4341315102714987e-07,1.1667002372817387e-13,5.751132424850747e-12,7.425078917772192e-11,-2.0959827493109096e-11,-1.133433743176773e-19,3.4320237528209595e-07,5.751132424850747e-12,7.425078917772192e-11,-1.656919817857271e-07,2.1077560522746785e-10,-1.715869142966656e-07,-6.105708116164754e-09,-6.105708116176274e-09,-1.854965262231598e-16,3.7717614345309415e-09,1.1608061805463522e-20,-1.7119343079333707e-12,3.769764000404668e-09,2.030453493861011e-12,5.301538253049071e-13,1.1485756271997564e-12,2.8985623885170797e-21,1.8549652965248379e-16
5.129999999999999,548,101325.0,2.771e-08,0.066,0.29999999999999993,0.6339999999999998,0.22000000000000003,548.0,1e-11,1e-22,IdealGasReactor,off,0.630564572084083,0.0,0.0,0.2812338239619305,0.03376349592668459,0.011251645459232369,8.580544831287826e-12,0.043186462559489214,0.0,0.0028763804675284964,3.784182945456035e-11,0.5716360979445667,5.447084851041977e-09,1.4890210606592453e-07,1.2121362975143905e-07,1.0593918761531108e-05,0.42474821052062695,4.531733019792517e-05,3.8538803036446926e-05,0.0005473483347110884,4.958357084003218e-06,2.4221494024081526e-13,1.9135253095632595e-09,9.227680905668216e-05,0.0,0.0,0.0,0.0,0.0,0.0,0.0,0.0,0.0,0.0,0.0,0.0,-2.5751754399028075e-07,5.150350877988599e-07,1.716783625334064e-07,1.426204886352481e-16,-3.4335672524018996e-07,0.0,-5.565528101753003e-15,9.34362458704334e-22,-1.57172660706142e-17,4.666368737996314e-21,3.898569724900404e-17,-1.4341326588199373e-19,1.4446295807932352e-19,-5.495833653480851e-15,7.505486699794902e-22,1.496227537659444e-17,-1.4634253820934596e-20,-1.6324409388734001e-21,-4.0850400933172546e-22,6.763567883734173e-23,5.511641845738125e-15,3.395921119767704e-07,2.5751754399028075e-07,4.826169805454814e-07,-5.150333780433078e-07,-4.403930038507214e-07,1.5343733100728468e-10,1.2586964700774653e-07,7.158442433115029e-08,7.433861648386989e-08,7.158442433115029e-08,1.715873689679703e-07,1.715873689679703e-07,-1.426204886352481e-16,3.4317473933757324e-07,-1.7670567782420779e-16,3.132556494157313e-19,-1.4104991105616054e-15,3.431747432891541e-07,1.1658902601948234e-13,5.742553917691864e-12,7.41602081850807e-11,-2.091805703940288e-11,-1.1319205693792932e-19,3.4296417560147825e-07,5.742553917691864e-12,7.41602081850807e-11,-1.655751331015501e-07,2.1056217603399416e-10,-1.7146780035737347e-07,-6.1032294318563116e-09,-6.1032294320007745e-09,-1.8536953083807575e-16,3.766608208744484e-09,1.159328791841127e-20,-1.7097555520698955e-12,3.764613263419535e-09,2.0276787497562125e-12,5.297178503716574e-13,1.147118916926014e-12,2.8949150897846243e-21,1.8536959847375458e-16
5.138999999999999,548,101324.99999999997,2.771e-08,0.066,0.29999999999999993,0.6339999999999998,0.22000000000000003,548.0,1e-11,1e-22,IdealGasReactor,off,0.6305593989514927,0.0,0.0,0.2812069048193308,0.033812442749682196,0.011267961090299067,8.59410966732217e-12,0.04315329238060101,0.0,0.002875518395405557,3.780979160475843e-11,0.5717932651427419,5.445716298350173e-09,1.490728425760619e-07,1.2122436704220234e-07,1.059803369547177e-05,0.42459255970383686,4.529361365166467e-05,3.849765236041035e-05,0.0005468177750535784,4.9566347607766725e-06,2.4198639494332284e-13,1.9139236238609134e-09,9.221535359239142e-05,0.0,0.0,0.0,0.0,0.0,0.0,0.0,0.0,0.0,0.0,0.0,0.0,-2.57338604690719e-07,5.146772092391678e-07,1.715590696773238e-07,1.4256802382900815e-16,-3.4311813949248586e-07,0.0,-3.1132800366525113e-16,-1.454408263334848e-23,4.5906798779576885e-18,4.390352363812758e-22,-2.694623563452743e-19,6.88214269644119e-22,-7.7258669212452785e-22,-3.1635459992236234e-16,3.8509882132514206e-22,-1.1487826751455125e-19,4.3837323115687425e-21,1.1567603878671246e-22,-1.9648658790435313e-22,6.258408491915396e-24,3.1173525202947e-16,3.3935867137355104e-07,2.57338604690719e-07,4.822339335674342e-07,-5.146755016601575e-07,-4.400930745987277e-07,1.5323410334726383e-10,1.2583837823098166e-07,7.15095267045029e-08,7.428105352257483e-08,7.15095267045029e-08,1.71468196776529e-07,1.71468196776529e-07,-1.4256802382900815e-16,3.429363949533103e-07,-1.7645301581241423e-16,3.128633846015919e-19,-1.4092444958176953e-15,3.429363937268448e-07,1.16508051650172e-13,5.73398579094683e-12,7.406971745690552e-11,-2.0876361220138603e-11,-1.1304091117154869e-19,3.427260445372757e-07,5.73398579094683e-12,7.406971745690552e-11,-1.6545831865952464e-07,2.103488778338668e-10,-1.7134872079948986e-07,-6.1007510177991644e-09,-6.100751017798392e-09,-1.8524269427166932e-16,3.761460577848766e-09,1.1578529046124675e-20,-1.7075790103696336e-12,3.759468118934815e-09,2.0249070190724564e-12,5.292820137651054e-13,1.1456636574550833e-12,2.8912713586938223e-21,1.852427005300778e-16
5.148,548,101325.00000000003,2.771e-08,0.066,0.29999999999999993,0.6339999999999998,0.22000000000000003,548.0,1e-11,1e-22,IdealGasReactor,off,0.6305542294997666,0.0,0.0,0.28118000483063743,0.033861354745312995,0.011284265112226617,8.607669312754912e-12,0.043120145803448716,0.0,0.0028746560920257036,3.77777753124382e-11,0.5719504146249706,5.444347559749849e-09,1.4924328470086702e-07,1.212349464777452e-07,1.0602138143470505e-05,0.4244369263731582,4.526989841135117e-05,3.84565373997157e-05,0.0005462876338611956,4.954912337845562e-06,2.4175803060243965e-13,1.914321964808029e-09,9.215391477147757e-05,0.0,0.0,0.0,0.0,0.0,0.0,0.0,0.0,0.0,0.0,0.0,0.0,-2.5715971728048706e-07,5.143194342894584e-07,1.714398114040465e-07,1.425155650984854e-16,-3.4287962293914504e-07,0.0,-3.617424985921841e-15,6.652529909714686e-22,4.879020049962921e-18,-6.132465584201028e-21,1.2903721094295693e-16,-6.336865236646234e-20,4.156086269711432e-20,-3.4999255598236534e-15,7.600145969453589e-22,-6.518351503646447e-18,6.528446850031086e-21,1.2118454467843278e-21,-3.6227369786611034e-21,-5.2218403567262324e-24,3.495019278770246e-15,3.391252943738595e-07,2.5715971728048706e-07,4.818510366035635e-07,-5.143177288847761e-07,-4.3979322958198894e-07,1.5303109698084045e-10,1.2580707295211824e-07,7.14346723892949e-08,7.422350970058157e-08,7.14346723892949e-08,1.713490590393222e-07,1.713490590393222e-07,-1.425155650984854e-16,3.426981194775209e-07,-1.762006626458788e-16,3.1247152775810817e-19,-1.4079905203562533e-15,3.4269812143605805e-07,1.1642710069169332e-13,5.725428039143414e-12,7.397931696898077e-11,-2.0834739933418853e-11,-1.1288993690555103e-19,3.4248798223031983e-07,5.725428039143414e-12,7.397931696898077e-11,-1.6534153852971256e-07,2.1013571071893726e-10,-1.7122967569330575e-07,-6.098272874333941e-09,-6.098272874375502e-09,-1.8511584116165063e-16,3.756318540175105e-09,1.1563785185012493e-20,-1.705404682303135e-12,3.7543285652855505e-09,2.0221383009111042e-12,5.28846315918273e-13,1.144209848533324e-12,2.88763119480602e-21,1.8511583593981028e-16
5.156999999999999,548,101324.99999999999,2.771e-08,0.066,0.29999999999999993,0.6339999999999998,0.22000000000000003,548.0,1e-11,1e-22,IdealGasReactor,off,0.6305490637276803,0.0,0.0,0.28115312398948067,0.03391023192515868,0.011300557528875621,8.621223768515023e-12,0.04308702282018361,0.0,0.002873793557906371,3.77457805757732e-11,0.5721075463005569,5.442978635778075e-09,1.4941343260436806e-07,1.21245368258256e-07,1.0606232112686854e-05,0.4242813106188333,4.5246184489614476e-05,3.841545814245935e-05,0.000545757911020304,4.953189816248632e-06,2.415298471689138e-13,1.914720332413993e-09,9.209249263485348e-05,0.0,0.0,0.0,0.0,0.0,0.0,0.0,0.0,0.0,0.0,0.0,0.0,-2.569808818506178e-07,5.139617634872782e-07,1.7132058779258484e-07,1.424631124739493e-16,-3.4264117569298913e-07,0.0,1.3237783230654678e-14,-6.5922356420788065e-22,2.1573051350497296e-17,-1.675525355569482e-20,7.164358192598562e-17,1.8936480327053952e-19,-1.9096457057521708e-19,1.3274820975463762e-14,2.995231802293471e-21,-1.2962295909148485e-17,1.8269752598886716e-20,6.227274145240615e-21,3.0772952018118563e-21,4.98082765677958e-23,-1.3296530029003636e-14,3.388919810931633e-07,2.569808818506178e-07,4.814682898449281e-07,-5.139600602547113e-07,-4.3949346895260635e-07,1.5282831178289816e-10,1.2577573119542202e-07,7.135986141890868e-08,7.416598504828637e-08,7.135986141890868e-08,1.712299558172081e-07,1.712299558172081e-07,-1.424631124739493e-16,3.424599130319077e-07,-1.7594861810291686e-16,3.1208007866792137e-19,-1.406737184733576e-15,3.4245989821712897e-07,1.163461731853978e-13,5.716880655317825e-12,7.388900667786283e-11,-2.0793193071837878e-11,-1.1273913403184384e-19,3.4224998883886357e-07,5.716880655317825e-12,7.388900667786283e-11,-1.652247927897131e-07,2.0992267479542245e-10,-1.7111066511778782e-07,-6.095795002871746e-09,-6.095795002680781e-09,-1.8498895496440745e-16,3.751182093080467e-09,1.154905632846849e-20,-1.7032325668965601e-12,3.7491945998257835e-09,2.0193725938454713e-12,5.284107571269901e-13,1.142757489608381e-12,2.8839945969164815e-21,1.8498900477268402e-16
5.1659999999999995,548,101324.99999999999,2.771e-08,0.066,0.29999999999999993,0.6339999999999998,0.22000000000000003,548.0,1e-11,1e-22,IdealGasReactor,off,0.6305439016340073,0.0,0.0,0.28112626228948046,0.03395907430081991,0.011316838344113336,8.634773035533371e-12,0.04305392342294419,0.0,0.00287293079384025,3.771380739653585e-11,0.5722646601330913,5.441609527490041e-09,1.4958328646493729e-07,1.2125563259391107e-07,1.061031561013846e-05,0.42412571247648595,4.5222471903394225e-05,3.837441458037686e-05,0.0005452286064691253,4.951467196930293e-06,2.4130184459836565e-13,1.9151187264403637e-09,9.203108722033767e-05,0.0,0.0,0.0,0.0,0.0,0.0,0.0,0.0,0.0,0.0,0.0,0.0,-2.568020985412084e-07,5.136041968969739e-07,1.712013989154503e-07,1.4241066596730049e-16,-3.424027979468057e-07,0.0,-4.4857086971048904e-14,-1.9535063520170156e-22,1.3152541261479171e-17,9.196371317314952e-22,4.311874157557219e-17,1.819267952024627e-19,-1.8686423627879172e-19,-4.484037623191816e-14,-3.0284851293477956e-21,-1.3259343547022995e-17,1.302331796240044e-20,-6.07067851552667e-21,2.1160899009885264e-21,2.409374060328698e-22,4.482713364093656e-14,3.386587317261852e-07,2.568020985412084e-07,4.810856935739213e-07,-5.136024958343104e-07,-4.3919379294617296e-07,1.526257476572799e-10,1.2574435300915002e-07,7.128509384023027e-08,7.410847961016736e-08,7.128509384023027e-08,1.7111088720359262e-07,1.7111088720359262e-07,-1.4241066596730049e-16,3.422217758033003e-07,-1.7569688195272942e-16,3.1168903715091194e-19,-1.4054844894577085e-15,3.422218191051485e-07,1.1626526919475212e-13,5.708343633590248e-12,7.379878655412907e-11,-2.075172053217471e-11,-1.125885024385065e-19,3.420120645078566e-07,5.708343633590248e-12,7.379878655412907e-11,-1.6510808151141756e-07,2.097097701582403e-10,-1.709916891452871e-07,-6.09331740403273e-09,-6.093317403845866e-09,-1.848619661967683e-16,3.7460512346256504e-09,1.1534342472078605e-20,-1.7010626634991188e-12,3.744066220620438e-09,2.016609896831595e-12,5.279753377876029e-13,1.1413065803448586e-12,2.8803615643768107e-21,1.8486220713417434e-16
5.175,548,101324.99999999999,2.771e-08,0.066,0.29999999999999993,0.6339999999999998,0.22000000000000003,548.0,1e-11,1e-22,IdealGasReactor,off,0.6305387432175198,0.0,0.0,0.2810994197242454,0.034007881883918185,0.011333107561813525,8.648317114742355e-12,0.0430208476038548,0.0,0.002872067800431832,3.7681855773982874e-11,0.5724217560491499,5.440240235586119e-09,1.4975284645128566e-07,1.2126573968826102e-07,1.0614388642957247e-05,0.4239701320189813,4.51987606666707e-05,3.8333406702644016e-05,0.0005446997201095842,4.94974448089893e-06,2.410740228427494e-13,1.9155171468183167e-09,9.19696985677759e-05,0.0,0.0,0.0,0.0,0.0,0.0,0.0,0.0,0.0,0.0,0.0,0.0,-2.5662336745849996e-07,5.132467341356586e-07,1.7108224484941066e-07,1.4235822560296338e-16,-3.4216448988410056e-07,0.0,1.01307412756757e-14,4.268699237104941e-23,-8.537871224388177e-18,-1.9919714429159452e-20,6.389431042561652e-16,-4.1872544351924303e-19,3.981857217289388e-19,1.0812257592584737e-14,-2.6475392656271008e-20,3.4394098522395884e-17,-1.7421865611883762e-21,-2.1131621217374206e-21,-9.470735413923205e-21,-5.070884271141177e-22,-1.0803649397591584e-14,3.3842554645886584e-07,2.5662336745849996e-07,4.80703248009683e-07,-5.132450352406874e-07,-4.388942017407371e-07,1.5242340448758534e-10,1.2571293842526678e-07,7.121036969070906e-08,7.405099342096584e-08,7.121036969070906e-08,1.7099185326942646e-07,1.7099185326942646e-07,-1.4235822560296338e-16,3.419837079336031e-07,-1.7544545397038595e-16,3.1129840300076007e-19,-1.4042324350670872e-15,3.41983695584247e-07,1.1618438876796534e-13,5.699816967321667e-12,7.370865655857888e-11,-2.0710322208457706e-11,-1.1243804201600527e-19,3.41774209390987e-07,5.699816967321667e-12,7.370865655857888e-11,-1.6499140477043375e-07,2.0949699690940247e-10,-1.7087274785248073e-07,-6.090840078976901e-09,-6.090840079375087e-09,-1.8473595019352953e-16,3.740925962377261e-09,1.1519643609895171e-20,-1.6988949712336513e-12,3.7389434252346994e-09,2.0138502085562893e-12,5.275400582267968e-13,1.1398571202552192e-12,2.8767320961483186e-21,1.8473544310510242e-16
5.183999999999999,548,101324.99999999997,2.771e-08,0.066,0.29999999999999993,0.6339999999999998,0.22000000000000003,548.0,1e-11,1e-22,IdealGasReactor,off,0.6305335884769872,0.0,0.0,0.2810725962873729,0.03405665468609537,0.011349365185856466,8.661856007076004e-12,0.04298779535502604,0.0,0.0028712045781869606,3.764992570605756e-11,0.5725788339557212,5.438870760581689e-09,1.499221127283718e-07,1.2127568974142585e-07,1.0618451218340167e-05,0.42381456933889317,4.517505079187075e-05,3.8292434497094674e-05,0.000544171251824526,4.948021669197016e-06,2.408463818521125e-13,1.9159155935684912e-09,9.190832671804974e-05,0.0,0.0,0.0,0.0,0.0,0.0,0.0,0.0,0.0,0.0,0.0,0.0,-2.56444688690941e-07,5.128893772438541e-07,1.7096312567345564e-07,1.4230579141198978e-16,-3.419262514928506e-07,0.0,-3.9268456864568347e-16,1.3530294640401293e-23,-3.798006708779707e-18,-3.0565802422849826e-22,-4.3006509710061e-18,-1.0826139857094026e-20,1.0855091178533382e-20,-3.9333960800968054e-16,-4.584398129069403e-22,-1.834061560292255e-19,-3.777362878334057e-21,-9.887393259422909e-23,-2.5059598806666965e-23,6.099061867763889e-24,3.9716078304068663e-16,3.3819242528188107e-07,2.56444688690941e-07,4.803209533381141e-07,-5.12887680514365e-07,-4.385946954839833e-07,1.5222128214682784e-10,1.2568148746719054e-07,7.113568900280971e-08,7.399352651031804e-08,7.113568900280971e-08,1.7087285407384954e-07,1.7087285407384954e-07,-1.4230579141198978e-16,3.4174570954106426e-07,-1.7519433393407527e-16,3.1090817599739556e-19,-1.4029810221160064e-15,3.4174570839873297e-07,1.1610353194522135e-13,5.691300649473862e-12,7.361861664689108e-11,-2.0668997993327908e-11,-1.1228775265606668e-19,3.415364236464177e-07,5.691300649473862e-12,7.361861664689108e-11,-1.6487476264430647e-07,2.09284355154475e-10,-1.707538413183012e-07,-6.0883630291491685e-09,-6.088363029160024e-09,-1.8460870665426172e-16,3.7358062736355674e-09,1.1504959735160509e-20,-1.6967294891046963e-12,3.733826210969534e-09,2.0110935275647366e-12,5.271049187345823e-13,1.138409108771787e-12,2.8731061909864563e-21,1.846087127533236e-16
5.193,548,101325.00000000004,2.771e-08,0.066,0.29999999999999993,0.6339999999999998,0.22000000000000003,548.0,1e-11,1e-22,IdealGasReactor,off,0.6305284374111775,0.0,0.0,0.2810457919724504,0.034105392719011224,0.011365611220129123,8.675389713470404e-12,0.042954766668556334,0.0,0.0028703411277670975,3.761801719270378e-11,0.572735893790642,5.437501103283121e-09,1.5009108546771707e-07,1.2128548295924127e-07,1.0622503343408355e-05,0.4236590244977588,4.515134229385832e-05,3.825149795358661e-05,0.0005436432015258025,4.946298762813229e-06,2.4061892157908974e-13,1.9163140665713675e-09,9.18469717102679e-05,0.0,0.0,0.0,0.0,0.0,0.0,0.0,0.0,0.0,0.0,0.0,0.0,-2.5626606235463037e-07,5.125321243195436e-07,1.7084404146287654e-07,1.422533634149945e-16,-3.416880830273856e-07,0.0,4.406173253457363e-14,1.4856914267723268e-21,2.3127483049577184e-17,-6.512992918729622e-20,2.476350584483598e-16,-2.1192764340302594e-18,2.1062384132151986e-18,4.4266450013499586e-14,-1.6245661733834435e-20,-1.7383894665385307e-17,2.6810420898219962e-20,1.2226323989599022e-20,2.0130114290561978e-20,2.2879705435317254e-22,-4.4289704196660685e-14,3.3795936845186156e-07,2.5626606235463037e-07,4.799388097964461e-07,-5.125304297533273e-07,-4.382952743707782e-07,1.520193805241639e-10,1.2565000017197084e-07,7.106105181658693e-08,7.393607891577275e-08,7.106105181658693e-08,1.7075388969435408e-07,1.7075388969435408e-07,-1.422533634149945e-16,3.4150778078067854e-07,-1.7494352161662643e-16,3.105183559414863e-19,-1.4017302511305465e-15,3.4150773497998443e-07,1.16022698779174e-13,5.682794673615895e-12,7.352866678258071e-11,-2.062774778181111e-11,-1.121376342481485e-19,3.4129870742469617e-07,5.682794673615895e-12,7.352866678258071e-11,-1.6475815520733009e-07,2.0907184499246499e-10,-1.7063496961787103e-07,-6.085886255546443e-09,-6.085886257652681e-09,-1.8448178736979404e-16,3.730692166097354e-09,1.1490290842347018e-20,-1.6945662162963217e-12,3.728714575524019e-09,2.008339852615631e-12,5.266699196575796e-13,1.1369625454483e-12,2.8694838479581545e-21,1.844820161668484e-16
5.201999999999999,548,101325.00000000003,2.771e-08,0.066,0.29999999999999993,0.6339999999999998,0.22000000000000003,548.0,1e-11,1e-22,IdealGasReactor,off,0.6305232900188557,0.0,0.0,0.2810190067730541,0.03415409599434614,0.011381845668524916,8.6889182348632e-12,0.042921761536530136,0.0,0.0028694774500601316,3.7586130236837615e-11,0.572892935536415,5.436131264924935e-09,1.5025976485448503e-07,1.212951195557693e-07,1.0626545025167943e-05,0.4235034975121776,4.51276351910326e-05,3.821059706496882e-05,0.0005431155691678268,4.944575762658371e-06,2.403916419803643e-13,1.9167125655022176e-09,9.178563358097419e-05,0.0,0.0,0.0,0.0,0.0,0.0,0.0,0.0,0.0,0.0,0.0,0.0,-2.5608748860589734e-07,5.121749767506138e-07,1.7072499228738508e-07,1.4220094161747979e-16,-3.414499845148237e-07,0.0,3.341745834734352e-14,-3.7398438391216574e-21,3.750534681976878e-18,2.6988783502028255e-21,3.190441181270744e-16,-6.538829655007182e-19,6.300924239030805e-19,3.353364149085912e-14,6.050878687407249e-23,-1.9828910744594812e-16,8.667484215304931e-21,-1.4229315993502036e-21,1.4837201590353418e-20,3.5302877239057707e-22,-3.3537474626146304e-14,3.377263759976471e-07,2.5608748860589734e-07,4.795568176968366e-07,-5.121732843454616e-07,-4.3799593866433277e-07,1.5181769953250274e-10,1.2561847659636576e-07,7.098645818312015e-08,7.387865068643752e-08,7.098645818312015e-08,1.7063496023512537e-07,1.7063496023512537e-07,-1.4220094161747979e-16,3.412699218608527e-07,-1.7469301678347324e-16,3.1012894266422314e-19,-1.4004801225968104e-15,3.412698867943931e-07,1.1594188934061425e-13,5.674299034201505e-12,7.343880694066057e-11,-2.0586571472367116e-11,-1.1198768667858722e-19,3.410610608653547e-07,5.674299034201505e-12,7.343880694066057e-11,-1.646415825288745e-07,2.0885946651301447e-10,-1.7051613282084827e-07,-6.083409758510577e-09,-6.08340975914067e-09,-1.8435500043422436e-16,3.725583638049073e-09,1.1475636927717572e-20,-1.6924051522581886e-12,3.7236085171766263e-09,2.0055891827806774e-12,5.262350614246904e-13,1.135517430015875e-12,2.8658650665849917e-21,1.8435535346299675e-16
5.210999999999999,548,101325.0,2.771e-08,0.066,0.29999999999999993,0.6339999999999998,0.22000000000000003,548.0,1e-11,1e-22,IdealGasReactor,off,0.6305181462987856,0.0,0.0,0.2809922406827495,0.03420276452380009,0.011398068534943823,8.702441572193778e-12,0.04288877995101866,0.0,0.00286861354550806,3.7554264835437983e-11,0.5730499590878688,5.434761245900571e-09,1.5042815105034573e-07,1.2130459972913074e-07,1.0630576270875352e-05,0.42334798848696087,4.510392949478691e-05,3.816973181806113e-05,0.0005425883546194575,4.94285266979408e-06,2.4016454300400573e-13,1.9171110904397994e-09,9.172431237153077e-05,0.0,0.0,0.0,0.0,0.0,0.0,0.0,0.0,0.0,0.0,0.0,0.0,-2.5590896752126315e-07,5.118179348108247e-07,1.706059782270131e-07,1.421485260546124e-16,-3.4121195661494134e-07,0.0,4.871304892699917e-16,2.1961944592631245e-22,-4.0000030830304456e-18,-2.187553684785425e-21,8.951798881630109e-17,-1.9844393767392155e-19,2.0914434607790752e-19,5.952385467533381e-16,-1.451106025326549e-21,1.471433743472354e-17,-2.7027371228185084e-21,-2.59874299070019e-21,3.313541934381408e-21,-3.192870729636615e-22,-5.912038916573746e-16,3.37493448581902e-07,2.5590896752126315e-07,4.791749772023137e-07,-5.118162445645288e-07,-4.376966884920803e-07,1.51616239037191e-10,1.2558691675847397e-07,7.091190813133733e-08,7.382124184846177e-08,7.091190813133733e-08,1.7051606574735142e-07,1.7051606574735142e-07,-1.421485260546124e-16,3.410321328839435e-07,-1.744428192139294e-16,3.0973993593526226e-19,-1.3992306370741513e-15,3.4103213075731276e-07,1.1586110366432295e-13,5.665813723903724e-12,7.334903707315543e-11,-2.0545468956861967e-11,-1.1183790983940498e-19,3.408234841286938e-07,5.665813723903724e-12,7.334903707315543e-11,-1.6452504468735053e-07,2.0864721982286707e-10,-1.7039733100720092e-07,-6.08093353966256e-09,-6.080933539871704e-09,-1.8422904398798968e-16,3.7204806865860113e-09,1.1460997983934991e-20,-1.6902462959085412e-12,3.7185080330393634e-09,2.00284151650077e-12,5.258003443008003e-13,1.1340737618488485e-12,2.862249845473695e-21,1.8422872470091672e-16
5.22,548,101325.00000000003,2.771e-08,0.066,0.29999999999999993,0.6339999999999998,0.22000000000000003,548.0,1e-11,1e-22,IdealGasReactor,off,0.6305130062497284,0.0,0.0,0.28096549369509083,0.03425139831909278,0.011414279823292312,8.71595972640322e-12,0.042855821904079675,0.0,0.002867749414757664,3.7522420988202283e-11,0.5732069643796849,5.433391046989399e-09,1.5059624422781909e-07,1.2131392368504595e-07,1.0634597087696855e-05,0.4231924974868215,4.5080225219743986e-05,3.812890220244888e-05,0.0005420615577888059,4.941129485215453e-06,2.399376246021024e-13,1.917509641278286e-09,9.166300812111105e-05,0.0,0.0,0.0,0.0,0.0,0.0,0.0,0.0,0.0,0.0,0.0,0.0,-2.5573049921365097e-07,5.114609985196911e-07,1.704869993572321e-07,1.4209611674807424e-16,-3.409739989154382e-07,0.0,-1.4920369477880682e-14,-1.3981975143127681e-21,-2.4112468907123797e-19,2.701452594869461e-20,-2.3450853592520073e-16,-5.01602323452156e-20,4.8945931205987754e-20,-1.5096025866845633e-14,6.228090824536798e-21,5.863992300095992e-17,-7.2023229858103e-21,3.789262687317135e-21,-1.5233989622434727e-21,6.481982889071027e-23,1.5096264702529606e-14,3.372605857946895e-07,2.5573049921365097e-07,4.787932885440335e-07,-5.114593104300446e-07,-4.373975240435164e-07,1.5141499892529116e-10,1.25555320694201e-07,7.083740170024117e-08,7.376385243848849e-08,7.083740170024117e-08,1.703972063064586e-07,1.703972063064586e-07,-1.4209611674807424e-16,3.407944140007908e-07,-1.741929286810987e-16,3.093513355523802e-19,-1.3979817950883808e-15,3.407944275668484e-07,1.1578034180155018e-13,5.6573387362086995e-12,7.3259357142585e-11,-2.0504440130343655e-11,-1.1168830362008368e-19,3.40585977365563e-07,5.6573387362086995e-12,7.3259357142585e-11,-1.6440854175718454e-07,2.084351050207284e-10,-1.7027856425221017e-07,-6.07845760004756e-09,-6.078457600096506e-09,-1.841020651465179e-16,3.715383309358816e-09,1.1446374005300672e-20,-1.688089646407139e-12,3.71341312074867e-09,2.000096852503316e-12,5.253657686256119e-13,1.1326315404836997e-12,2.8586381836461092e-21,1.8410212996634678e-16
5.228999999999999,548,101324.99999999999,2.771e-08,0.066,0.29999999999999993,0.6339999999999998,0.22000000000000003,548.0,1e-11,1e-22,IdealGasReactor,off,0.6305078698704435,0.0,0.0,0.28093876580362254,0.03429999739196308,0.01143047953748341,8.729472698434421e-12,0.04282288738775806,0.0,0.002866885058483,3.7490598695125946e-11,0.57336395135229,5.432020669021393e-09,1.5076404456094028e-07,1.2132309163023716e-07,1.063860748278525e-05,0.4230370245706932,4.50565223809299e-05,3.8088108207998346e-05,0.000541535178588165,4.939406209905965e-06,2.3971088672679823e-13,1.9179082178869973e-09,9.160172086845757e-05,0.0,0.0,0.0,0.0,0.0,0.0,0.0,0.0,0.0,0.0,0.0,0.0,-2.555520838006667e-07,5.111041674519879e-07,1.7036805575247365e-07,1.4204371371760351e-16,-3.407361116280349e-07,0.0,2.615724194730181e-15,6.756776396356969e-22,7.378643000021094e-18,-2.3071097998363786e-21,7.347163784483801e-18,-8.356509420255707e-20,7.481352332174604e-20,2.6039928512764355e-15,1.4334612894695447e-21,-1.1525692617339114e-17,7.421874814957773e-21,-4.2987542458615157e-23,2.76179945682661e-21,-3.014597436637493e-26,-2.6114173936454712e-15,3.3702778785003103e-07,2.555520838006667e-07,4.784117519614773e-07,-5.11102481516785e-07,-4.3709844551603967e-07,1.5121397908630975e-10,1.255236884419083e-07,7.076293893000518e-08,7.370648249446047e-08,7.076293893000518e-08,1.7027838199091392e-07,1.7027838199091392e-07,-1.4204371371760351e-16,3.405567653683262e-07,-1.7394334495668341e-16,3.089631413162825e-19,-1.3967335971576315e-15,3.405567612357885e-07,1.1569960380561212e-13,5.648874064692476e-12,7.316976711267629e-11,-2.0463484888292116e-11,-1.1153886790942644e-19,3.403485407250023e-07,5.648874064692476e-12,7.316976711267629e-11,-1.6429207381185247e-07,2.08223122203594e-10,-1.701598326302613e-07,-6.075981940621176e-09,-6.075981940695989e-09,-1.8397556937852383e-16,3.7102915040569934e-09,1.1431764986302969e-20,-1.6859352029411025e-12,3.708323778003847e-09,1.9973551895472877e-12,5.249313347480595e-13,1.131190765475232e-12,2.855030080171307e-21,1.8397556934837786e-16
5.2379999999999995,548,101324.99999999999,2.771e-08,0.066,0.29999999999999993,0.6339999999999998,0.22000000000000003,548.0,1e-11,1e-22,IdealGasReactor,off,0.6305027371596882,0.0,0.0,0.28091205700187755,0.03434856175416944,0.011446667681436623,8.742980489231984e-12,0.042789976394085334,0.0,0.002866020477429382,3.745879795711292e-11,0.5735209199603903,5.430650112961527e-09,1.5093155222846825e-07,1.213321037740973e-07,1.0642607463263027e-05,0.42288156978314667,4.5032820994474185e-05,3.804734982547427e-05,0.0005410092169427728,4.937682844822816e-06,2.394843293313077e-13,1.918306820070078e-09,9.154045065142497e-05,0.0,0.0,0.0,0.0,0.0,0.0,0.0,0.0,0.0,0.0,0.0,0.0,-2.553737214124275e-07,5.107474426692571e-07,1.7024914748529652e-07,1.4199131697810806e-16,-3.404982950728317e-07,0.0,3.824292735739378e-16,-2.3177705935854677e-21,-9.249811069058419e-18,1.0883954434578427e-20,1.35571328977195e-17,-1.3811930996165435e-19,1.4310472751351145e-19,3.5613814926812073e-16,1.749763462897941e-21,-4.9045262415979947e-17,-9.22305353059828e-21,1.7660564571948564e-21,-2.9489090876673527e-22,-1.0812953011288888e-23,-3.4684937780335904e-16,3.3679505507015154e-07,2.553737214124275e-07,4.780303677173025e-07,-5.107457588862923e-07,-4.3679945312830386e-07,1.5101317941698447e-10,1.2549202004622933e-07,7.068851986416846e-08,7.36491320579072e-08,7.068851986416846e-08,1.7015959288750594e-07,1.7015959288750594e-07,-1.4199131697810806e-16,3.403191871601432e-07,-1.7369406780979929e-16,3.0857535303686894e-19,-1.3954860437857532e-15,3.4031918527688276e-07,1.156188897354792e-13,5.640419703199705e-12,7.308026695067894e-11,-2.0422603127300507e-11,-1.1138960259510653e-19,3.4011117435226704e-07,5.640419703199705e-12,7.308026695067894e-11,-1.6417564092316638e-07,2.0801127146509768e-10,-1.700411362138364e-07,-6.073506562130137e-09,-6.073506562273242e-09,-1.8384905375819507e-16,3.7052052685641523e-09,1.1417170921975049e-20,-1.6837829647785958e-12,3.7032400026801753e-09,1.9946165264860763e-12,5.244970430424931e-13,1.129751436432144e-12,2.851425534256372e-21,1.8384904294524206e-16
5.246999999999999,548,101325.00000000003,2.771e-08,0.066,0.29999999999999993,0.6339999999999998,0.22000000000000003,548.0,1e-11,1e-22,IdealGasReactor,off,0.6304976081162176,0.0,0.0,0.2808853672833781,0.034397091417490415,0.011462844259077901,8.756483099742128e-12,0.042757088915079434,0.0,0.002865155671956839,3.742701876998004e-11,0.5736778700821706,5.4292793790476085e-09,1.5109876738866504e-07,1.2134096031227576e-07,1.0646597036477642e-05,0.42272613324573843,4.500912107047691e-05,3.800662704050461e-05,0.0005404836727047141,4.93595939105893e-06,2.3925795236181917e-13,1.918705447982989e-09,9.147919751218312e-05,0.0,0.0,0.0,0.0,0.0,0.0,0.0,0.0,0.0,0.0,0.0,0.0,-2.551954121102075e-07,5.103908240773884e-07,1.7013027463749843e-07,1.4193892657038584e-16,-3.4026054925906025e-07,0.0,-1.3829460128769084e-14,8.913791220651575e-21,3.115616241726096e-17,-1.74659290918536e-20,1.2939487060493506e-18,4.723267472126792e-19,-3.867358876899798e-19,-1.3985843820748023e-14,-1.2839466771892552e-21,-1.267352971316507e-16,4.230828035922833e-20,-6.904062982673845e-21,-9.210858774485305e-21,3.832440822810579e-22,1.395450715888644e-14,3.365623874674109e-07,2.551954121102075e-07,4.776491359458434e-07,-5.103891424444577e-07,-4.365005469818621e-07,1.5081259977336473e-10,1.2546031551832494e-07,7.061414452724456e-08,7.359180115058836e-08,7.061414452724456e-08,1.7004083903732816e-07,1.7004083903732816e-07,-1.4193892657038584e-16,3.4008167945842743e-07,-1.7344509702207775e-16,3.08187970471587e-19,-1.3942391355426991e-15,3.4008169191857007e-07,1.1553819961907323e-13,5.631975644052902e-12,7.29908566041359e-11,-2.0381794738368298e-11,-1.1124050756999856e-19,3.3987387841114876e-07,5.631975644052902e-12,7.29908566041359e-11,-1.6405924317105694e-07,2.0779955291415606e-10,-1.6992247508466987e-07,-6.071031466441504e-09,-6.071031466054768e-09,-1.837221675609519e-16,3.7001245997317123e-09,1.1402591804263338e-20,-1.6816329307320442e-12,3.698161791649329e-09,1.9918808616334886e-12,5.240628937420626e-13,1.1283135526573265e-12,2.8478245443244293e-21,1.8372255080503417e-16
5.255999999999999,548,101325.00000000003,2.771e-08,0.066,0.29999999999999993,0.6339999999999998,0.22000000000000003,548.0,1e-11,1e-22,IdealGasReactor,off,0.630492482738785,0.0,0.0,0.28085869664163665,0.03444558639372251,0.011479009274339797,8.769980530913091e-12,0.04272422494274616,0.0,0.0028642906431416808,3.7395261138915154e-11,0.5738348017381439,5.427908468867953e-09,1.512656902379153e-07,1.2134966146640215e-07,1.0650576209395654e-05,0.42257071493683285,4.4985422630231136e-05,3.7965939848158385e-05,0.0005399585458607773,4.9342358494548415e-06,2.3903175577706024e-13,1.9191041011282737e-09,9.141796148473875e-05,0.0,0.0,0.0,0.0,0.0,0.0,0.0,0.0,0.0,0.0,0.0,0.0,-2.550171560827275e-07,5.100343119291092e-07,1.700114372736524e-07,1.4188654248707841e-16,-3.400228746711572e-07,0.0,2.2147625918466237e-14,-3.3221894777919274e-21,6.729576849924321e-18,4.3786035311353374e-21,9.450410119987273e-17,-1.0521737391674512e-19,1.0268041097804498e-19,2.222393849819872e-14,-3.956977696454292e-21,-1.125394527391027e-17,6.571516181588355e-21,8.3728772566266e-22,7.248296049155403e-21,-3.6950898652843866e-22,-2.2230723881158666e-14,3.363297855275317e-07,2.550171560827275e-07,4.772680570186395e-07,-5.100326324440087e-07,-4.3620172739516164e-07,1.506122400864268e-10,1.2542857493176009e-07,7.053981297878307e-08,7.353448983083183e-08,7.053981297878307e-08,1.6992212056607415e-07,1.6992212056607415e-07,-1.4188654248707841e-16,3.398442425145347e-07,-1.73196432351408e-16,3.078009934741881e-19,-1.3929928728716928e-15,3.3984421876631643e-07,1.1545753354179957e-13,5.6235418823758556e-12,7.290153605691166e-11,-2.034105962309211e-11,-1.1109158271698894e-19,3.3963665303041004e-07,5.6235418823758556e-12,7.290153605691166e-11,-1.6394288062030506e-07,2.0758796663026934e-10,-1.698038493070196e-07,-6.068556653347349e-09,-6.0685566534500295e-09,-1.8359646257762343e-16,3.6950494963115704e-09,1.13880276307965e-20,-1.6794851004519804e-12,3.6930891436254995e-09,1.9891481942943045e-12,5.236288873408591e-13,1.1268771140159984e-12,2.844227110239174e-21,1.835960930686369e-16
5.265,548,101325.0,2.771e-08,0.066,0.29999999999999993,0.6339999999999998,0.22000000000000003,548.0,1e-11,1e-22,IdealGasReactor,off,0.6304873610261411,0.0,0.0,0.280832045070154,0.034494046694682604,0.01149516273116124,8.783472783694626e-12,0.042691384469077415,0.0,0.002863425391399612,3.736352506041607e-11,0.5739917148174297,5.42653738276533e-09,1.514323209382814e-07,1.2135820743430114e-07,1.0654544989349244e-05,0.4224153149669863,4.496172568469618e-05,3.7925288234737144e-05,0.0005394338362727681,4.932512221084377e-06,2.3880573952398705e-13,1.9195027796109387e-09,9.135674261055149e-05,0.0,0.0,0.0,0.0,0.0,0.0,0.0,0.0,0.0,0.0,0.0,0.0,-2.5483895340082434e-07,5.096779067878781e-07,1.698926354738329e-07,1.4183416476528434e-16,-3.397852711312407e-07,0.0,8.09035931842186e-16,-5.824937128654046e-22,-1.687674553364871e-17,9.012025910925448e-21,-1.2817350203455356e-16,-8.576208590949791e-20,8.846283060948354e-20,7.226256614144273e-16,-2.957811674072446e-21,2.4775788384876272e-17,-1.4787679466743452e-20,-2.4877456922532307e-22,-1.7920601194966493e-21,1.1988055135037978e-22,-7.056463696967656e-16,3.360972490756321e-07,2.5483895340082434e-07,4.76887131087596e-07,-5.096762294484053e-07,-4.3590299448604417e-07,1.5041210021765396e-10,1.2539679830263058e-07,7.046552524580338e-08,7.347719812313274e-08,7.046552524580338e-08,1.698034375211736e-07,1.698034375211736e-07,-1.4183416476528434e-16,3.3960687642337534e-07,-1.7294807357737823e-16,3.0741442180901033e-19,-1.3917472563308315e-15,3.3960687417788904e-07,1.1537689153588527e-13,5.615118410691686e-12,7.281230525919684e-11,-2.0300397673441176e-11,-1.1094282792802784e-19,3.3939949837081595e-07,5.615118410691686e-12,7.281230525919684e-11,-1.6382655334928615e-07,2.0737651271945925e-10,-1.6968525896111615e-07,-6.066082124546747e-09,-6.06608212463521e-09,-1.8346954991060065e-16,3.6899799552642813e-09,1.1373478393925927e-20,-1.67733947281086e-12,3.6880220556085787e-09,1.9864185228521014e-12,5.231950240913065e-13,1.1254421198509708e-12,2.840633230526398e-21,1.83469669791152e-16
5.273999999999999,548,101324.99999999999,2.771e-08,0.066,0.29999999999999993,0.6339999999999998,0.22000000000000003,548.0,1e-11,1e-22,IdealGasReactor,off,0.6304822429770355,0.0,0.0,0.2808054125624207,0.034542472332207495,0.011511304633487596,8.796959859038154e-12,0.04265856748605173,0.0,0.002862559917226066,3.7331810531995414e-11,0.5741486092251973,5.425166121232101e-09,1.5159865965582372e-07,1.2136659841684805e-07,1.0658503383642883e-05,0.42225993343060914,4.4938030246070096e-05,3.788467218754772e-05,0.0005389095438170284,4.930788506992175e-06,2.3857990355065165e-13,1.919901483464034e-09,9.129554093009732e-05,0.0,0.0,0.0,0.0,0.0,0.0,0.0,0.0,0.0,0.0,0.0,0.0,-2.546608041494024e-07,5.093216082624056e-07,1.6977386931636392e-07,1.4178179343667133e-16,-3.3954773876422954e-07,0.0,-1.2107676709780212e-15,-3.884612126377286e-22,3.1079104602566026e-18,-3.735719616117741e-22,-1.0535300506742422e-16,-3.0559360550159054e-19,3.0311206366393146e-19,-1.3267348698957269e-15,-1.908356968051336e-21,-7.137736269198278e-18,7.730788403551899e-22,9.650612809079605e-22,8.318966972229073e-22,1.4748592718793284e-22,1.3235967689564903e-15,3.358647782394312e-07,2.546608041494024e-07,4.7650635833069574e-07,-5.093199330663588e-07,-4.356043483963152e-07,1.502121800366428e-10,1.2536498565407454e-07,7.039128135913277e-08,7.34199260560052e-08,7.039128135913277e-08,1.6968478995942893e-07,1.6968478995942893e-07,-1.4178179343667133e-16,3.39369581298517e-07,-1.7270002047659423e-16,3.0702825525062936e-19,-1.3905022864621022e-15,3.3936958110381e-07,1.1529627363992612e-13,5.606705221827784e-12,7.27231641651379e-11,-2.025980878263238e-11,-1.107942430937671e-19,3.391624145889292e-07,5.606705221827784e-12,7.27231641651379e-11,-1.6371026143484765e-07,2.0716519128402988e-10,-1.695667041250774e-07,-6.0636078815162584e-09,-6.0636078818193705e-09,-1.833431335519454e-16,3.6849159738063623e-09,1.1358944086622258e-20,-1.6751960467720033e-12,3.6829605247983487e-09,1.983691845797041e-12,5.227613042744696e-13,1.1240085695659682e-12,2.8370429038666215e-21,1.8334328103787258e-16
5.2829999999999995,548,101324.99999999999,2.771e-08,0.066,0.29999999999999993,0.6339999999999998,0.22000000000000003,548.0,1e-11,1e-22,IdealGasReactor,off,0.6304771285902148,0.0,0.0,0.28077879911191655,0.03459086331815225,0.011527434985270738,8.810441757896981e-12,0.04262577398563515,0.0,0.002861694221499599,3.730011755615328e-11,0.5743054849427507,5.423794685483105e-09,1.5176470657751813e-07,1.2137483462882937e-07,1.0662451399377718e-05,0.42210457034551524,4.4914336332528624e-05,3.7844091698921675e-05,0.0005383856684415493,4.929064708087734e-06,2.3835424781175364e-13,1.920300212370189e-09,9.12343564794539e-05,0.0,0.0,0.0,0.0,0.0,0.0,0.0,0.0,0.0,0.0,0.0,0.0,-2.5448270848137265e-07,5.089654168210663e-07,1.6965513887004174e-07,1.4172942850714778e-16,-3.3931027788066093e-07,0.0,-1.5044315875226853e-16,7.709865965912344e-25,1.125603349274273e-18,-2.9595420876266516e-22,-4.378101546120665e-20,-2.355810384551023e-21,2.484023379496742e-21,-1.5164806063819593e-16,-4.8730954719603464e-23,-2.1045210731724392e-20,1.0766539232137593e-21,-3.2456499285049423e-22,-2.042471230466698e-23,-1.1954068758987477e-23,1.505162127590298e-16,3.3563237333128753e-07,2.5448270848137265e-07,4.7612573905233395e-07,-5.089637437662446e-07,-4.353057893834681e-07,1.5001247945285486e-10,1.2533313704260731e-07,7.031708136823621e-08,7.336267367746558e-08,7.031708136823621e-08,1.6956617798273067e-07,1.6956617798273067e-07,-1.4172942850714778e-16,3.3913235734375585e-07,-1.7245227281294438e-16,3.0664249362484883e-19,-1.389257963739104e-15,3.3913235597538005e-07,1.1521567992315375e-13,5.598302310099373e-12,7.263411274820374e-11,-2.021929284955274e-11,-1.106458280994698e-19,3.3892540182245345e-07,5.598302310099373e-12,7.263411274820374e-11,-1.6359400494542796e-07,2.0695400241038624e-10,-1.694481848676315e-07,-6.061133924613781e-09,-6.061133924616265e-09,-1.832169388776943e-16,3.6798575501134104e-09,1.134442470487446e-20,-1.673054821744245e-12,3.6779045493734195e-09,1.9809681621459824e-12,5.223277283104945e-13,1.1225764628635602e-12,2.8334561297069592e-21,1.8321692692362554e-16
5.292,548,101325.0,2.771e-08,0.066,0.29999999999999993,0.6339999999999998,0.22000000000000003,548.0,1e-11,1e-22,IdealGasReactor,off,0.6304720178644242,0.0,0.0,0.28075220471211076,0.03463921966439203,0.011543553790468933,8.823918481226007e-12,0.04259300395978015,0.0,0.0028608283046794476,3.726844612987559e-11,0.574462341868043,5.422423075942592e-09,1.5193046186840482e-07,1.2138291627000468e-07,1.0666389043895624e-05,0.4219492258133756,4.489064395569046e-05,3.7803546755616534e-05,0.0005378622100149993,4.927340825428383e-06,2.381287722544142e-13,1.920698966395881e-09,9.117318929940913e-05,0.0,0.0,0.0,0.0,0.0,0.0,0.0,0.0,0.0,0.0,0.0,0.0,-2.5430466647485094e-07,5.086093328077142e-07,1.6953644421378986e-07,1.4167707001082305e-16,-3.390728885065747e-07,0.0,1.48514496495106e-14,-1.4815078682713818e-21,3.0275287912502646e-17,-9.567431000524508e-21,5.0017295535366435e-19,-5.244986828076238e-19,5.149464010938614e-19,1.4788559514511055e-14,6.0996003525008325e-21,-3.2245206162039205e-17,2.772688491424365e-20,3.717013630689457e-21,2.1098648673033143e-21,8.829847715320585e-23,-1.481901704098525e-14,3.3540003438014936e-07,2.5430466647485094e-07,4.7574527341760086e-07,-5.086076618919175e-07,-4.3500731757777805e-07,1.4981299833167697e-10,1.2530125248832392e-07,7.024292530193842e-08,7.33054410140693e-08,7.024292530193842e-08,1.694476016433708e-07,1.694476016433708e-07,-1.4167707001082305e-16,3.388952046636694e-07,-1.722048303639193e-16,3.062571367006824e-19,-1.3880142887075982e-15,3.388951883565028e-07,1.151351104210992e-13,5.58990966817396e-12,7.254515096051993e-11,-2.0178849767038724e-11,-1.1049758283608259e-19,3.3868846022931823e-07,5.58990966817396e-12,7.254515096051993e-11,-1.634777839583719e-07,2.0674294620159478e-10,-1.693297012675787e-07,-6.0586602554179634e-09,-6.05866025593291e-09,-1.830905192103166e-16,3.6748046812781966e-09,1.132992024132773e-20,-1.6709157966432616e-12,3.672854126425339e-09,1.978247470331133e-12,5.218942964661951e-13,1.1211457991150233e-12,2.82987290664487e-21,1.8309060750879375e-16
5.300999999999999,548,101325.0,2.771e-08,0.066,0.29999999999999993,0.6339999999999998,0.22000000000000003,548.0,1e-11,1e-22,IdealGasReactor,off,0.6304669107984064,0.0,0.0,0.28072562935646195,0.034687541382820763,0.011559661053046894,8.837390029981944e-12,0.04256025740042649,0.0,0.002859962167721582,3.723679625660989e-11,0.5746191799979574,5.421051293971078e-09,1.5209592572005178e-07,1.2139084355819322e-07,1.0670316324275763e-05,0.42179389983633436,4.486695313492604e-05,3.7763037350901795e-05,0.0005373391684989625,4.9256168598950065e-06,2.3790347683432023e-13,1.921097745152253e-09,9.111203942502361e-05,0.0,0.0,0.0,0.0,0.0,0.0,0.0,0.0,0.0,0.0,0.0,0.0,-2.541266782961057e-07,5.08253356403898e-07,1.694177854142366e-07,1.416247179483359e-16,-3.388355709627726e-07,0.0,7.0385052977960505e-15,-3.635593823372148e-22,2.9979378365268306e-18,5.1683660604760114e-21,4.671254355209458e-17,2.1474932190856683e-19,-2.137269266714513e-19,7.078083046259767e-15,1.713657816758729e-21,-4.3039919700599696e-18,1.2306856161462168e-21,3.8629334606226392e-22,-8.768937503755901e-22,-1.1544278962685188e-23,-7.081109005315233e-15,3.351677617084584e-07,2.541266782961057e-07,4.753649617554964e-07,-5.08251687624927e-07,-4.34708933259527e-07,1.4961373659011243e-10,1.2526933205461276e-07,7.016881321323502e-08,7.324822811764675e-08,7.016881321323502e-08,1.6932906105212244e-07,1.6932906105212244e-07,-1.416247179483359e-16,3.3865812347981204e-07,-1.7195769289049158e-16,3.058721843134416e-19,-1.3867712618245116e-15,3.38658114884538e-07,1.1505456520902972e-13,5.581527290646729e-12,7.245627877924082e-11,-2.0138479435233848e-11,-1.1034950718755532e-19,3.384515899429069e-07,5.581527290646729e-12,7.245627877924082e-11,-1.6336159854017803e-07,2.0653202274009124e-10,-1.6921125339149753e-07,-6.0561868740585735e-09,-6.056186873844847e-09,-1.8296433446223286e-16,3.66975736565618e-09,1.1315430692539301e-20,-1.668778970961552e-12,3.66780925431421e-09,1.9755297694671004e-12,5.214610091887073e-13,1.119716578078971e-12,2.8262932342708217e-21,1.829643229179539e-16
5.31,548,101324.99999999997,2.771e-08,0.066,0.29999999999999993,0.6339999999999998,0.22000000000000003,548.0,1e-11,1e-22,IdealGasReactor,off,0.6304618073909027,0.0,0.0,0.280699073038418,0.034735828485352144,0.011575756776975718,8.850856405123127e-12,0.042527534299500507,0.0,0.0028590958107009524,3.720516792825958e-11,0.5747759991540763,5.419679339266572e-09,1.5226109827683678e-07,1.213986166794396e-07,1.0674233248088797e-05,0.4216385925928957,4.4843263875839444e-05,3.7722563466396e-05,0.0005368165436889421,4.92389281268055e-06,2.3767836149139265e-13,1.9214965490592803e-09,9.105090690134842e-05,0.0,0.0,0.0,0.0,0.0,0.0,0.0,0.0,0.0,0.0,0.0,0.0,-2.539487439546267e-07,5.078974862184765e-07,1.6929916255952034e-07,1.4157237237963385e-16,-3.3859832509713577e-07,0.0,7.992821234788583e-14,-4.35109555105888e-20,8.086381931824397e-17,2.327744518161174e-19,1.5497665262846605e-15,-4.88499782549316e-19,4.2322447887091895e-19,8.131345833885476e-14,1.0669128456031174e-19,-8.184924779918346e-17,4.887285254536682e-20,4.116412619581858e-21,1.738358961099577e-20,-1.4033503543817312e-21,-8.139513153531294e-14,3.349355551680042e-07,2.539487439546267e-07,4.74984804103282e-07,-5.078958195741333e-07,-4.344106364422213e-07,1.4941469405301947e-10,1.252373757282767e-07,7.009474511195627e-08,7.319103499503507e-08,7.009474511195627e-08,1.692105562157618e-07,1.692105562157618e-07,-1.4157237237963385e-16,3.3842111380570975e-07,-1.7171086018236347e-16,3.0548763617971384e-19,-1.385528883700045e-15,3.384210309764768e-07,1.1497404429154945e-13,5.5731551686699774e-12,7.236749613685465e-11,-2.009818174153212e-11,-1.1020160104986735e-19,3.3821479113946453e-07,5.5731551686699774e-12,7.236749613685465e-11,-1.6324544877628567e-07,2.0632123214380693e-10,-1.6909284132731126e-07,-6.053713783234665e-09,-6.0537137836578895e-09,-1.8283947651185165e-16,3.6647155993843878e-09,1.130095604808018e-20,-1.6666443431606305e-12,3.6627699291315684e-09,1.972815057447959e-12,5.210278666040043e-13,1.1182887988216572e-12,2.8227171103994477e-21,1.8283807316149727e-16
5.318999999999999,548,101325.0,2.771e-08,0.066,0.29999999999999993,0.6339999999999998,0.22000000000000003,548.0,1e-11,1e-22,IdealGasReactor,off,0.6304567076406515,0.0,0.0,0.2806725357514168,0.0347840809839181,0.011591840966232971,8.864317607609787e-12,0.04249483464891619,0.0,0.002858229235178581,3.7173561156136325e-11,0.5749327994533622,5.418307214332763e-09,1.5242597976532e-07,1.2140623587374958e-07,1.0678139822106592e-05,0.42148330396439726,4.48195762072239e-05,3.7682125103254276e-05,0.0005362943356593368,4.922168684453116e-06,2.374534261918789e-13,1.921895377172119e-09,9.098979175651546e-05,0.0,0.0,0.0,0.0,0.0,0.0,0.0,0.0,0.0,0.0,0.0,0.0,-2.537708637237779e-07,5.075417272948875e-07,1.6918057570124156e-07,1.4152003326472763e-16,-3.3836115153329953e-07,0.0,5.2007384863400576e-14,5.877501401233214e-21,6.731416971755914e-18,-8.747892971211405e-20,1.1188934656314884e-17,-1.0124161302057025e-18,1.0393243155320525e-18,5.200678759929364e-14,-3.152546398574257e-20,-4.04383972861061e-18,8.215856121651266e-21,-8.209173043523527e-21,1.3586642907970168e-20,-2.548361278962349e-21,-5.201348073561451e-14,3.347034153825283e-07,2.537708637237779e-07,4.7460480098837873e-07,-5.07540062782974e-07,-4.341124275882843e-07,1.4921587069996244e-10,1.2520538362532594e-07,7.002072108035345e-08,7.313386172878058e-08,7.002072108035345e-08,1.690920873159861e-07,1.690920873159861e-07,-1.4152003326472763e-16,3.381841760048004e-07,-1.7146433198051225e-16,3.051034922154091e-19,-1.3842871546831775e-15,3.381841224836535e-07,1.1489354779211672e-13,5.564793299171904e-12,7.227880304089948e-11,-2.005795659500469e-11,-1.1005386429854316e-19,3.379780639226641e-07,5.564793299171904e-12,7.227880304089948e-11,-1.6312933471993107e-07,2.061105744700947e-10,-1.6897446512679838e-07,-6.051240981310501e-09,-6.051240982349825e-09,-1.8271440680323364e-16,3.6596793822204887e-09,1.128649630924211e-20,-1.6645119134334746e-12,3.6577361507712465e-09,1.970103334213553e-12,5.205948693779785e-13,1.116862461570868e-12,2.819144535825232e-21,1.8271185844195467e-16
5.327999999999999,548,101324.99999999999,2.771e-08,0.066,0.29999999999999993,0.6339999999999998,0.22000000000000003,548.0,1e-11,1e-22,IdealGasReactor,off,0.63045161154639,0.0,0.0,0.2806460174888853,0.03483229889047061,0.011607913624802553,8.877773638403721e-12,0.04246215844057398,0.0,0.0028573624410166308,3.714197592929017e-11,0.5750895806755695,5.416934918464533e-09,1.5259057031761337e-07,1.2141370131961725e-07,1.068203605403308e-05,0.42132803417142944,4.4795890131354605e-05,3.764172224022186e-05,0.0005357725441646858,4.920444476477606e-06,2.372286708713849e-13,1.9222942301061914e-09,9.092869403778732e-05,0.0,0.0,0.0,0.0,0.0,0.0,0.0,0.0,0.0,0.0,0.0,0.0,-2.535930375749287e-07,5.071860750205536e-07,1.6906202493247474e-07,1.4146770067771832e-16,-3.381240500053953e-07,0.0,1.7350670992109708e-15,4.4192906151329055e-23,8.18317932183155e-19,-5.896600876115707e-22,-1.2160163809460346e-17,-3.110199103199384e-20,3.076781006452242e-20,1.7218506365126282e-15,5.53181073612672e-22,-2.0050922873719138e-19,2.812795765140676e-22,1.1471961120344803e-22,-1.441178306286512e-22,1.0697358599884344e-22,-1.7226722114255675e-15,3.344713420906295e-07,2.535930375749287e-07,4.7422495237737243e-07,-5.071844126388735e-07,-4.338143066464779e-07,1.4901726633319505e-10,1.25173355714305e-07,6.994674111767311e-08,7.307670831476051e-08,6.994674111767311e-08,1.6897365433439667e-07,1.6897365433439667e-07,-1.4146770067771832e-16,3.3794731004027437e-07,-1.7121810808105376e-16,3.047197521075927e-19,-1.3830460754172778e-15,3.37947306805475e-07,1.1481307569823008e-13,5.556441672459417e-12,7.219019941289955e-11,-2.0017803880100953e-11,-1.0990629683210662e-19,3.377414084783028e-07,5.556441672459417e-12,7.219019941289955e-11,-1.6301325646087045e-07,2.0590004984442718e-10,-1.6885612488262997e-07,-6.04876847160428e-09,-6.048768471635048e-09,-1.8258557176846728e-16,3.654648709843159e-09,1.1272051463880366e-20,-1.6623816799870662e-12,3.6527079147658295e-09,1.9673945973572205e-12,5.20162017558306e-13,1.1154375652222853e-12,2.8155755079244273e-21,1.8258567874205328e-16
5.337,548,101325.0,2.771e-08,0.066,0.29999999999999993,0.6339999999999998,0.22000000000000003,548.0,1e-11,1e-22,IdealGasReactor,off,0.6304465191068525,0.0,0.0,0.2806195182442394,0.03488048221698067,0.011623974756674737,8.89122449846844e-12,0.04242950566636136,0.0,0.002856495429070517,3.711041224974983e-11,0.5752463427973691,5.415562452832625e-09,1.52754870121772e-07,1.2142101323168348e-07,1.0685921951043182e-05,0.4211727832364713,4.477220566599707e-05,3.760135486908418e-05,0.0005352511691459191,4.918720189671892e-06,2.370040954832597e-13,1.9226931075658094e-09,9.086761378122674e-05,0.0,0.0,0.0,0.0,0.0,0.0,0.0,0.0,0.0,0.0,0.0,0.0,-2.5341526565572937e-07,5.068305310329988e-07,1.6894351032191765e-07,1.4141537462608216e-16,-3.378870207752799e-07,0.0,-4.1910062452095626e-15,-7.867557236737216e-22,5.15490694515902e-18,3.240683281270401e-21,1.3706613037086203e-16,3.576331921985266e-19,-3.744894787211322e-19,-4.063559944121284e-15,2.11688685787461e-21,-4.766964351849034e-18,2.9824303947154852e-21,4.299116137379508e-21,1.4435998458599539e-21,-9.107565718756719e-23,4.0583792275465925e-15,3.3423933555609426e-07,2.5341526565572937e-07,4.7384525856374593e-07,-5.068288707793566e-07,-4.3351627386537424e-07,1.48818880858267e-10,1.251412920500023e-07,6.98728052714978e-08,7.301957479942546e-08,6.98728052714978e-08,1.6885525736934217e-07,1.6885525736934217e-07,-1.4141537462608216e-16,3.377105161088038e-07,-1.7097218824770743e-16,3.0433641567662674e-19,-1.3818056463722218e-15,3.377105186608276e-07,1.1473262807671465e-13,5.548100282696286e-12,7.210168522452281e-11,-1.9977723495787304e-11,-1.0975889853554968e-19,3.3750482494409623e-07,5.548100282696286e-12,7.210168522452281e-11,-1.6289721406738008e-07,2.0568965835212025e-10,-1.6873782066354866e-07,-6.046296254537566e-09,-6.046296254163077e-09,-1.8245962524839995e-16,3.6496235802621624e-09,1.1257621507676222e-20,-1.6602536421854147e-12,3.647685219185634e-09,1.9646888458376533e-12,5.197293115532202e-13,1.1140141094473384e-12,2.8120100260636594e-21,1.8245953417274277e-16
5.345999999999999,548,101325.0,2.771e-08,0.066,0.29999999999999993,0.6339999999999998,0.22000000000000003,548.0,1e-11,1e-22,IdealGasReactor,off,0.6304414303207724,0.0,0.0,0.28059303801088586,0.034928630975437344,0.011640024365846258,8.904670188769394e-12,0.04239687631815363,0.0,0.0028556282000360192,3.707887011741814e-11,0.5754030857640902,5.414189818306505e-09,1.5291887935722384e-07,1.2142817181887647e-07,1.0689797520406205e-05,0.42101755121353596,4.474852282641953e-05,3.756102297948516e-05,0.0005347302105133702,4.916995825007341e-06,2.3677969997770924e-13,1.9230920094008217e-09,9.080655102456514e-05,0.0,0.0,0.0,0.0,0.0,0.0,0.0,0.0,0.0,0.0,0.0,0.0,-2.532375480852792e-07,5.064750960334844e-07,1.688250319419624e-07,1.4136305512790008e-16,-3.376500640194998e-07,0.0,-4.1386066198792067e-17,1.9684785493869394e-23,5.7706443505199456e-18,1.022390723779414e-23,-4.254540614939944e-18,-3.8381180422460484e-21,3.800894914681162e-21,-5.1466787283800257e-17,2.7618815463580086e-22,1.1283027090765296e-20,5.455980326719985e-21,1.7939479534743788e-23,-1.7887605971860481e-22,7.485027615883822e-24,4.5661817508246066e-17,3.340073959578159e-07,2.532375480852792e-07,4.734657197880878e-07,-5.064734379056851e-07,-4.3321832944504237e-07,1.486207141638522e-10,1.251091926734735e-07,6.97989135815026e-08,7.296246122103066e-08,6.97989135815026e-08,1.6873689650030512e-07,1.6873689650030512e-07,-1.4136305512790008e-16,3.374737943693723e-07,-1.7072657224909114e-16,3.039534827208889e-19,-1.3805658680432895e-15,3.374737929107141e-07,1.1465220498157665e-13,5.539769123413765e-12,7.201326043924591e-11,-1.9937715338769665e-11,-1.0961166929581967e-19,3.37268313464968e-07,5.539769123413765e-12,7.201326043924591e-11,-1.6278120761096843e-07,2.0547940008427946e-10,-1.686195525418781e-07,-6.043824330993985e-09,-6.043824330997786e-09,-1.8233341733925906e-16,3.6446039911335735e-09,1.1243206435028155e-20,-1.658127799202916e-12,3.6426680616839146e-09,1.9619860783891496e-12,5.192967517123546e-13,1.112592093790048e-12,2.8084480892825775e-21,1.8233342482428668e-16
5.3549999999999995,548,101325.00000000003,2.771e-08,0.066,0.29999999999999993,0.6339999999999998,0.22000000000000003,548.0,1e-11,1e-22,IdealGasReactor,off,0.6304363451868801,0.0,0.0,0.2805665767822187,0.0349767451778522,0.01165606245631996,8.91811071027307e-12,0.04236427038781083,0.0,0.0028547607542074452,3.7047349526938974e-11,0.5755598094408255,5.41281701499864e-09,1.5308259818230202e-07,1.2143517727562323e-07,1.0693662769615591e-05,0.4208623382373575,4.472484162161949e-05,3.752072655576363e-05,0.0005342096681017301,4.915271383599854e-06,2.3655548429778516e-13,1.9234909358325867e-09,9.074550581013176e-05,0.0,0.0,0.0,0.0,0.0,0.0,0.0,0.0,0.0,0.0,0.0,0.0,-2.5305988491130403e-07,5.061197709242821e-07,1.6870658987485009e-07,1.4131074222839902e-16,-3.3741317966030056e-07,0.0,2.463235081081533e-14,2.4491334154719378e-20,1.0266400523443257e-16,-2.1351631617548964e-19,-1.2422116689332619e-15,-1.0419193465497538e-17,1.0473635184693328e-17,2.314819321579271e-14,4.4687446580154666e-20,-1.277616540178319e-16,1.313605504624221e-19,-1.0592668129200934e-20,1.4470521219833684e-20,-5.072047821501374e-22,-2.3251430138196298e-14,3.3377552322141815e-07,2.5305988491130403e-07,4.7308633615810135e-07,-5.061181149201323e-07,-4.329204734641461e-07,1.484227660967918e-10,1.2507705759087067e-07,6.972506606770981e-08,7.290536759736231e-08,6.972506606770981e-08,1.6861857175938956e-07,1.6861857175938956e-07,-1.4131074222839902e-16,3.372371448861684e-07,-1.704812598669137e-16,3.0357095298487176e-19,-1.379326740995854e-15,3.372371202292612e-07,1.1457180643462982e-13,5.5314481865798104e-12,7.192492500025824e-11,-1.9897779300039486e-11,-1.0946460900535366e-19,3.3703187420554315e-07,5.5314481865798104e-12,7.192492500025824e-11,-1.6266523717182076e-07,2.05269275148212e-10,-1.6850132059975632e-07,-6.041352703029333e-09,-6.041352713502968e-09,-1.8220785793971841e-16,3.6395899390560256e-09,1.1228806237158016e-20,-1.6560041497456112e-12,3.6376564388824255e-09,1.9592862931911845e-12,5.188643382391293e-13,1.111171517479593e-12,2.804889695813495e-21,1.8220735073493626e-16
5.364,548,101324.99999999999,2.771e-08,0.066,0.29999999999999993,0.6339999999999998,0.22000000000000003,548.0,1e-11,1e-22,IdealGasReactor,off,0.6304312637039046,0.0,0.0,0.2805401345516243,0.035024824836250544,0.0116720890321054,8.931546063948686e-12,0.04233168786718364,0.0,0.002853893093285742,3.701585049124691e-11,0.575716513973732,5.411444045669698e-09,1.532460268291324e-07,1.2144202984775542e-07,1.0697517705436134e-05,0.4207071441599124,4.4701162082525486e-05,3.748046560066387e-05,0.0005336895420086909,4.913546866058941e-06,2.3633144841084083e-13,1.923889885781662e-09,9.068447816394753e-05,0.0,0.0,0.0,0.0,0.0,0.0,0.0,0.0,0.0,0.0,0.0,0.0,-2.5288227643074465e-07,5.057645527226978e-07,1.6858818416810775e-07,1.4125843587771503e-16,-3.3717636848436193e-07,0.0,-4.239723298021599e-15,1.2007328974816918e-21,-2.6568164435029052e-18,-2.7841838540983768e-21,-2.4845593925336765e-18,-3.747856093804262e-19,3.730137885083376e-19,-4.235675212588565e-15,-1.242648029130733e-21,4.221577809630281e-18,-2.2681807364602947e-21,-3.50750429116626e-21,1.1341495497585484e-21,7.237543110931498e-23,4.23835108445867e-15,3.3354371813338127e-07,2.5288227643074465e-07,4.7270710824458086e-07,-5.057628988400036e-07,-4.3262270642513223e-07,1.4822503664928526e-10,1.2504488693083413e-07,6.96512628184289e-08,7.284829401758053e-08,6.96512628184289e-08,1.6850028334407423e-07,1.6850028334407423e-07,-1.4125843587771503e-16,3.3700056805419387e-07,-1.7023625083634502e-16,3.0318882639995393e-19,-1.3780882655438973e-15,3.3700057078256407e-07,1.1449143257005557e-13,5.523137469594303e-12,7.183667892131346e-11,-1.9857915290926716e-11,-1.0931771753692752e-19,3.3679550726062e-07,5.523137469594303e-12,7.183667892131346e-11,-1.6254930279950439e-07,2.0505928359295798e-10,-1.6838312488451302e-07,-6.038881368603363e-09,-6.038881368976377e-09,-1.820812397489937e-16,3.6345814243012575e-09,1.12144209163267e-20,-1.6538826941456152e-12,3.6326503509806722e-09,1.956589490347699e-12,5.184320718466094e-13,1.1097523808386283e-12,2.8013348466913698e-21,1.820813121244248e-16
5.372999999999999,548,101325.00000000006,2.771e-08,0.066,0.29999999999999993,0.6339999999999998,0.22000000000000003,548.0,1e-11,1e-22,IdealGasReactor,off,0.6304261858705723,0.0,0.0,0.2805137113124763,0.03507286996268123,0.01168810409721816,8.944976250766304e-12,0.042299128748106846,0.0,0.0028530252166453943,3.698437299295318e-11,0.5758731990441696,5.410070908699599e-09,1.5340916540838607e-07,1.2144872969631806e-07,1.0701362335862394e-05,0.42055196930077504,4.467748420377626e-05,3.7440240086390426e-05,0.0005331698318957929,4.911822273831333e-06,2.361075922435876e-13,1.924288860320737e-09,9.062346813886855e-05,0.0,0.0,0.0,0.0,0.0,0.0,0.0,0.0,0.0,0.0,0.0,0.0,-2.5270472252792033e-07,5.054094446614405e-07,1.6846981492632424e-07,1.4120613618323583e-16,-3.3693962990947725e-07,0.0,5.025736338013504e-14,-4.934381979096088e-22,5.038404594562113e-17,-3.656202842282497e-20,2.5350234979487195e-16,7.190250931004942e-19,-7.091162965427215e-19,5.042689696166226e-14,1.2196025571412587e-20,-3.3835562825142614e-17,7.142976310956476e-20,9.505752804306256e-21,-6.147235747647672e-21,-1.0364906521370655e-21,-5.047754457864716e-14,3.3331198011723497e-07,2.5270472252792033e-07,4.7232803585122456e-07,-5.054077928980105e-07,-4.3232502812878424e-07,1.4802752557254192e-10,1.2501268061958026e-07,6.957750380873159e-08,7.279124045264362e-08,6.957750380873159e-08,1.6838203117802238e-07,1.6838203117802238e-07,-1.4120613618323583e-16,3.3676406372074116e-07,-1.6999154496906025e-16,3.0280710258743904e-19,-1.3768504424134728e-15,3.367640117879489e-07,1.1441108333598503e-13,5.514836960849911e-12,7.174852209920416e-11,-1.9818123189323963e-11,-1.091709947955325e-19,3.365592128399305e-07,5.514836960849911e-12,7.174852209920416e-11,-1.6243340459387533e-07,2.0484942556296702e-10,-1.6826496550077118e-07,-6.036410332448902e-09,-6.036410331739786e-09,-1.8195634540266554e-16,3.629578441061217e-09,1.1200050456489723e-20,-1.6517634300385164e-12,3.627649792242306e-09,1.9538956667695096e-12,5.179999524035838e-13,1.1083346823760948e-12,2.797783538302196e-21,1.819553089120134e-16
5.382,548,101324.99999999996,2.771e-08,0.066,0.29999999999999993,0.6339999999999998,0.22000000000000003,548.0,1e-11,1e-22,IdealGasReactor,off,0.6304211116856085,0.0,0.0,0.28048730705813957,0.035120880569208965,0.01170410765568037,8.958401271698298e-12,0.04226659302240447,0.0,0.002852157125894961,3.6952917043728066e-11,0.57602986478013,5.4086976066780295e-09,1.5357201414931324e-07,1.2145527706398688e-07,1.0705196667720251e-05,0.42039681353020103,4.465380801484281e-05,3.740005001439421e-05,0.0005326505378424538,4.9100976075578865e-06,2.358839157613999e-13,1.924687858454503e-09,9.056247576181432e-05,0.0,0.0,0.0,0.0,0.0,0.0,0.0,0.0,0.0,0.0,0.0,0.0,-2.5252722348295117e-07,5.050544468687718e-07,1.6835148219894027e-07,1.4115384310124438e-16,-3.367029645626948e-07,0.0,-7.648194818890866e-16,2.20712197666336e-22,-1.0694242986365247e-17,-3.2694988488187374e-21,-4.408615908045501e-17,-1.2202568396382264e-20,1.2245581788235022e-20,-7.851941952092569e-16,-4.646927712525387e-21,1.291116204564041e-17,-7.80379597833894e-21,1.2316977814856005e-21,-4.386952115836389e-22,1.6664996837414472e-22,7.959547661652538e-16,3.330803098000818e-07,2.5252722348295117e-07,4.71949119517392e-07,-5.050527972224141e-07,-4.3202743904916366e-07,1.4783023284872422e-10,1.2498043877785836e-07,6.950378912216252e-08,7.273420698691634e-08,6.950378912216252e-08,1.6826381544760002e-07,1.6826381544760002e-07,-1.4115384310124438e-16,3.3652763225853536e-07,-1.6974714200290178e-16,3.0242578146559115e-19,-1.3756132719315465e-15,3.365276315392407e-07,1.1433075885904886e-13,5.5065466573659794e-12,7.16604545428417e-11,-1.977840290535378e-11,-1.0902444065497518e-19,3.3632299104217576e-07,5.5065466573659794e-12,7.16604545428417e-11,-1.623175426061582e-07,2.0463970111017242e-10,-1.6814684249783015e-07,-6.033939592782072e-09,-6.0339395927943174e-09,-1.8182917465529164e-16,3.6245809893014675e-09,1.1185694859133639e-20,-1.6496463576437025e-12,3.622654762613031e-09,1.9512048224244007e-12,5.175679805883152e-13,1.1069184223378519e-12,2.7942357714838958e-21,1.8182934130526e-16
5.390999999999999,548,101325.0,2.771e-08,0.066,0.29999999999999993,0.6339999999999998,0.22000000000000003,548.0,1e-11,1e-22,IdealGasReactor,off,0.6304160411477351,0.0,0.0,0.280460921781967,0.03516885666791919,0.01172009971152032,8.971821127718369e-12,0.0422340806818864,0.0,0.0028512888210806627,3.692148263487808e-11,0.5761865109970488,5.40732413924678e-09,1.5373457319716614e-07,1.21461672136519e-07,1.070902070867677e-05,0.42024167703288057,4.4630133520827124e-05,3.735989536561945e-05,0.0005321316596352182,4.908372868444318e-06,2.356604189023715e-13,1.9250868806357232e-09,9.050150107781419e-05,0.0,0.0,0.0,0.0,0.0,0.0,0.0,0.0,0.0,0.0,0.0,0.0,-2.52349779298953e-07,5.046995584770029e-07,1.6823318607394418e-07,1.41101556693767e-16,-3.364663722627104e-07,0.0,-1.7228391545677566e-15,3.0701765662857783e-22,-1.5416993519642174e-17,5.886209564145992e-22,-2.0280245158313696e-17,-3.3264572025452476e-19,3.3449695046541844e-19,-1.7696499431883848e-15,-2.7400554690500985e-21,-4.1764447644690205e-17,-1.4932077211648116e-20,2.6309513358014736e-22,-1.0627798344837232e-21,-1.7616736254831846e-22,1.7851497658737197e-15,3.3284870700465465e-07,2.52349779298953e-07,4.7157035926726146e-07,-5.046979109455275e-07,-4.317299391889376e-07,1.476331582981314e-10,1.2494816139043954e-07,6.94301187662492e-08,7.267719362533315e-08,6.94301187662492e-08,1.681456361552663e-07,1.681456361552663e-07,-1.41101556693767e-16,3.362912736725141e-07,-1.6950304172712624e-16,3.0204486274442753e-19,-1.3743767547025127e-15,3.362912739390822e-07,1.142504591409179e-13,5.498266550118411e-12,7.157247618256888e-11,-1.9738754326750778e-11,-1.088780550107297e-19,3.3608684204358166e-07,5.498266550118411e-12,7.157247618256888e-11,-1.6220171692155595e-07,2.0443011035077202e-10,-1.6802875596359526e-07,-6.0314691523882336e-09,-6.0314691527227305e-09,-1.8170358547724894e-16,3.6195890649865316e-09,1.117135411346351e-20,-1.647531475368971e-12,3.6176652580557773e-09,1.948516955137264e-12,5.171361565122767e-13,1.1055035997524976e-12,2.7906915439540437e-21,1.8170340930988639e-16
5.3999999999999995,548,101325.0,2.771e-08,0.066,0.29999999999999993,0.6339999999999998,0.22000000000000003,548.0,1e-11,1e-22,IdealGasReactor,off,0.6304109742556738,0.0,0.0,0.2804345554773022,0.035216798270916026,0.01173608026877266,8.985235819802011e-12,0.04220159171835003,0.0,0.0028504203031082254,3.689006976885467e-11,0.576343137682627,5.405950507669909e-09,1.5389684274423608e-07,1.214679151311191e-07,1.0712834465947457e-05,0.4200865598202063,4.4606460740218695e-05,3.7319776132214026e-05,0.0005316131972207981,4.906648057383504e-06,2.3543710161920473e-13,1.9254859265197133e-09,9.044054412178963e-05,0.0,0.0,0.0,0.0,0.0,0.0,0.0,0.0,0.0,0.0,0.0,0.0,-2.5217239013111583e-07,5.043447799422028e-07,1.6811492661780663e-07,1.4104927696455038e-16,-3.362298534614036e-07,0.0,-1.1648234410684429e-14,-1.846283240505836e-21,-3.712103675038824e-17,6.14639753445891e-20,1.7872220486520366e-16,1.016386597145957e-18,-1.0099585766058074e-18,-1.1383499527197515e-14,1.3904520375588178e-20,4.7441568616604953e-17,-4.4952978927900487e-20,5.791298263636885e-22,-6.3253310692138855e-21,3.9521372690140375e-23,1.1420822870821389e-14,3.326171721846922e-07,2.5217239013111583e-07,4.7119175540760193e-07,-5.043431345234202e-07,-4.314325288095974e-07,1.474363018296629e-10,1.2491584851702392e-07,6.935649279011869e-08,7.262020041641897e-08,6.935649279011869e-08,1.680274934044409e-07,1.680274934044409e-07,-1.4104927696455038e-16,3.3605498816951505e-07,-1.6925924390228967e-16,3.016643462477296e-19,-1.3731408911749473e-15,3.360549980513383e-07,1.1417018425186297e-13,5.4899966333881655e-12,7.148458699175642e-11,-1.9699177353651617e-11,-1.0873183774607792e-19,3.358507659771506e-07,5.4899966333881655e-12,7.148458699175642e-11,-1.6208592760627454e-07,2.042206533648416e-10,-1.6791070596444822e-07,-6.028999011532097e-09,-6.028999010522138e-09,-1.815774735210591e-16,3.614602666258628e-09,1.1157028215402715e-20,-1.6454187826134755e-12,3.6126812767114362e-09,1.94583206390412e-12,5.167044805977337e-13,1.1040902143143033e-12,2.7871508551364655e-21,1.815775130424318e-16
5.409,548,101324.99999999999,2.771e-08,0.066,0.29999999999999993,0.6339999999999998,0.22000000000000003,548.0,1e-11,1e-22,IdealGasReactor,off,0.6304059110081429,0.0,0.0,0.2804082081374779,0.03526470539032252,0.011752049331478298,8.99864534892639e-12,0.042169126123579814,0.0,0.0028495515723450373,3.685867844110802e-11,0.5764997447164365,5.404576712196333e-09,1.5405882295422508e-07,1.214740062454607e-07,1.0716637947046428e-05,0.4199314620123486,4.45827896831227e-05,3.727969229927455e-05,0.0005310951504452717,4.904923175465717e-06,2.3521396385536005e-13,1.925884996262658e-09,9.037960493495828e-05,0.0,0.0,0.0,0.0,0.0,0.0,0.0,0.0,0.0,0.0,0.0,0.0,-2.5199505603915965e-07,5.039901119820038e-07,1.6799670391044215e-07,1.40997003953922e-16,-3.3599340795745794e-07,0.0,-2.851815884037456e-15,-1.205354943797236e-22,3.648254218017088e-18,-2.987052358999814e-21,-4.4664312006515274e-17,-3.3365157187938924e-19,3.3316022659553274e-19,-2.9012536808239057e-15,1.862182478022726e-21,-7.715962649139274e-19,9.180783914672288e-21,5.564599077009071e-22,-2.91265021486224e-22,-3.3269765756949795e-23,2.897591555408997e-15,3.3238570514211065e-07,2.5199505603915965e-07,4.708133080676541e-07,-5.039884686737256e-07,-4.311352080102647e-07,1.4723966329656557e-10,1.2488350017046097e-07,6.928291121671618e-08,7.256322738135418e-08,6.928291121671618e-08,1.6790938723519971e-07,1.6790938723519971e-07,-1.40997003953922e-16,3.35818775829674e-07,-1.6901574830681817e-16,3.01284231727791e-19,-1.3719056818938648e-15,3.3581877723065645e-07,1.1408993421911446e-13,5.481736899379762e-12,7.139678691676657e-11,-1.965967187859003e-11,-1.0858578875188006e-19,3.3561476300281024e-07,5.481736899379762e-12,7.139678691676657e-11,-1.6197017473838248e-07,2.0401133025466028e-10,-1.67792692580187e-07,-6.026529172059661e-09,-6.026529172392821e-09,-1.8145168581966939e-16,3.609621789877909e-09,1.1142717156648817e-20,-1.6433082781533218e-12,3.6077028153472948e-09,1.9431501469833094e-12,5.162729530716977e-13,1.1026782652986389e-12,2.783613703380844e-21,1.8145165254990363e-16
5.417999999999999,548,101324.99999999996,2.771e-08,0.066,0.29999999999999993,0.6339999999999998,0.22000000000000003,548.0,1e-11,1e-22,IdealGasReactor,off,0.6304008514038592,0.0,0.0,0.28038187975581663,0.03531257803827995,0.011768006903684477,9.012049716070486e-12,0.04213668388934786,0.0,0.0028486826297988684,3.682730865535336e-11,0.5766563321067455,5.403202754281713e-09,1.5422051402515145e-07,1.214799457006964e-07,1.0720431159155542e-05,0.41977638360000985,4.455912036960177e-05,3.723964386020651e-05,0.0005305775192734677,4.903198223545894e-06,2.3499100556495285e-13,1.926284089424599e-09,9.03186835509319e-05,0.0,0.0,0.0,0.0,0.0,0.0,0.0,0.0,0.0,0.0,0.0,0.0,-2.518177771959313e-07,5.036355542416544e-07,1.6787851801551295e-07,1.4094473765867076e-16,-3.357570361632048e-07,0.0,-7.365742343759803e-17,-6.658269560043925e-22,4.637444021066342e-18,1.0602663378464957e-21,9.295286623609489e-18,-2.7568275455167306e-19,2.73302955929358e-19,-7.343112915588006e-17,2.933867057161023e-21,-4.0975013660016646e-18,3.9854250556820695e-21,-6.767371386449458e-23,-2.54816374299013e-21,-7.290839889821388e-24,6.876338858636455e-17,3.3215430629085843e-07,2.518177771959313e-07,4.7043501758675793e-07,-5.036339130416929e-07,-4.3083797708249326e-07,1.4704324261774622e-10,1.2485111641945348e-07,6.920937409985513e-08,7.250627457369349e-08,6.920937409985513e-08,1.6779131776268248e-07,1.6779131776268248e-07,-1.4094473765867076e-16,3.355826368832901e-07,-1.6877255469759516e-16,3.0090451902107625e-19,-1.3706711272866017e-15,3.3558263545785394e-07,1.1400970912090663e-13,5.4734873427456e-12,7.130907593584791e-11,-1.9620237803295692e-11,-1.0843990790977375e-19,3.3537883324799524e-07,5.4734873427456e-12,7.130907593584791e-11,-1.618544583815782e-07,2.0380214109531344e-10,-1.6767471587441524e-07,-6.024059633934732e-09,-6.024059634208035e-09,-1.8132583525255312e-16,3.6046464342333706e-09,1.1128420933881363e-20,-1.6411999614987929e-12,3.6027298723463558e-09,1.9404712035014466e-12,5.158415743921386e-13,1.1012677524744013e-12,2.7800800883021607e-21,1.8132582796171323e-16
5.427,548,101325.0,2.771e-08,0.066,0.29999999999999993,0.6339999999999998,0.22000000000000003,548.0,1e-11,1e-22,IdealGasReactor,off,0.6303957954415372,0.0,0.0,0.2803555703256304,0.035360416226949104,0.011783952989444657,9.025448922214856e-12,0.04210426500741309,0.0,0.002847813475958518,3.679596040854963e-11,0.5768128997576741,5.4018286344030705e-09,1.5438191612769358e-07,1.2148573369911272e-07,1.0724214109742239e-05,0.41962132467866686,4.453545281163059e-05,3.71996308016039e-05,0.0005300603035730228,4.9014732026686525e-06,2.3476822669307686e-13,1.9266832060487185e-09,9.025778000936481e-05,0.0,0.0,0.0,0.0,0.0,0.0,0.0,0.0,0.0,0.0,0.0,0.0,-2.516405536822747e-07,5.032811071723443e-07,1.677603690096041e-07,1.4089247811081956e-16,-3.355207381312155e-07,0.0,2.2929331229633507e-15,-7.822400986113322e-22,1.0888008770135186e-17,-3.239405957594243e-21,5.1379112756314536e-17,-2.4698951346343364e-19,2.440356514960068e-19,2.315116135820623e-15,-2.8738114424780075e-21,-1.7932973905436694e-17,8.953562691451835e-21,-1.1532448702637743e-21,-3.9030161027192485e-22,-2.1445821182000334e-23,-2.326066924842542e-15,3.319229756864467e-07,2.516405536822747e-07,4.7005688413308035e-07,-5.032794680785127e-07,-4.30540836161288e-07,1.4684703965844277e-10,1.2481869728755187e-07,6.913588146810415e-08,7.24493420206314e-08,6.913588146810415e-08,1.6767328504095655e-07,1.6767328504095655e-07,-1.4089247811081956e-16,3.3534657143848534e-07,-1.6852966284858455e-16,3.0052520789502865e-19,-1.3694372278728572e-15,3.3534656762590487e-07,1.1392950899397682e-13,5.465247956135435e-12,7.122145400120443e-11,-1.9580875022167464e-11,-1.0829419510861993e-19,3.351429768659886e-07,5.465247956135435e-12,7.122145400120443e-11,-1.617387786109598e-07,2.0359308598318334e-10,-1.6755677592361796e-07,-6.021590398644314e-09,-6.02159039888835e-09,-1.812000607860532e-16,3.5996765963816525e-09,1.1114139539704924e-20,-1.639093831559623e-12,3.597762444768819e-09,1.9377952318737567e-12,5.154103448288042e-13,1.0998586752065366e-12,2.776550008479457e-21,1.8120003934023202e-16
5.436,548,101325.00000000004,2.771e-08,0.066,0.29999999999999993,0.6339999999999998,0.22000000000000003,548.0,1e-11,1e-22,IdealGasReactor,off,0.6303907431198903,0.0,0.0,0.2803292798402213,0.035408219968508764,0.01179988759281861,9.03884296834189e-12,0.042071869469522204,0.0,0.0028469441115489616,3.676463370068821e-11,0.576969447620859,5.400454353483015e-09,1.5454302944549985e-07,1.2149137045172527e-07,1.072798680615749e-05,0.4194662852959963,4.4511787024853574e-05,3.7159653113104134e-05,0.0005295435032551257,4.899748113791455e-06,2.3454562718867027e-13,1.9270823459581398e-09,9.019689434706537e-05,0.0,0.0,0.0,0.0,0.0,0.0,0.0,0.0,0.0,0.0,0.0,0.0,-2.514633856206256e-07,5.029267711047e-07,1.6764225696322913e-07,1.4084022532631633e-16,-3.3528451406719924e-07,0.0,-2.307749147825579e-16,-5.411665882253629e-23,3.5530835607506078e-19,1.8240529757934506e-22,-4.287257262527641e-18,-9.026194844178638e-21,9.205693037102645e-21,-2.3517242115866844e-16,4.471632166607614e-23,2.572047969979254e-19,4.1417837999325076e-22,6.131476290549318e-23,-6.439787670814222e-23,4.586021918384557e-25,2.348150920070438e-16,3.316917135369338e-07,2.514633856206256e-07,4.696789079520002e-07,-5.029251341148126e-07,-4.3024378545248176e-07,1.4665105430797824e-10,1.247862428189522e-07,6.906243336134167e-08,7.239242976127075e-08,6.906243336134167e-08,1.6755528915170687e-07,1.6755528915170687e-07,-1.4084022532631633e-16,3.351105796586358e-07,-1.6828707252571963e-16,3.001462981479288e-19,-1.368203984128038e-15,3.3511057839774594e-07,1.1384933389382752e-13,5.457018733095962e-12,7.11339210767439e-11,-1.9541583433041734e-11,-1.0814865023381851e-19,3.349071939979265e-07,5.457018733095962e-12,7.11339210767439e-11,-1.6162313549624892e-07,2.0338416500437286e-10,-1.6743887279822493e-07,-6.019121466980213e-09,-6.019121466989419e-09,-1.810742863195533e-16,3.5947122739725563e-09,1.1099872968549391e-20,-1.6369898875146657e-12,3.5928005302654467e-09,1.9351222308330927e-12,5.149792647362591e-13,1.0984510330406817e-12,2.7730234629550124e-21,1.8107428677815549e-16
5.444999999999999,548,101325.00000000003,2.771e-08,0.066,0.29999999999999993,0.6339999999999998,0.22000000000000003,548.0,1e-11,1e-22,IdealGasReactor,off,0.6303856944376288,0.0,0.0,0.28030300829288074,0.03545598927515709,0.011815810717872311,9.052231855435567e-12,0.04203949726740878,0.0,0.0028460745371335365,3.673332852964019e-11,0.577125975615421,5.399079912138553e-09,1.547038541536434e-07,1.2149685616373967e-07,1.0731749255848687e-05,0.41931126553238457,4.448812302239195e-05,3.7119710782202486e-05,0.0005290271182004883,4.898022957931344e-06,2.343232069977832e-13,1.927481509127089e-09,9.013602660270656e-05,0.0,0.0,0.0,0.0,0.0,0.0,0.0,0.0,0.0,0.0,0.0,0.0,-2.5128627310467734e-07,5.025725461493636e-07,1.675241819509146e-07,1.4078797933210942e-16,-3.350483640536093e-07,0.0,-5.30879358507361e-15,1.2554999354186655e-21,-3.0799898179954364e-18,1.9701839846644814e-21,-8.08279072335048e-17,-6.680972371468294e-20,4.861423178035399e-20,-5.378643935384532e-15,-2.9048458615781263e-22,7.918827568303672e-18,-1.1734439503536586e-21,1.833549225300355e-21,-1.4114308382198296e-21,-1.9958617083007618e-22,5.381754712454335e-15,3.314605199275381e-07,2.5128627310467734e-07,4.6930108923530626e-07,-5.025709112612352e-07,-4.2994682511295643e-07,1.4645528643884272e-10,1.2475375304381533e-07,6.898902981151819e-08,7.233553782646481e-08,6.898902981151819e-08,1.674373301575368e-07,1.674373301575368e-07,-1.4078797933210942e-16,3.348746616689481e-07,-1.680447835001738e-16,2.99767789556378e-19,-1.3669713965556348e-15,3.348746655529311e-07,1.137691838629961e-13,5.448799666546431e-12,7.104647711821473e-11,-1.9502362931537112e-11,-1.0800327317297546e-19,3.3467148479292496e-07,5.448799666546431e-12,7.104647711821473e-11,-1.6150752911070372e-07,2.0317537825143245e-10,-1.67321006572645e-07,-6.0166528402109035e-09,-6.016652840259518e-09,-1.809487699334045e-16,3.589753464240572e-09,1.1085621213566231e-20,-1.634888128354144e-12,3.5878441260712336e-09,1.9324521988887486e-12,5.145483344101552e-13,1.0970448253957236e-12,2.769500450445932e-21,1.8094857034723367e-16
5.454,548,101324.99999999999,2.771e-08,0.066,0.29999999999999993,0.6339999999999998,0.22000000000000003,548.0,1e-11,1e-22,IdealGasReactor,off,0.630380649393462,0.0,0.0,0.28027675567689,0.03550372415911072,0.011831722368677987,9.0656155844816e-12,0.042007148392793875,0.0,0.002845204753369442,3.670204489446368e-11,0.5772824836794482,5.3977053111639895e-09,1.5486439043254636e-07,1.2150219104385468e-07,1.0735501466219797e-05,0.41915626544913936,4.446446081882151e-05,3.7079803797580025e-05,0.000528511148306837,4.8962977360702405e-06,2.341009660678656e-13,1.9278806954421475e-09,9.007517681378371e-05,0.0,0.0,0.0,0.0,0.0,0.0,0.0,0.0,0.0,0.0,0.0,0.0,-2.5110921624453433e-07,5.022184324188199e-07,1.6740614404459796e-07,1.4073574014872986e-16,-3.3481228823688e-07,0.0,-1.3586540268645976e-15,1.9936516772089585e-22,-2.2589001017473408e-18,-7.40935229927156e-21,-7.049844632085701e-17,2.292812309098984e-19,-2.2610899326075756e-19,-1.4219679819130548e-15,4.306399002230704e-22,4.668784046145244e-18,-3.940916639885286e-21,-6.430295286834099e-22,1.0215431872685216e-21,3.4795925907784485e-22,1.424243966783555e-15,3.312293950072289e-07,2.5110921624453433e-07,4.6892342820520187e-07,-5.022167996302667e-07,-4.2964995532758833e-07,1.4625973593295835e-10,1.2472122800055457e-07,6.891567085500632e-08,7.227866625176468e-08,6.891567085500632e-08,1.6731940813195502e-07,1.6731940813195502e-07,-1.4073574014872986e-16,3.346388176164341e-07,-1.6780279553980556e-16,2.993896819089752e-19,-1.3657394656404962e-15,3.346388175451409e-07,1.1368905895142954e-13,5.440590749756508e-12,7.095912208595401e-11,-1.946321341467922e-11,-1.07858063812237e-19,3.344358493950844e-07,5.440590749756508e-12,7.095912208595401e-11,-1.613919595252734e-07,2.0296672581256026e-10,-1.6720317731878858e-07,-6.014184519324556e-09,-6.014184519098447e-09,-1.808225421719289e-16,3.5848001646529656e-09,1.1071384268620383e-20,-1.6327885531734975e-12,3.5828932296511394e-09,1.9297851346736866e-12,5.141175541795047e-13,1.095640051761021e-12,2.7659809698497857e-21,1.8082289013118798e-16
5.462999999999999,548,101325.0,2.771e-08,0.066,0.29999999999999993,0.6339999999999998,0.22000000000000003,548.0,1e-11,1e-22,IdealGasReactor,off,0.6303756079860962,0.0,0.0,0.28025052198551986,0.035551424632605085,0.011847622549314075,9.07899415646736e-12,0.04197482283738578,0.0,0.002844334760886945,3.6670782793839586e-11,0.5774389717455961,5.396330551302242e-09,1.5502463846148315e-07,1.215073752999222e-07,1.0739243444702141e-05,0.4190012851130339,4.444080042828962e-05,3.7039932147529434e-05,0.0005279955934664239,4.894572449199915e-06,2.3387890434575075e-13,1.9282799048154343e-09,9.001434501806447e-05,0.0,0.0,0.0,0.0,0.0,0.0,0.0,0.0,0.0,0.0,0.0,0.0,-2.509322151453733e-07,5.018644301188497e-07,1.6728814331692497e-07,1.406835077985477e-16,-3.345762867577328e-07,0.0,3.5452303470251205e-15,3.686836738475993e-22,7.750891635603459e-18,-1.675664220796933e-23,3.1257739215170225e-17,-5.346895479542771e-21,4.164854384204494e-21,3.559637703305717e-15,-5.698510045827638e-22,-9.007388371925394e-18,4.854457250990194e-21,-1.1694265909968429e-22,1.728987094101793e-21,-3.4347282034703364e-23,-3.567434503704524e-15,3.309983389193378e-07,2.509322151453733e-07,4.6854592507454375e-07,-5.018627994276886e-07,-4.293531762727978e-07,1.4606440266925473e-10,1.2468866772528194e-07,6.884235652675699e-08,7.222181507129148e-08,6.884235652675699e-08,1.6720152314517433e-07,1.6720152314517433e-07,-1.406835077985477e-16,3.3440304764152493e-07,-1.6756110841322794e-16,2.990119749903928e-19,-1.3645081918710661e-15,3.3440304259002573e-07,1.1360895920683555e-13,5.43239197588357e-12,7.087185593885386e-11,-1.9424134779185323e-11,-1.0771302203803263e-19,3.342002879496835e-07,5.43239197588357e-12,7.087185593885386e-11,-1.6127642681153235e-07,2.0275820777674714e-10,-1.6708538510914703e-07,-6.011716505392618e-09,-6.011716505396783e-09,-1.8069728055740877e-16,3.5798523725953166e-09,1.1057162127347372e-20,-1.6306911610343768e-12,3.577947838395022e-09,1.9271210367804257e-12,5.136869243630452e-13,1.0942367116031404e-12,2.7624650200057067e-21,1.8069724621012674e-16
5.4719999999999995,548,101325.00000000004,2.771e-08,0.066,0.29999999999999993,0.6339999999999998,0.22000000000000003,548.0,1e-11,1e-22,IdealGasReactor,off,0.6303705702142364,0.0,0.0,0.2802243072120313,0.03559909070789383,0.011863511263865265,9.09236757238201e-12,0.041942520592880506,0.0,0.002843464560462026,3.663954222830736e-11,0.5775954397759651,5.394955633571773e-09,1.5518459842803068e-07,1.2151240914521192e-07,1.0742975198657566e-05,0.41884632456122156,4.4417141867202636e-05,3.7000095822198224e-05,0.0005274804535981056,4.89284709825756e-06,2.3365702178054564e-13,1.9286791370221687e-09,8.995353125151497e-05,0.0,0.0,0.0,0.0,0.0,0.0,0.0,0.0,0.0,0.0,0.0,0.0,-2.507552699378965e-07,5.015105396691467e-07,1.6717017983662532e-07,1.4063128229397105e-16,-3.343403598474537e-07,0.0,-6.346695245077842e-15,-3.08631975396135e-22,-9.465527254083164e-18,-3.013717845436459e-20,6.596772002555296e-17,3.986613505811568e-19,-4.068554017291071e-19,-6.246705243178029e-15,-5.058118568985483e-21,2.406049667938207e-17,-1.213107462673968e-20,1.878268677166503e-21,3.569762289213625e-21,-1.2217976529543313e-22,6.256244843256573e-15,3.307673518974019e-07,2.507552699378965e-07,4.681685801034997e-07,-5.015089110731955e-07,-4.2905648816854947e-07,1.4586928654135776e-10,1.2465607226687628e-07,6.87690868686231e-08,7.21649843264768e-08,6.87690868686231e-08,1.670836752843633e-07,1.670836752843633e-07,-1.4063128229397105e-16,3.341673519185549e-07,-1.6731972188401888e-16,2.98634668604078e-19,-1.3632775757076169e-15,3.3416735667479713e-07,1.1352888468844273e-13,5.424203338631052e-12,7.078467864295803e-11,-1.9385126923902074e-11,-1.0756814773459894e-19,3.3396480059432586e-07,5.424203338631052e-12,7.078467864295803e-11,-1.6116093103757214e-07,2.0254982422643264e-10,-1.669676300123907e-07,-6.009248799053162e-09,-6.009248798646307e-09,-1.8057176086253753e-16,3.5749100858181704e-09,1.1042954784496775e-20,-1.6285959511628199e-12,3.573007950051845e-09,1.9244599039946365e-12,5.132564453314651e-13,1.092834804498706e-12,2.7589526000347257e-21,1.8057163868277223e-16
5.481,548,101325.0,2.771e-08,0.066,0.29999999999999993,0.6339999999999998,0.22000000000000003,548.0,1e-11,1e-22,IdealGasReactor,off,0.6303655360765862,0.0,0.0,0.2801981113496748,0.03564672239724989,0.011879388516422403,9.105735833216271e-12,0.041910241650960973,0.0,0.0028425941525518483,3.6608323194253936e-11,0.577751887668435,5.3935805583883894e-09,1.5534427050259358e-07,1.215172927813626e-07,1.0746696735623916e-05,0.41869138389545946,4.439348514700218e-05,3.696029480755934e-05,0.0005269657285611638,4.8911216842986045e-06,2.3343531831583664e-13,1.9290783921368906e-09,8.989273555384552e-05,0.0,0.0,0.0,0.0,0.0,0.0,0.0,0.0,0.0,0.0,0.0,0.0,-2.5057838069638365e-07,5.011567613014039e-07,1.6705225368042005e-07,1.4057906366913424e-16,-3.3410450749907954e-07,0.0,2.3946322040857903e-15,-8.507183851636962e-22,-3.809884525706825e-20,5.29693962611869e-21,-4.921695527932953e-17,2.3902210980332288e-20,-2.1056709673149872e-20,2.343097081757226e-15,4.729729481389065e-21,-2.3826694653181285e-18,-1.1500985143205184e-21,-3.47906995760975e-22,-1.2628200914248669e-22,7.128454647418679e-23,-2.3430629988399107e-15,3.3053643393751806e-07,2.5057838069638365e-07,4.677913934473075e-07,-5.011551347984815e-07,-4.2875989113867444e-07,1.4567438741005817e-10,1.246234416464925e-07,6.869586190698461e-08,7.2108174042574e-08,6.869586190698461e-08,1.669658645992425e-07,1.669658645992425e-07,-1.4057906366913424e-16,3.3393173054697174e-07,-1.670786357262333e-16,2.982577625112327e-19,-1.3620476176672696e-15,3.33931726714809e-07,1.1344883543003477e-13,5.4160248304793746e-12,7.069759014836722e-11,-1.9346189743257146e-11,-1.0742344079061406e-19,3.337293874826148e-07,5.4160248304793746e-12,7.069759014836722e-11,-1.6104547227853656e-07,2.0234157525715252e-10,-1.6684991210516577e-07,-6.006781401883512e-09,-6.006781401862455e-09,-1.8044599632220497e-16,3.569973301259503e-09,1.1028762232322425e-20,-1.6265029224167348e-12,3.5680735615614906e-09,1.9218017346669366e-12,5.128261173400419e-13,1.091434329777201e-12,2.7554437084242203e-21,1.8044606760675144e-16
5.489999999999999,548,101325.00000000003,2.771e-08,0.066,0.29999999999999993,0.6339999999999998,0.22000000000000003,548.0,1e-11,1e-22,IdealGasReactor,off,0.6303605055718458,0.0,0.0,0.28017193439169097,0.03569431971296319,0.011895254311082622,9.11909893996284e-12,0.041877986003298506,0.0,0.002841723537899311,3.6577125691732494e-11,0.5779083153785257,5.392205326707443e-09,1.5550365487126296e-07,1.2152202642062567e-07,1.0750408063000362e-05,0.4185364631595234,4.436983028356491e-05,3.692052909325418e-05,0.000526451418267434,4.8893962082718145e-06,2.3321379389982545e-13,1.9294776699661514e-09,8.983195796129955e-05,0.0,0.0,0.0,0.0,0.0,0.0,0.0,0.0,0.0,0.0,0.0,0.0,-2.504015475453493e-07,5.008030949544173e-07,1.6693436491769617e-07,1.4052685193867248e-16,-3.338687299671092e-07,0.0,-4.678214947715194e-16,3.448056689726555e-23,9.055219584034129e-18,-5.276662075149436e-22,-4.191913116402329e-18,8.232101456127731e-21,-8.175853174474126e-21,-4.808688825798367e-16,8.329881434283923e-22,2.891124910271143e-19,8.371771791130234e-21,2.223047896236262e-24,6.422938442508603e-23,-3.1080640679226976e-24,4.717605903700549e-16,3.303055852965338e-07,2.504015475453493e-07,4.674143653543357e-07,-5.008014705423433e-07,-4.284633853926216e-07,1.4547970516514312e-10,1.2459077591024724e-07,6.86226816818658e-08,7.205138425921718e-08,6.86226816818658e-08,1.6684809117287045e-07,1.6684809117287045e-07,-1.4052685193867248e-16,3.336961836928831e-07,-1.66837849704216e-16,2.9788125651020344e-19,-1.3608183182134492e-15,3.336961826860829e-07,1.1336881148804765e-13,5.4078564449880835e-12,7.06105904192849e-11,-1.9307323135780458e-11,-1.072789010905691e-19,3.3349404875337034e-07,5.4078564449880835e-12,7.06105904192849e-11,-1.6093005060307644e-07,2.0213346095198625e-10,-1.6673223145674423e-07,-6.004314314619724e-09,-6.004314314611548e-09,-1.8032053618433782e-16,3.565042016568877e-09,1.1014584465279802e-20,-1.6244120739785643e-12,3.5631446705753576e-09,1.9191465275303475e-12,5.123959407464499e-13,1.0900352869858295e-12,2.7519383442194722e-21,1.8032053307627376e-16
5.499,548,101325.0,2.771e-08,0.066,0.29999999999999993,0.6339999999999998,0.22000000000000003,548.0,1e-11,1e-22,IdealGasReactor,off,0.6303554786987143,0.0,0.0,0.28014577633130894,0.03574188266734559,0.011911108651949002,9.132456893615458e-12,0.04184575364154969,0.0,0.0028408527171955747,3.65459497201011e-11,0.5780647228513751,5.390829939386538e-09,1.5566275171783309e-07,1.2152661027343416e-07,1.0754109188221247e-05,0.41838156240763263,4.434617729195507e-05,3.688079866821864e-05,0.0005259375226187063,4.887670671144985e-06,2.32992448479687e-13,1.929876970364881e-09,8.977119851068176e-05,0.0,0.0,0.0,0.0,0.0,0.0,0.0,0.0,0.0,0.0,0.0,0.0,-2.502247705999883e-07,5.004495410532474e-07,1.6681651361900073e-07,1.4047464712073293e-16,-3.336330273675592e-07,0.0,-1.0154923694088535e-15,-3.1283437291077467e-22,5.4196074727787215e-18,3.981680572311407e-21,6.285725622455756e-18,2.022291161569642e-20,-2.1060018395600085e-20,-1.020133238938622e-15,-2.0031513411840944e-22,-5.4655445944746936e-18,5.623854774112418e-21,-3.152075121709881e-22,-6.231138075046366e-22,-5.0793868067555323e-23,1.014679185622843e-15,3.3007480609295245e-07,2.502247705999883e-07,4.6703749605555017e-07,-5.004479187298424e-07,-4.281669711239321e-07,1.4528523969089105e-10,1.2455807509980608e-07,6.854954623067531e-08,7.199461501336206e-08,6.854954623067531e-08,1.667303550821194e-07,1.667303550821194e-07,-1.4047464712073293e-16,3.334607115100383e-07,-1.66597363583905e-16,2.9750515039216124e-19,-1.3595896778176036e-15,3.3346071104389807e-07,1.1328881291471388e-13,5.399698175510099e-12,7.052367941724234e-11,-1.9268526999344267e-11,-1.0713452851958997e-19,3.3325878454782305e-07,5.399698175510099e-12,7.052367941724234e-11,-1.608146660808528e-07,2.019254813958379e-10,-1.6661458813760405e-07,-6.0018475381479245e-09,-6.0018475381268645e-09,-1.8019508597263803e-16,3.5601162292616804e-09,1.1000421477402169e-20,-1.6223234049687155e-12,3.5582212746067903e-09,1.9164942812440113e-12,5.119659158891404e-13,1.088637675629911e-12,2.7484365063583156e-21,1.8019503517876996e-16
5.507999999999999,548,101325.0,2.771e-08,0.066,0.29999999999999993,0.6339999999999998,0.22000000000000003,548.0,1e-11,1e-22,IdealGasReactor,off,0.6303504554558891,0.0,0.0,0.2801196371617493,0.03578941127272371,0.011926951543131063,9.145809695170273e-12,0.04181354455736102,0.0,0.002839981691035348,3.6514795277441386e-11,0.5782211100127341,5.389454397100913e-09,1.558215612209663e-07,1.2153104454675257e-07,1.0757800118780324e-05,0.41822668171350963,4.432252618572957e-05,3.6841103520097844e-05,0.0005254240414984471,4.885945073921303e-06,2.3277128200079294e-13,1.9302762932788384e-09,8.971045723988326e-05,0.0,0.0,0.0,0.0,0.0,0.0,0.0,0.0,0.0,0.0,0.0,0.0,-2.500480499583199e-07,5.000960997763529e-07,1.6669869985721706e-07,1.4042244924002057e-16,-3.3339739985100045e-07,0.0,-2.499863524267663e-16,-8.69279206518419e-23,4.006616947796684e-18,6.114968596784786e-22,-1.1154365124155068e-19,3.414601568618898e-21,-3.3930948726925195e-21,-2.5397485521309695e-16,5.046048113611387e-22,1.7128806062562273e-19,3.468314590162643e-21,-9.675428227456196e-23,3.533158081330636e-23,2.425500601819168e-23,2.4994365052011296e-16,3.2984409648008015e-07,2.500480499583199e-07,4.666607857498553e-07,-5.000944795394385e-07,-4.278706484969268e-07,1.450909908615055e-10,1.245253392484924e-07,6.847645558606467e-08,7.193786633703274e-08,6.847645558606467e-08,1.6661265639246253e-07,1.6661265639246253e-07,-1.4042244924002057e-16,3.3322531412938145e-07,-1.6635717713425832e-16,2.9712944393525534e-19,-1.3583616969672658e-15,3.3322531289847745e-07,1.132088397545207e-13,5.391550015022932e-12,7.043685709888978e-11,-1.9229801230540383e-11,-1.0699032296405845e-19,3.330235950118565e-07,5.391550015022932e-12,7.043685709888978e-11,-1.6069931878357876e-07,2.017176366772839e-10,-1.664969822205398e-07,-5.999381073638302e-09,-5.999381073634909e-09,-1.8006954973415453e-16,3.5551959365998526e-09,1.0986273261956811e-20,-1.6202369143945219e-12,3.553303370920285e-09,1.9138449943328716e-12,5.115360430712995e-13,1.0872414951387457e-12,2.7449381935835217e-21,1.8006957398916055e-16
5.5169999999999995,548,101325.0,2.771e-08,0.066,0.29999999999999993,0.6339999999999998,0.22000000000000003,548.0,1e-11,1e-22,IdealGasReactor,off,0.630345435842065,0.0,0.0,0.2800935168762214,0.03583690554144517,0.01194278298874429,9.15915734562463e-12,0.04178135874236479,0.0,0.0028391104600842547,3.648366236272494e-11,0.5783774768026816,5.388078700659544e-09,1.5598008356348775e-07,1.2153532945025305e-07,1.0761480862144068e-05,0.4180718211364653,4.429887697954089e-05,3.680144363742197e-05,0.000524910974802844,4.884219417577374e-06,2.3255029440954913e-13,1.9306756385871824e-09,8.964973418589546e-05,0.0,0.0,0.0,0.0,0.0,0.0,0.0,0.0,0.0,0.0,0.0,0.0,-2.498713857306857e-07,4.997427713223045e-07,1.6658092370332223e-07,1.403702583163944e-16,-3.3316184754583944e-07,0.0,4.129942920394867e-16,1.1249398577438153e-22,-3.231836256905511e-19,2.4967387038819147e-21,-1.3029484311139275e-18,8.261218213689598e-20,-8.24409557500975e-20,4.105994858793181e-16,1.7929001442438535e-21,-1.4963352494595059e-18,-8.656447129851352e-22,-4.910609405209333e-22,-1.242531238544886e-21,-6.179391573742545e-24,-4.102779182529654e-16,3.2961345658888853e-07,2.498713857306857e-07,4.6628423465891923e-07,-4.997411531697032e-07,-4.2757441769691186e-07,1.4489695855821953e-10,1.2449256839586834e-07,6.840340978398091e-08,7.18811382657738e-08,6.840340978398091e-08,1.6649499517755088e-07,1.6649499517755088e-07,-1.403702583163944e-16,3.329899916982179e-07,-1.6611729012173681e-16,2.9675413692657525e-19,-1.3571343761356574e-15,3.329899898041333e-07,1.131288920575119e-13,5.383411956764949e-12,7.035012342430123e-11,-1.9191145727033548e-11,-1.0684628430924959e-19,3.3278848028752967e-07,5.383411956764949e-12,7.035012342430123e-11,-1.605840087812706e-07,2.0150992688154898e-10,-1.6637941377644082e-07,-5.996914922051602e-09,-5.996914921969161e-09,-1.799441557707364e-16,3.5502811360183926e-09,1.0972139812742466e-20,-1.6181526013417003e-12,3.5483909569508987e-09,1.911198665413845e-12,5.111063226210962e-13,1.0858467449941176e-12,2.741443404772295e-21,1.7994414959134482e-16
5.526,548,101324.99999999997,2.771e-08,0.066,0.29999999999999993,0.6339999999999998,0.22000000000000003,548.0,1e-11,1e-22,IdealGasReactor,off,0.6303404198559357,0.0,0.0,0.2800674154679251,0.035884365485874634,0.011958602992910431,9.172499845977824e-12,0.04174919618818178,0.0,0.002838239024963841,3.6452550974326433e-11,0.578533823152451,5.3867028507880096e-09,1.5613831892607405e-07,1.2153946519206348e-07,1.0765151425810458e-05,0.4179169807447083,4.427522968734828e-05,3.676181900811215e-05,0.00052439832241948,4.882493703105882e-06,2.3232948565144585e-13,1.9310750062106817e-09,8.958902938617736e-05,0.0,0.0,0.0,0.0,0.0,0.0,0.0,0.0,0.0,0.0,0.0,0.0,-2.496947780194912e-07,4.993895559031171e-07,1.6646318522929286e-07,1.4031807437270553e-16,-3.329263705990139e-07,0.0,-2.175696148865817e-16,2.5355834352810033e-24,-2.046918889604977e-19,4.3360008015197755e-22,-4.4540168740183315e-18,-7.22624983126325e-21,7.231212914938568e-21,-2.2191970396125825e-16,1.9188550532473703e-22,-9.492232722986597e-20,-4.384430851055759e-22,-2.6149247114332587e-22,9.626937452976277e-23,3.564842413348282e-24,2.2212510143765523e-16,3.293828865689975e-07,2.496947780194912e-07,4.6590784298952287e-07,-4.993879398326522e-07,-4.272782788956852e-07,1.4470314265755652e-10,1.244597625777154e-07,6.833040885813554e-08,7.182443083284554e-08,6.833040885813554e-08,1.6637737150576586e-07,1.6637737150576586e-07,-1.4031807437270553e-16,3.327547443533059e-07,-1.6587770231409755e-16,2.963792291470719e-19,-1.355907715802579e-15,3.3275474309313324e-07,1.1304896987015073e-13,5.37528399379856e-12,7.026347835127339e-11,-1.91525603859464e-11,-1.067024124409558e-19,3.325534405189128e-07,5.37528399379856e-12,7.026347835127339e-11,-1.604687361448152e-07,2.0130235209534175e-10,-1.6626188287719752e-07,-5.994449084477643e-09,-5.994449084484874e-09,-1.798187584985958e-16,3.5453718248346146e-09,1.0958021123198612e-20,-1.616070464842993e-12,3.543484030016385e-09,1.9085552930405844e-12,5.106767548503011e-13,1.084453424642074e-12,2.7379521387100013e-21,1.7981876206343822e-16
5.534999999999999,548,101325.00000000003,2.771e-08,0.066,0.29999999999999993,0.6339999999999998,0.22000000000000003,548.0,1e-11,1e-22,IdealGasReactor,off,0.6303354074961917,0.0,0.0,0.28004133293004985,0.03593179111839551,0.011974411559757325,9.185837197230758e-12,0.041717056886419975,0.0,0.002837367386309492,3.642146111077186e-11,0.5786901489961105,5.385326848237909e-09,1.5629626749040804e-07,1.2154345198090668e-07,1.076881181727956e-05,0.41776216060359705,4.425158432331892e-05,3.6722229620234e-05,0.0005238860842380825,4.880767931494031e-06,2.321088556720454e-13,1.93147439605719e-09,8.952834287796424e-05,0.0,0.0,0.0,0.0,0.0,0.0,0.0,0.0,0.0,0.0,0.0,0.0,-2.4951822692940716e-07,4.990364536967071e-07,1.6634548450663683e-07,1.4026589743084666e-16,-3.326909691407924e-07,0.0,-1.2679499852097054e-14,4.525637025952463e-22,7.777401713432929e-18,-6.588862960550686e-21,2.1887278417491917e-17,5.122696446316398e-19,-5.119197472325299e-19,-1.266989371513515e-14,1.1429871036539065e-21,-4.937619397566719e-18,5.5304372851145194e-21,3.163707349073908e-22,-2.3620756283994224e-22,2.7856061175210604e-22,1.2662076581990651e-14,3.2915238655333023e-07,2.4951822692940716e-07,4.65531610952536e-07,-4.990348397062032e-07,-4.2698223226892176e-07,1.445095430372471e-10,1.244269218310826e-07,6.825745284279054e-08,7.176774407214809e-08,6.825745284279054e-08,1.6625978544699527e-07,1.6625978544699527e-07,-1.4026589743084666e-16,3.325195722344253e-07,-1.6563841347848557e-16,2.9600472037916283e-19,-1.354681716443871e-15,3.325195834236183e-07,1.1296907323992402e-13,5.367166119230307e-12,7.01769218381983e-11,-1.9114045104673378e-11,-1.0655870724466911e-19,3.323184758491373e-07,5.367166119230307e-12,7.01769218381983e-11,-1.603535009446718e-07,2.0109491240441056e-10,-1.6614438959423275e-07,-5.991983561965018e-09,-5.991983561453099e-09,-1.7969313292460615e-16,3.540468000392356e-09,1.0943917186854092e-20,-1.6139905039443055e-12,3.5385825874621563e-09,1.905914875781702e-12,5.102473400751262e-13,1.0830615335373653e-12,2.7344643942042588e-21,1.796934114852179e-16
5.544,548,101325.00000000004,2.771e-08,0.066,0.29999999999999993,0.6339999999999998,0.22000000000000003,548.0,1e-11,1e-22,IdealGasReactor,off,0.6303303987615222,0.0,0.0,0.2800152692557749,0.03597918245140974,0.011990208693418923,9.199169400385986e-12,0.04168494082867484,0.0,0.0028364955448349173,3.639039277156833e-11,0.5788464542836382,5.383950693908654e-09,1.5645392944278117e-07,1.2154729002849394e-07,1.0772462044019928e-05,0.4176073607624873,4.422794090282962e-05,3.668267546282811e-05,0.0005233742601624082,4.879042103699238e-06,2.318884044180321e-13,1.9318738079605292e-09,8.946767469748734e-05,0.0,0.0,0.0,0.0,0.0,0.0,0.0,0.0,0.0,0.0,0.0,0.0,-2.4934173257869774e-07,4.986834649510308e-07,1.6622782160473622e-07,1.4021372750732742e-16,-3.32455643336543e-07,0.0,-8.184919925983738e-15,-1.1041630916116109e-21,4.811436664830702e-18,1.9863211075382536e-20,6.618397812489882e-17,1.7110065534536867e-19,-1.7173427569458429e-19,-8.131741349633624e-15,-2.1856048468727745e-21,-8.272451761404904e-18,1.91537326102544e-21,-4.840764342236887e-21,-1.636588773161534e-23,-7.114874456239106e-23,8.12687713221363e-15,3.2892195670972124e-07,2.4934173257869774e-07,4.6515553878394014e-07,-4.986818530383131e-07,-4.2668627801544804e-07,1.443161595827546e-10,1.243940461999109e-07,6.818454177584404e-08,7.171107802146535e-08,6.818454177584404e-08,1.6614223708015337e-07,1.6614223708015337e-07,-1.4021372750732742e-16,3.322844754994025e-07,-1.6539942337926702e-16,2.9563061041508436e-19,-1.3534563785194293e-15,3.322844821518345e-07,1.1288920222045177e-13,5.359058326453683e-12,7.009045384723757e-11,-1.907559978177498e-11,-1.0641516860464726e-19,3.3208358641706656e-07,5.359058326453683e-12,7.009045384723757e-11,-1.6023830324940705e-07,2.0088760789078875e-10,-1.6602693399684478e-07,-5.9895183553291695e-09,-5.989518355157435e-09,-1.7956816909510654e-16,3.535569660227121e-09,1.092982799782275e-20,-1.6119127177778434e-12,3.5336866268217563e-09,1.903277412307047e-12,5.098180786393441e-13,1.0816710711925549e-12,2.7309801702106705e-21,1.7956809794636198e-16
5.553,548,101324.99999999999,2.771e-08,0.066,0.29999999999999993,0.6339999999999998,0.22000000000000003,548.0,1e-11,1e-22,IdealGasReactor,off,0.6303253936506152,0.0,0.0,0.27998922443826985,0.03602653949733733,0.012005994398035333,9.212496456447806e-12,0.04165284800652969,0.0,0.0028356235011498293,3.635934595485679e-11,0.57900273894398,5.3825743885030705e-09,1.5661130496407171e-07,1.2155097954277165e-07,1.0776102113563148e-05,0.4174525812918909,4.420429943963058e-05,3.664315652355302e-05,0.0005228628500765314,4.877316220717716e-06,2.3166813183420196e-13,1.9322732418528717e-09,8.94070248821792e-05,0.0,0.0,0.0,0.0,0.0,0.0,0.0,0.0,0.0,0.0,0.0,0.0,-2.491652950671613e-07,4.983305899985037e-07,1.6611019659552308e-07,1.401615646257737e-16,-3.3222039332957474e-07,0.0,-1.2951334768407103e-17,-4.866825198304488e-23,1.750831508355523e-18,2.177097546531723e-22,-4.332361766968933e-18,7.438008068076825e-21,-7.301523267005575e-21,-1.891975473506813e-17,3.3727865385227057e-22,1.263871031995368e-19,1.5732411814745641e-21,2.4298430493745188e-23,-9.106928481847862e-23,6.686724735880607e-24,1.7158376139333626e-17,3.2869159718421255e-07,2.491652950671613e-07,4.6477962668523666e-07,-4.983289801613984e-07,-4.2639041630264315e-07,1.441229921687612e-10,1.2436113571911834e-07,6.811167569008212e-08,7.165443271327732e-08,6.811167569008212e-08,1.6602472647187217e-07,1.6602472647187217e-07,-1.401615646257737e-16,3.3204945428150234e-07,-1.6516073178413678e-16,2.952568990331678e-19,-1.352231702506925e-15,3.3204945282250264e-07,1.128093568570086e-13,5.350960608459887e-12,7.000407433532019e-11,-1.9037224314435662e-11,-1.0627179640653986e-19,3.318487723667037e-07,5.350960608459887e-12,7.000407433532019e-11,-1.601231431298298e-07,2.006804386405813e-10,-1.6590951615688262e-07,-5.987053465693277e-09,-5.9870534656859755e-09,-1.794428148363578e-16,3.530676801600558e-09,1.0915753549398446e-20,-1.6098371053549323e-12,3.5287961453622006e-09,1.900642901142945e-12,5.093889708488092e-13,1.080282037038754e-12,2.7274994654759467e-21,1.7944282152308254e-16
5.561999999999999,548,101325.0,2.771e-08,0.066,0.29999999999999993,0.6339999999999998,0.22000000000000003,548.0,1e-11,1e-22,IdealGasReactor,off,0.6303203921621557,0.0,0.0,0.27996319847069423,0.036073862268615975,0.01202176867775278,9.225818366422286e-12,0.04162077841155569,0.0,0.0028347512558604573,3.6328320658704464e-11,0.5791590029054696,5.381197932717147e-09,1.5676839423506863e-07,1.215545207316329e-07,1.0779732033450929e-05,0.41729782226293716,4.4180659947415984e-05,3.660367278998981e-05,0.0005223518538635348,4.8755902835466056e-06,2.3144803786512826e-13,1.9326726976699527e-09,8.934639346944482e-05,0.0,0.0,0.0,0.0,0.0,0.0,0.0,0.0,0.0,0.0,0.0,0.0,-2.489889144938136e-07,4.979778288475814e-07,1.6599260955089846e-07,1.4010940881001718e-16,-3.319852192318479e-07,0.0,4.26235680998408e-17,-3.709007925329575e-23,1.0134654383822057e-17,4.221502570784883e-22,-4.0234064994579266e-21,6.008639969585193e-21,-5.802671997059489e-21,3.2507238543823426e-17,7.883428066220116e-22,1.260085141846193e-19,9.28129908184616e-21,-6.162495563520056e-23,-8.9571935854846e-23,-7.092851037487146e-25,-4.2701938137905005e-17,3.2846130809151275e-07,2.489889144938136e-07,4.64403874856425e-07,-4.979762210839157e-07,-4.2609464729658096e-07,1.439300406694034e-10,1.2432819042340475e-07,6.803885461802715e-08,7.159780817983727e-08,6.803885461802715e-08,1.6590725368830175e-07,1.6590725368830175e-07,-1.4010940881001718e-16,3.3181450871302455e-07,-1.6492233846073092e-16,2.9488358601094787e-19,-1.351007688883191e-15,3.3181450720398686e-07,1.1272953719454157e-13,5.342872958220226e-12,6.991778325912275e-11,-1.89989185998757e-11,-1.0612859053593877e-19,3.3161403384194917e-07,5.342872958220226e-12,6.991778325912275e-11,-1.6000802065670875e-07,2.0047340473963255e-10,-1.6579213614615903e-07,-5.9845888941897105e-09,-5.984588894183908e-09,-1.7931758300033973e-16,3.5257894217672217e-09,1.0901693834831038e-20,-1.6077636656802563e-12,3.5239111403351428e-09,1.8980113408075656e-12,5.089600170076555e-13,1.078894430502695e-12,2.724022278735341e-21,1.7931758229105462e-16
5.571,548,101325.0,2.771e-08,0.066,0.29999999999999993,0.6339999999999998,0.22000000000000003,548.0,1e-11,1e-22,IdealGasReactor,off,0.630315394294827,0.0,0.0,0.27993719134619616,0.036121150777704655,0.01203753153672336,9.239135131316601e-12,0.0415887320353097,0.0,0.0028338788097147603,3.6297316882976086e-11,0.5793152461251695,5.379821327514625e-09,1.5692519744481044e-07,1.2155791380831688e-07,1.078335181116186e-05,0.4171430837178575,4.415702244206836e-05,3.656422425150886e-05,0.0005218412714321493,4.87386429312919e-06,2.31228122457551e-13,1.9330721752130144e-09,8.928578049492258e-05,0.0,0.0,0.0,0.0,0.0,0.0,0.0,0.0,0.0,0.0,0.0,0.0,-2.48812590982395e-07,4.97625181830571e-07,1.6587506053899856e-07,1.400572600741718e-16,-3.3175012121529905e-07,0.0,-1.586594512152472e-15,2.9004276898714944e-22,1.5530892744101583e-18,-2.2190545228276063e-21,-5.829174863885688e-18,4.579271871093561e-20,-4.549989677409184e-20,-1.5951438315832496e-15,3.636429154192851e-22,-1.19588758826688e-18,8.627956250745155e-22,-1.2514725680044463e-21,1.4176125822260954e-21,2.2562177568764333e-23,1.593582326655179e-15,3.2823108960596155e-07,2.48812590982395e-07,4.6402828354320765e-07,-4.976235761381732e-07,-4.257989712054386e-07,1.4373730497295275e-10,1.2429521035986857e-07,6.79660785988495e-08,7.154120446046255e-08,6.79660785988495e-08,1.6578981881197654e-07,1.6578981881197654e-07,-1.400572600741718e-16,3.315796389590366e-07,-1.6468424317181004e-16,2.9451067114400007e-19,-1.3497843380973685e-15,3.315796390790382e-07,1.126497432891306e-13,5.334795369229871e-12,6.983158058220183e-11,-1.8960682537353507e-11,-1.0598555087629353e-19,3.313793709791885e-07,5.334795369229871e-12,6.983158058220183e-11,-1.5989293589746835e-07,2.0026650626738082e-10,-1.6567479403273147e-07,-5.982124641530213e-09,-5.982124641484713e-09,-1.7919235778176655e-16,3.520907518322121e-09,1.0887648848441914e-20,-1.6056923979166672e-12,3.519031609337522e-09,1.895382730004886e-12,5.08531217470222e-13,1.077508251117002e-12,2.7205486089954803e-21,1.7919238034394412e-16
5.579999999999999,548,101324.99999999997,2.771e-08,0.066,0.29999999999999993,0.6339999999999998,0.22000000000000003,548.0,1e-11,1e-22,IdealGasReactor,off,0.630310400047311,0.0,0.0,0.2799112030579153,0.03616840503707717,0.012053282979105524,9.252446752140253e-12,0.04155670886933852,0.0,0.0028330061632734316,3.62663346250989e-11,0.5794714685222699,5.378444573505164e-09,1.570817147721431e-07,1.215611589791915e-07,1.0786961454278605e-05,0.4169883657369804,4.4133386936557454e-05,3.6524810895029846e-05,0.0005213311026561569,4.872138250479168e-06,2.310083855549543e-13,1.9334716744611477e-09,8.922518599645629e-05,0.0,0.0,0.0,0.0,0.0,0.0,0.0,0.0,0.0,0.0,0.0,0.0,-2.486363246235734e-07,4.972726490562714e-07,1.6575754963266198e-07,1.4000511844516373e-16,-3.315150994046634e-07,0.0,-4.6088725375855774e-15,-8.448808365018235e-22,5.583770490747801e-19,1.108107319316388e-20,5.086904010338984e-17,2.4961002164400163e-20,-2.3314085564807085e-20,-4.558639835946896e-15,-1.5077062020527558e-21,-9.832970833568672e-20,2.2633366003877094e-21,-3.360602184255671e-21,-5.46903157167425e-21,-5.577820047556462e-23,4.558077242081363e-15,3.2800094185516954e-07,2.486363246235734e-07,4.636528529297819e-07,-4.972710454329704e-07,-4.2550338818107616e-07,1.4354478494850733e-10,1.2426219555935276e-07,6.789334766265383e-08,7.148462158499214e-08,6.789334766265383e-08,1.6567242190348591e-07,1.6567242190348591e-07,-1.4000511844516373e-16,3.3134484514072717e-07,-1.6444644568622176e-16,2.94138154203224e-19,-1.3485616506318084e-15,3.3134484822561205e-07,1.1256997518194442e-13,5.3267278342709674e-12,6.974546625880111e-11,-1.8922516023608e-11,-1.0584267731363833e-19,3.3114478392422393e-07,5.3267278342709674e-12,6.974546625880111e-11,-1.5977788892368147e-07,2.0005974331088026e-10,-1.6555748988935276e-07,-5.9796607089805095e-09,-5.979660708957195e-09,-1.7906727152953628e-16,3.5160310883906903e-09,1.0873618583094731e-20,-1.603623301011944e-12,3.5141575494938207e-09,1.8927570671845112e-12,5.081025725232056e-13,1.0761234982697806e-12,2.717078454892382e-21,1.790672157513358e-16
5.5889999999999995,548,101324.99999999999,2.771e-08,0.066,0.29999999999999993,0.6339999999999998,0.22000000000000003,548.0,1e-11,1e-22,IdealGasReactor,off,0.6303054094182872,0.0,0.0,0.279885233598981,0.036215625059226784,0.01206902300906367,9.265753229904175e-12,0.04152470890517575,0.0,0.002832133317201396,3.623537388381534e-11,0.5796276700370756,5.3770676714952916e-09,1.5723794640198086e-07,1.2156425645455916e-07,1.0790560970324409e-05,0.41683366837806674,4.41097534454626e-05,3.648543270878159e-05,0.0005208213474281342,4.870412156562712e-06,2.307888271021387e-13,1.933871195288605e-09,8.916461133907122e-05,0.0,0.0,0.0,0.0,0.0,0.0,0.0,0.0,0.0,0.0,0.0,0.0,-2.484601155268135e-07,4.969202307362092e-07,1.6564007690184302e-07,1.399529839425154e-16,-3.3128015394054984e-07,0.0,1.591779796273927e-08,3.499838811148359e-21,5.17878162646546e-15,-4.5311261954993254e-20,1.7746669027913597e-16,4.3558669312552395e-18,-1.3799721810324152e-18,1.591779813851721e-08,-1.998190973714645e-20,-1.8768845471233475e-18,2.3908651114544767e-20,5.1715677658828325e-15,-1.3973097836880035e-20,-2.4624173709867324e-21,-1.5917803317236574e-08,3.2777086498235984e-07,2.484601155268135e-07,4.6327758323507427e-07,-4.969186291798352e-07,-4.2520789840738746e-07,1.4335248047589713e-10,1.2422914606216406e-07,6.782066184459014e-08,7.14280595886372e-08,6.782066184459014e-08,1.6555506303588298e-07,1.6555506303588298e-07,-1.399529839425154e-16,3.3111012740419564e-07,-1.6420894576908071e-16,2.937660349732004e-19,-1.3473396269475349e-15,3.151923277933122e-07,1.124902329226206e-13,5.3186703465235915e-12,6.965944024839075e-11,-1.8884418956952796e-11,-1.0569996973236302e-19,3.309102779916185e-07,5.3186703465235915e-12,6.965944024839075e-11,-1.5966287980435636e-07,1.9985311893026757e-10,-1.6544022378588865e-07,-5.977197097486661e-09,-5.977197096106689e-09,-1.7894455101385791e-16,3.5111601293512837e-09,1.0859603032465925e-20,-1.6015563740337719e-12,3.5092889581900175e-09,1.890134350936875e-12,5.076740824914525e-13,1.0747401714294547e-12,2.7136118152677758e-21,1.7894208859648693e-16
5.598,548,101324.99999999999,2.771e-08,0.066,0.29999999999999993,0.6339999999999998,0.22000000000000003,548.0,1e-11,1e-22,IdealGasReactor,off,0.630300422406433,0.0,0.0,0.2798592829625121,0.0362628108566648,0.01208475163076826,9.27905456562098e-12,0.041492732134342694,0.0,0.0028312602721801416,3.6204434658050413e-11,0.5797838506134716,5.375690622323119e-09,1.5739389252060023e-07,1.2156720644549197e-07,1.079415036688517e-05,0.41667899170059186,4.408612198361284e-05,3.644608968116834e-05,0.0005203120056433143,4.868686012370476e-06,2.305694470449546e-13,1.934270737577662e-09,8.91040525735271e-05,0.0,0.0,0.0,0.0,0.0,0.0,0.0,0.0,0.0,0.0,0.0,0.0,-2.4828396380166007e-07,4.965679274654482e-07,1.6552264241628736e-07,1.3990085658558006e-16,-3.3104528497895985e-07,0.0,2.074061838466882e-15,9.892844238787033e-22,-3.1032785231652333e-18,-7.844487530304787e-21,-2.044314018198254e-18,1.198816318160852e-19,-1.1955158675167654e-19,2.078638665192085e-15,-3.565062511062865e-21,3.362259934982584e-18,-7.71129230581365e-22,-1.0211544661967127e-21,-2.7164419838006057e-22,-2.985856403575275e-22,-2.075511397372042e-15,3.275408591461512e-07,2.4828396380166007e-07,4.629024746781186e-07,-4.965663279738321e-07,-4.2491250206840313e-07,1.4316039143488778e-10,1.2419606190882844e-07,6.774802117975891e-08,7.137151850662468e-08,6.774802117975891e-08,1.6543774228232735e-07,1.6543774228232735e-07,-1.3990085658558006e-16,3.3087548589573744e-07,-1.6397174318523435e-16,2.9339431323830067e-19,-1.3461182675033576e-15,3.3087548234611575e-07,1.12410516560869e-13,5.3106228991650346e-12,6.957350251042827e-11,-1.8846391235800996e-11,-1.0555742801670595e-19,3.306758377973542e-07,5.3106228991650346e-12,6.957350251042827e-11,-1.5954790860830148e-07,1.9964662427296256e-10,-1.653229957920147e-07,-5.974733807985864e-09,-5.974733807866312e-09,-1.7881729754842276e-16,3.506294638598057e-09,1.084560219022374e-20,-1.5994916160488072e-12,3.5044258328086172e-09,1.887514579850484e-12,5.072457476997759e-13,1.073358270063696e-12,2.7101486889609982e-21,1.788169989627824e-16
5.606999999999999,548,101325.0,2.771e-08,0.066,0.29999999999999993,0.6339999999999998,0.22000000000000003,548.0,1e-11,1e-22,IdealGasReactor,off,0.6302954390104245,0.0,0.0,0.27983335114161806,0.03630996244192078,0.01210046884839581,9.292350760304944e-12,0.041460778548348405,0.0,0.0028303870288026124,3.617351694556803e-11,0.5799400101771871,5.374313426658325e-09,1.5754955330922134e-07,1.2157000915973737e-07,1.0797729651506865e-05,0.4165243357743231,4.406249256445547e-05,3.640678179942068e-05,0.0005198030771801319,4.866959818879673e-06,2.303502453262198e-13,1.9346703012592725e-09,8.904351372260522e-05,0.0,0.0,0.0,0.0,0.0,0.0,0.0,0.0,0.0,0.0,0.0,0.0,-2.481078695459151e-07,4.962157389535292e-07,1.6540524624739705e-07,1.398487363982904e-16,-3.308104926323562e-07,0.0,2.8563253137407095e-15,-1.9696850422707377e-22,-2.1186490007855572e-20,1.8350006705094387e-21,-1.5447233979958268e-18,-1.2970192004831474e-20,1.1993291701406348e-20,2.8524785657231326e-15,4.674695313466579e-22,-2.3007568526050472e-18,-5.821935854147241e-22,-2.6381891661613126e-22,1.6598733704667265e-22,4.0031238243695616e-23,-2.8524623348885507e-15,3.2731092446179437e-07,2.481078695459151e-07,4.6252752745588343e-07,-4.962141415245031e-07,-4.2461719932815285e-07,1.4296851769837077e-10,1.241629431341433e-07,6.767542570000185e-08,7.131499837080121e-08,6.767542570000185e-08,1.6532045970810096e-07,1.6532045970810096e-07,-1.398487363982904e-16,3.306409207459519e-07,-1.6373483770167196e-16,2.930229887740611e-19,-1.3448975727695793e-15,3.306409164238744e-07,1.1233082614104692e-13,5.302585485116288e-12,6.948765300102241e-11,-1.8808432757727278e-11,-1.0541505205178779e-19,3.304414790079795e-07,5.302585485116288e-12,6.948765300102241e-11,-1.5943297540578184e-07,1.9944026835724345e-10,-1.6520580597903883e-07,-5.972270841615212e-09,-5.972270841627205e-09,-1.7869190689372707e-16,3.5014346133342927e-09,1.0831616049515074e-20,-1.5974290260464116e-12,3.4995681705618613e-09,1.884897752422269e-12,5.068175684488609e-13,1.0719777935880459e-12,2.7066890746782457e-21,1.786919469249653e-16
5.616,548,101325.0,2.771e-08,0.066,0.29999999999999993,0.6339999999999998,0.22000000000000003,548.0,1e-11,1e-22,IdealGasReactor,off,0.6302904592289356,0.0,0.0,0.2798074381293981,0.0363570798275422,0.012116174666128868,9.305641814972033e-12,0.04142884813868972,0.0,0.0028295135877854515,3.6142620745691235e-11,0.5800961486792665,5.372936085405038e-09,1.5770492895660836e-07,1.2157266480980347e-07,1.0801298831744586e-05,0.416369700648878,4.4038865203348704e-05,3.6367509052322064e-05,0.0005192945619393718,4.8652335770513376e-06,2.301312218915462e-13,1.9350698861703773e-09,8.898299349351949e-05,0.0,0.0,0.0,0.0,0.0,0.0,0.0,0.0,0.0,0.0,0.0,0.0,-2.479318328762536e-07,4.958636658157905e-07,1.6528788846359377e-07,1.397966233970566e-16,-3.3057577707548024e-07,0.0,9.058927097355772e-15,-3.178274988571875e-22,-8.061457251580735e-18,4.567992337369697e-21,-2.0313904130055214e-16,2.710505431213761e-20,-2.0566191569905927e-20,8.864361622631293e-15,-1.053293361246078e-20,3.810708649284183e-19,9.167060107815046e-21,-1.3100886541614852e-20,2.5865126976853336e-21,-3.115864003832261e-22,-8.856247466868306e-15,3.2708106110655635e-07,2.479318328762536e-07,4.621527418002909e-07,-4.958620704471873e-07,-4.243219903828191e-07,1.4277685914998873e-10,1.2412978978246076e-07,6.760287544221782e-08,7.125849921841265e-08,6.760287544221782e-08,1.6520321539105588e-07,1.6520321539105588e-07,-1.397966233970566e-16,3.3040643211052793e-07,-1.6349822908154268e-16,2.926520613696608e-19,-1.3436775431943676e-15,3.304064217779512e-07,1.1225116171605264e-13,5.2945580976968324e-12,6.94018916815294e-11,-1.8770543421881435e-11,-1.0527284172103293e-19,3.302071965859146e-07,5.2945580976968324e-12,6.94018916815294e-11,-1.5931808026440845e-07,1.9923404828408627e-10,-1.650886544153162e-07,-5.969808199185314e-09,-5.969808199164748e-09,-1.7856724415797043e-16,3.4965800510337416e-09,1.0817644604299044e-20,-1.5953686031361443e-12,3.4947159689238754e-09,1.8822838672900342e-12,5.063895450776721e-13,1.0705987414985561e-12,2.7032329713314972e-21,1.7856693257157004e-16
5.625,548,101324.99999999997,2.771e-08,0.066,0.29999999999999993,0.6339999999999998,0.22000000000000003,548.0,1e-11,1e-22,IdealGasReactor,off,0.6302854830606379,0.0,0.0,0.2797815439189412,0.03640416302609507,0.012131869088155967,9.318927730639786e-12,0.04139694089685092,0.0,0.002828639949645325,3.6111746055151445e-11,0.58025226603013,5.371558599089738e-09,1.578600196404416e-07,1.215751736006459e-07,1.0804857915233077e-05,0.4162150864134108,4.401523991254087e-05,3.6328271426049065e-05,0.0005187864597847025,4.863507287914069e-06,2.2991237668293797e-13,1.9354694923328695e-09,8.892249192435796e-05,0.0,0.0,0.0,0.0,0.0,0.0,0.0,0.0,0.0,0.0,0.0,0.0,-2.477558538747881e-07,4.955117081834192e-07,1.651705691378553e-07,1.3974451761177208e-16,-3.303411384574278e-07,0.0,-1.41114874779812e-13,1.8495876630221298e-20,9.873672095076987e-18,-2.770272702026307e-19,-5.734410405933653e-16,5.041169525143172e-19,-8.387942283532722e-20,-1.416463412342259e-13,-6.597743390879317e-20,5.0912015011957066e-17,3.006292333955331e-20,5.305846641644827e-22,-4.8702294727996977e-20,1.2869853780243326e-21,1.416366442149301e-13,3.268512692325507e-07,2.477558538747881e-07,4.617781178789469e-07,-4.955101148730731e-07,-4.2402687536986113e-07,1.4258541565342946e-10,1.2409660188107603e-07,6.75303704338437e-08,7.120202107680711e-08,6.75303704338437e-08,1.6508600938610952e-07,1.6508600938610952e-07,-1.3974451761177208e-16,3.3017202009935603e-07,-1.6326191709439924e-16,2.9228153078873187e-19,-1.342458179261135e-15,3.301721602788632e-07,1.12171523323201e-13,5.286540729484717e-12,6.931621850361785e-11,-1.8732723124799338e-11,-1.0513079691061869e-19,3.2997299067807844e-07,5.286540729484717e-12,6.931621850361785e-11,-1.5920322325578136e-07,1.9902796414054964e-10,-1.6497154117413497e-07,-5.967345882073927e-09,-5.967345881990047e-09,-1.7844066898063756e-16,3.491730948660029e-09,1.0803687847019495e-20,-1.593310346203886e-12,3.4898692248770543e-09,1.87967292282674e-12,5.059616778545077e-13,1.0692211131408965e-12,2.6997803774477768e-21,1.7844195596601559e-16
5.6339999999999995,548,101325.00000000003,2.771e-08,0.066,0.29999999999999993,0.6339999999999998,0.22000000000000003,548.0,1e-11,1e-22,IdealGasReactor,off,0.6302805105042019,0.0,0.0,0.279755668503327,0.0364512120501629,0.012147552118671698,9.3322085083275e-12,0.04136505681430444,0.0,0.002827766115222279,3.6080892874790664e-11,0.5804083622061138,5.370180968846878e-09,1.5801482555622515e-07,1.2157753574996494e-07,1.080840690950712e-05,0.4160604930907719,4.399161670929159e-05,3.628906891090835e-05,0.0005182787706387056,4.861780952373441e-06,2.2969370964730527e-13,1.935869119459725e-09,8.886200904921089e-05,0.0,0.0,0.0,0.0,0.0,0.0,0.0,0.0,0.0,0.0,0.0,0.0,-2.4757993268011744e-07,4.951598652249403e-07,1.650532883363399e-07,1.3969241905003143e-16,-3.3010657681370316e-07,0.0,-1.837955757044129e-16,-1.6131884369969072e-23,-1.3103754253633375e-18,1.4630570842013174e-22,-4.406053633380057e-18,-1.9058241313221758e-21,1.7809198588266686e-21,-1.8686439178874688e-16,-3.159625972076912e-22,1.4080727213623663e-20,-1.1138732137592026e-21,1.352698795465623e-22,3.612058933412426e-23,-1.1427408973057662e-23,1.8818276755187522e-16,3.266215488775077e-07,2.4757993268011744e-07,4.614036559644045e-07,-4.951582739706859e-07,-4.2373185452254733e-07,1.4239418710468088e-10,1.240633794855836e-07,6.745791071760541e-08,7.114556398945587e-08,6.745791071760541e-08,1.649688417856905e-07,1.649688417856905e-07,-1.3969241905003143e-16,3.2993768489713973e-07,-1.6302590149887054e-16,2.919113968358546e-19,-1.3412394813911846e-15,3.29937683618553e-07,1.1209191102529464e-13,5.2785333742576935e-12,6.923063343464649e-11,-1.8694971767527826e-11,-1.0498891750190301e-19,3.297388614143708e-07,5.2785333742576935e-12,6.923063343464649e-11,-1.5908840444558127e-07,1.988220159994777e-10,-1.648544663203403e-07,-5.96488389075862e-09,-5.964883890760401e-09,-1.7831702864011804e-16,3.4868873040429765e-09,1.0789745772566878e-20,-1.5912542544958629e-12,3.485027936195434e-09,1.8770649178322818e-12,5.05533967162682e-13,1.067844908103455e-12,2.6963312921737996e-21,1.7831701721270906e-16
5.643,548,101324.99999999999,2.771e-08,0.066,0.29999999999999993,0.6339999999999998,0.22000000000000003,548.0,1e-11,1e-22,IdealGasReactor,off,0.6302755415582953,0.0,0.0,0.2797298118756248,0.03649822691234776,0.012163223761876608,9.345484149056046e-12,0.041333195882510165,0.0,0.0028268920850356995,3.6050061201330834e-11,0.5805644371181775,5.368803195209629e-09,1.581693468830074e-07,1.2157975146267886e-07,1.081194582219176e-05,0.4159059207695737,4.396799560587372e-05,3.624990149303331e-05,0.0005177714943646466,4.860054571456555e-06,2.294752207264545e-13,1.936268767570452e-09,8.880154490601632e-05,0.0,0.0,0.0,0.0,0.0,0.0,0.0,0.0,0.0,0.0,0.0,0.0,-2.474040693744862e-07,4.948081386092108e-07,1.6493604613087776e-07,1.3964032774154576e-16,-3.298720924061525e-07,0.0,-8.31099868741559e-17,-1.088988160818292e-23,-4.781236568831496e-18,2.992631174248054e-23,9.301480552036286e-20,3.705769144237564e-21,-3.713213769750541e-21,-7.822832341371195e-17,-5.422377931870544e-22,-4.824608874794744e-20,-4.138558886064866e-21,8.127049518333497e-23,-1.1703535040395918e-22,8.551183113310851e-24,8.303782063898706e-17,3.263919003062979e-07,2.474040693744862e-07,4.610293562240492e-07,-4.948065494088838e-07,-4.234369279787099e-07,1.4220317336731733e-10,1.2403012262360649e-07,6.738549632083102e-08,7.10891279837448e-08,6.738549632083102e-08,1.6485171264475072e-07,1.6485171264475072e-07,-1.3964032774154576e-16,3.297034266139317e-07,-1.627901820641261e-16,2.9154165927449274e-19,-1.340021450064805e-15,3.297034252280895e-07,1.1201232485967185e-13,5.270536024586762e-12,6.914513642625378e-11,-1.865728924679233e-11,-1.0484720338083736e-19,3.295048089411046e-07,5.270536024586762e-12,6.914513642625378e-11,-1.589736239043005e-07,1.9861620394707718e-10,-1.6473742992693068e-07,-5.962422226577277e-09,-5.962422226573564e-09,-1.7819210782401028e-16,3.4820491141013963e-09,1.0775818373373285e-20,-1.589200326896939e-12,3.4801920998545726e-09,1.8744598506755295e-12,5.051064132703526e-13,1.0664701257300833e-12,2.6928857140327602e-21,1.781921163751934e-16
5.651999999999999,548,101325.00000000003,2.771e-08,0.066,0.29999999999999993,0.6339999999999998,0.22000000000000003,548.0,1e-11,1e-22,IdealGasReactor,off,0.6302705762215843,0.0,0.0,0.2797039740288946,0.03654520762526833,0.012178884021977312,9.358754653848187e-12,0.041301358092916636,0.0,0.0028260178597222254,3.6019251032957664e-11,0.5807204907013281,5.367425278929266e-09,1.58323583805693e-07,1.2158182094874405e-07,1.0815474660914254e-05,0.41575136951424096,4.394437661637603e-05,3.621076916004295e-05,0.0005172646308469563,4.858328146145702e-06,2.292569098637587e-13,1.9366684365727068e-09,8.87410995312291e-05,0.0,0.0,0.0,0.0,0.0,0.0,0.0,0.0,0.0,0.0,0.0,0.0,-2.472282640605107e-07,4.944565279961693e-07,1.6481884259182957e-07,1.395882437078903e-16,-3.2963768532018e-07,0.0,1.1650052502385622e-15,-1.2891245868126526e-22,2.2717424287317837e-18,-2.5252426146965833e-22,-1.4723391386970265e-17,-2.1943447289806718e-20,2.203443715718755e-20,1.1471784633089308e-15,-1.796080427516921e-21,-7.839182381242014e-19,2.736591549260837e-21,-1.7326848893571702e-22,1.0250830711582087e-21,-9.576772794541571e-24,-1.1494638782710587e-15,3.26162323607067e-07,2.472282640605107e-07,4.6065521886326794e-07,-4.944549408476069e-07,-4.2314209591054966e-07,1.4201237431648237e-10,1.2399683133310083e-07,6.731312727633062e-08,7.103271309284403e-08,6.731312727633062e-08,1.6473462203182428e-07,1.6473462203182428e-07,-1.395882437078903e-16,3.2946924538674996e-07,-1.625547585552822e-16,2.9117231788252105e-19,-1.3388040857385438e-15,3.2946924277688083e-07,1.1193276487289964e-13,5.262548673474028e-12,6.90597274356918e-11,-1.8619675461009937e-11,-1.0470565443154267e-19,3.2927083339828054e-07,5.262548673474028e-12,6.90597274356918e-11,-1.5885888170124976e-07,1.9841052806416756e-10,-1.6462043206376547e-07,-5.959960890579795e-09,-5.9599608906018295e-09,-1.7806726310851887e-16,3.477216376111707e-09,1.076190564274416e-20,-1.5871485624198325e-12,3.4753617131129994e-09,1.871857719878453e-12,5.046790164870776e-13,1.0650967654516086e-12,2.68944364176832e-21,1.7806725353174608e-16
5.661,548,101325.0,2.771e-08,0.066,0.29999999999999993,0.6339999999999998,0.22000000000000003,548.0,1e-11,1e-22,IdealGasReactor,off,0.6302656144927337,0.0,0.0,0.2796781549561858,0.03659215420156281,0.012194532903186311,9.37202002372806e-12,0.04126954343695927,0.0,0.0028251434399832495,3.598846236867437e-11,0.5808765229035334,5.366047220880069e-09,1.5847753651320586e-07,1.215837444204918e-07,1.0818993433267678e-05,0.41559683937616043,4.392075975588712e-05,3.617167190036611e-05,0.0005167581799816899,4.8566016773991e-06,2.290387770036453e-13,1.9370681263122964e-09,8.868067296049317e-05,0.0,0.0,0.0,0.0,0.0,0.0,0.0,0.0,0.0,0.0,0.0,0.0,-2.4705251685196416e-07,4.941050333320931e-07,1.6470167778737865e-07,1.3953616696625626e-16,-3.2940335540314286e-07,0.0,-1.7375357888952985e-14,6.869285111688024e-21,4.761787169296247e-18,-6.379181738443595e-20,2.3236421907966726e-16,1.1890224997082241e-18,-1.1574895475770901e-18,-1.7453059347120157e-14,7.875440300507563e-21,-3.064962186480601e-16,2.804202881267124e-20,9.223916859972954e-21,1.5321057778093218e-20,-5.090936614178701e-22,1.744828186294781e-14,3.2593281862976133e-07,2.4705251685196416e-07,4.6028124410797833e-07,-4.94103448233133e-07,-4.228473585093932e-07,1.4182178983368926e-10,1.2396350565768407e-07,6.724080361988496e-08,7.097631935312222e-08,6.724080361988496e-08,1.6461757002282807e-07,1.6461757002282807e-07,-1.3953616696625626e-16,3.292351413674165e-07,-1.6231963073533392e-16,2.9080337244603794e-19,-1.3375873888563939e-15,3.2923515735916453e-07,1.1185323111656141e-13,5.2545713141566326e-12,6.897440642331544e-11,-1.858213030957269e-11,-1.0456427053721002e-19,3.290369349224541e-07,5.2545713141566326e-12,6.897440642331544e-11,-1.5874417790376898e-07,1.9820498842854923e-10,-1.6450347279898163e-07,-5.957499883609664e-09,-5.9574998824521745e-09,-1.7794293786245215e-16,3.472389087476826e-09,1.074800757446636e-20,-1.5850989601483881e-12,3.4705367733815398e-09,1.8692585240459393e-12,5.042517771450057e-13,1.0637248267461876e-12,2.686005074245876e-21,1.7794242876879074e-16
5.67,548,101324.99999999996,2.771e-08,0.066,0.29999999999999993,0.6339999999999998,0.22000000000000003,548.0,1e-11,1e-22,IdealGasReactor,off,0.6302606563704057,0.0,0.0,0.27965235465053845,0.03663906665388656,0.012210170409722113,9.385280259721589e-12,0.04123775190606181,0.0,0.002824268826510616,3.5957695207281534e-11,0.5810325336719014,5.3646690219184416e-09,1.5863120519455308e-07,1.2158552208989656e-07,1.0822502146850352e-05,0.4154423304075916,4.389714503931262e-05,3.613260970218925e-05,0.0005162521416618688,4.854875166172289e-06,2.288208220896788e-13,1.937467836642562e-09,8.862026522929662e-05,0.0,0.0,0.0,0.0,0.0,0.0,0.0,0.0,0.0,0.0,0.0,0.0,-2.468768278607596e-07,4.937536553266998e-07,1.6458455178559847e-07,1.3948409753412792e-16,-3.291691037317447e-07,0.0,-4.935717935035982e-15,-3.958687764794261e-21,-1.0690111084041575e-17,3.864998012387747e-20,2.5526613708885143e-16,4.0339944112986054e-20,-7.991640052058566e-20,-4.659241783582334e-15,9.559985136139351e-21,1.042161010394937e-17,-1.504754746502365e-20,6.2773444216942156e-21,-1.2217673709261107e-21,6.518517936655639e-23,4.669963533944058e-15,3.257033864537042e-07,2.468768278607596e-07,4.599074321802487e-07,-4.937520722751807e-07,-4.2255271596328376e-07,1.4163141979895075e-10,1.2393014564034113e-07,6.716852538661598e-08,7.091994680036533e-08,6.716852538661598e-08,1.6450055669246127e-07,1.6450055669246127e-07,-1.3948409753412792e-16,3.290011147053736e-07,-1.620847983666464e-16,2.9043482274885383e-19,-1.3363713598585567e-15,3.2900111790468145e-07,1.117737236414131e-13,5.24660393981539e-12,6.888917334880641e-11,-1.854465369175418e-11,-1.0442305158064157e-19,3.288031136496006e-07,5.24660393981539e-12,6.888917334880641e-11,-1.586295125790707e-07,1.9799958511734196e-10,-1.6438655220044155e-07,-5.955039206527771e-09,-5.955039206447855e-09,-1.7781757698625852e-16,3.4675672456013383e-09,1.073412416221611e-20,-1.5830515191504914e-12,3.465717278040524e-09,1.8666622617619866e-12,5.038246955719856e-13,1.0623543090810156e-12,2.682570010302853e-21,1.7781764217143788e-16
5.678999999999999,548,101324.99999999997,2.771e-08,0.066,0.29999999999999993,0.6339999999999998,0.22000000000000003,548.0,1e-11,1e-22,IdealGasReactor,off,0.6302557018532611,0.0,0.0,0.2796265731049826,0.03668594499491297,0.012225796545809155,9.398535362856316e-12,0.04120598349163576,0.0,0.0028233940197988877,3.59269495451136e-11,0.5811885229118012,5.363290682527795e-09,1.5878459002768294e-07,1.2158715416170234e-07,1.0826000809376713e-05,0.41528784270276836,4.3873532478537715e-05,3.609358255126823e-05,0.0005157465157452975,4.853148613506085e-06,2.286030450629218e-13,1.9378675676090975e-09,8.855987637583516e-05,0.0,0.0,0.0,0.0,0.0,0.0,0.0,0.0,0.0,0.0,0.0,0.0,-2.467011971641457e-07,4.934023941449498e-07,1.6446746465990574e-07,1.3943203544310532e-16,-3.28934929459799e-07,0.0,5.392726440467786e-15,-3.2755818206595505e-22,-5.6966077826471794e-21,5.3255455862434e-22,4.3913840815247964e-17,-1.5511290846594375e-19,1.542402329197003e-19,5.4370359250787406e-15,-8.464752667705198e-22,5.568170954369587e-19,9.707315878511401e-23,2.8664393164376637e-22,8.42348517353876e-22,5.234087289159511e-23,-5.4370359536681705e-15,3.2547402623582e-07,2.467011971641457e-07,4.595337832381142e-07,-4.934008131387115e-07,-4.222581684014245e-07,1.414412640728468e-10,1.238967513066972e-07,6.709629260230981e-08,7.086359546050253e-08,6.709629260230981e-08,1.6438358209238482e-07,1.6438358209238482e-07,-1.3943203544310532e-16,3.287671655038937e-07,-1.6185026121927186e-16,2.9006666855023394e-19,-1.3351559992272422e-15,3.2876715860830075e-07,1.1169424248255698e-13,5.238646542909308e-12,6.880402816232564e-11,-1.8507245504319898e-11,-1.0428199744806439e-19,3.2856936972711973e-07,5.238646542909308e-12,6.880402816232564e-11,-1.5851488579911097e-07,1.9779431821696613e-10,-1.642696703416879e-07,-5.952578860794775e-09,-5.952578860949015e-09,-1.7769284145860797e-16,3.462750847341005e-09,1.0720255398182195e-20,-1.5810062382744238e-12,3.4609032239789445e-09,1.864068931352846e-12,5.033977720255462e-13,1.0609852117755996e-12,2.6791384483974246e-21,1.7769289379948086e-16
5.688,548,101324.99999999999,2.771e-08,0.066,0.29999999999999993,0.6339999999999998,0.22000000000000003,548.0,1e-11,1e-22,IdealGasReactor,off,0.630250750939958,0.0,0.0,0.2796008103125384,0.03673278923733319,0.01224141131567783,9.411785334161447e-12,0.041174238185080606,0.0,0.002822519020623999,3.589622538201604e-11,0.5813444905871213,5.3619122037225795e-09,1.5893769120641212e-07,1.2158864085124448e-07,1.0829489428427235e-05,0.41513337629706865,4.384992208976685e-05,3.605459043683494e-05,0.0005152413021399508,4.851422020325265e-06,2.2838544586821204e-13,1.938267318985148e-09,8.84995064345323e-05,0.0,0.0,0.0,0.0,0.0,0.0,0.0,0.0,0.0,0.0,0.0,0.0,-2.465256248883942e-07,4.930512495917398e-07,1.6435041647611204e-07,1.3937998070499544e-16,-3.287008330922855e-07,0.0,-1.030916333971e-15,2.5580979120438765e-22,5.1714706507118116e-21,8.673806072166402e-22,4.5664710856781806e-17,-5.055727903924105e-21,6.243559263550253e-21,-9.84572066116865e-16,-1.1641797698311348e-21,6.826699469934339e-19,8.1686084778689675e-22,-1.2335330884697025e-21,-3.290764566651056e-23,-7.107499370984291e-23,9.845702783210674e-16,3.2524473848351537e-07,2.465256248883942e-07,4.591602975301357e-07,-4.930496706286231e-07,-4.2196371603637163e-07,1.412513225435468e-10,1.2386332270712632e-07,6.702410530588009e-08,7.080726537341722e-08,6.702410530588009e-08,1.6426664630682015e-07,1.6426664630682015e-07,-1.3937998070499544e-16,3.2853329393144123e-07,-1.6161601905285142e-16,2.896989096443869e-19,-1.3339413073857827e-15,3.2853329345883253e-07,1.1161478769721904e-13,5.2306991169207894e-12,6.871897082751869e-11,-1.846990564787483e-11,-1.0414110802105834e-19,3.283357032864618e-07,5.2306991169207894e-12,6.871897082751869e-11,-1.584002976290852e-07,1.9758918780045778e-10,-1.6415282728831277e-07,-5.950118847026838e-09,-5.950118847033081e-09,-1.7756825482346768e-16,3.4579398902860435e-09,1.0706401276654612e-20,-1.5789631166781615e-12,3.4560946087700964e-09,1.861478531508557e-12,5.029710068625373e-13,1.0596175343575565e-12,2.6757103875214477e-21,1.7756818374847397e-16
5.697,548,101325.00000000003,2.771e-08,0.066,0.29999999999999993,0.6339999999999998,0.22000000000000003,548.0,1e-11,1e-22,IdealGasReactor,off,0.6302458036291537,0.0,0.0,0.2795750662662167,0.03677959939385589,0.012257014723564486,9.425030174667908e-12,0.041142515977783976,0.0,0.0028216438295866116,3.5865522715585296e-11,0.5815004366257748,5.360533586186616e-09,1.590905089152754e-07,1.2158998236733956e-07,1.0832968011675748e-05,0.41497893126205776,4.38263138864923e-05,3.601563334586901e-05,0.0005147365007215762,4.8496953876240674e-06,2.281680244475728e-13,1.9386670907131343e-09,8.843915544198536e-05,0.0,0.0,0.0,0.0,0.0,0.0,0.0,0.0,0.0,0.0,0.0,0.0,-2.4635011112895924e-07,4.927002221184765e-07,1.6423340730446502e-07,1.3932793334377461e-16,-3.2846681474560283e-07,0.0,-2.572757326823796e-16,2.7285357800992816e-23,2.508345971491935e-18,1.2160979702618025e-22,1.284313706274333e-19,6.670384459627615e-21,-6.745657895369941e-21,-2.598101412873482e-16,2.53655056008421e-22,-1.34894755966047e-19,2.256900303194673e-21,9.14810058695364e-23,1.7200669068293978e-23,-5.868539898660267e-25,2.5728726016799857e-16,3.250155233160525e-07,2.4635011112895924e-07,4.587869752476674e-07,-4.926986451963232e-07,-4.2166935902827745e-07,1.41061595081602e-10,1.238298598767417e-07,6.695196352784753e-08,7.075095657019368e-08,6.695196352784753e-08,1.6414974939953328e-07,1.6414974939953328e-07,-1.3932793334377461e-16,3.282995001155444e-07,-1.6138207163297498e-16,2.8933154580296143e-19,-1.3327272847902823e-15,3.282994989195487e-07,1.1153535932872659e-13,5.2227616546776575e-12,6.863400129945325e-11,-1.8432634020738646e-11,-1.0400038318377849e-19,3.281021144683131e-07,5.2227616546776575e-12,6.863400129945325e-11,-1.582857481381048e-07,1.973841939483154e-10,-1.6403602311051663e-07,-5.947659166360207e-09,-5.947659166353461e-09,-1.7744351267837224e-16,3.4531343715697504e-09,1.069256179057997e-20,-1.5769221533218743e-12,3.4512914295503243e-09,1.8588910606851457e-12,5.025444003769499e-13,1.0582512762212457e-12,2.672285826324898e-21,1.7744351209151825e-16
5.7059999999999995,548,101324.99999999999,2.771e-08,0.066,0.29999999999999993,0.6339999999999998,0.22000000000000003,548.0,1e-11,1e-22,IdealGasReactor,off,0.6302408599195032,0.0,0.0,0.2795493409590177,0.03682637547720869,0.012272606773711293,9.438269885408022e-12,0.041110816861120655,0.0,0.002820768447313488,3.583484154372288e-11,0.5816563609610197,5.359154830652308e-09,1.592430433403303e-07,1.2159117891987273e-07,1.0836436566793703e-05,0.41482450766392404,4.380270788260173e-05,3.5976711265648425e-05,0.0005142321113702685,4.847968716386422e-06,2.279507807432816e-13,1.9390668827105623e-09,8.837882343441298e-05,0.0,0.0,0.0,0.0,0.0,0.0,0.0,0.0,0.0,0.0,0.0,0.0,-2.4617465598568736e-07,4.923493117510713e-07,1.6411643721447285e-07,1.3927589338161026e-16,-3.2823287455019334e-07,0.0,9.236163879401094e-15,1.0440667080159243e-21,1.3317544158231166e-17,1.6552617518831216e-20,8.108773459007505e-17,-2.2054620364133845e-19,1.9355033717005784e-19,9.29897165699013e-15,-5.519180378836535e-21,-4.586291419071843e-18,1.4792420205239468e-20,-3.0939398342838886e-21,-8.0713338143277685e-22,-1.794872275109054e-22,-9.312364985999483e-15,3.2478638086667986e-07,2.4617465598568736e-07,4.5841381659004274e-07,-4.923477368677241e-07,-4.213750975447312e-07,1.4087208155996132e-10,1.2379636285298348e-07,6.687986729985208e-08,7.069466908315235e-08,6.687986729985208e-08,1.640328914371918e-07,1.640328914371918e-07,-1.3927589338161026e-16,3.280657841895401e-07,-1.6114841872422047e-16,2.8896457680058805e-19,-1.3315139318905118e-15,3.2806577343613696e-07,1.1145595742237831e-13,5.214834149096517e-12,6.854911953437152e-11,-1.8395430521664882e-11,-1.038598228199037e-19,3.278686034117624e-07,5.214834149096517e-12,6.854911953437152e-11,-1.5817123739461783e-07,1.9717933673954322e-10,-1.6391925787770632e-07,-5.945199819855017e-09,-5.945199820048567e-09,-1.7731905839212996e-16,3.4483342883831263e-09,1.0678736933085584e-20,-1.5748833471921822e-12,3.4464936835134732e-09,1.856306517369572e-12,5.021179528715177e-13,1.0568864367788206e-12,2.6688647635032605e-21,1.7731887890490245e-16
5.715,548,101324.99999999999,2.771e-08,0.066,0.29999999999999993,0.6339999999999998,0.22000000000000003,548.0,1e-11,1e-22,IdealGasReactor,off,0.6302359198096594,0.0,0.0,0.2795236343839329,0.03687311750013509,0.012288187470366467,9.451504467416127e-12,0.041079140826454655,0.0,0.0028198928745895155,3.580418186632385e-11,0.581812263558561,5.357775938151776e-09,1.593952946770297e-07,1.2159223072470443e-07,1.0839895101379965e-05,0.4146701055362202,4.37791040944203e-05,3.593782418543128e-05,0.0005137281339945606,4.84624200753348e-06,2.2773371469996424e-13,1.939466694741814e-09,8.831851044598602e-05,0.0,0.0,0.0,0.0,0.0,0.0,0.0,0.0,0.0,0.0,0.0,0.0,-2.459992595858534e-07,4.919985190181803e-07,1.639995062712025e-07,1.3922386082969562e-16,-3.27999012687186e-07,0.0,5.8594783435579794e-15,-1.3219216796932754e-21,-6.653772075723321e-18,9.503933834065186e-21,1.4266522991044977e-17,-2.0387024249226941e-19,2.0159053272407327e-19,5.879136553031556e-15,1.2122951858527252e-22,-1.1119806713697081e-18,-6.842873023874446e-21,1.0151057079674186e-22,-1.6058562751654489e-21,9.376933713327559e-23,-5.8724548179478645e-15,3.245573113189529e-07,2.459992595858534e-07,4.580408218073384e-07,-4.919969461714829e-07,-4.210809318001352e-07,1.406827818671443e-10,1.2376283168715917e-07,6.680781666088435e-08,7.063840295245566e-08,6.680781666088435e-08,1.639160725046861e-07,1.639160725046861e-07,-1.3922386082969562e-16,3.278321463232083e-07,-1.6091506008569801e-16,2.885980024317512e-19,-1.3303012491045803e-15,3.2783213899101327e-07,1.1137658203585489e-13,5.206916593669642e-12,6.846432549610864e-11,-1.8358295051621463e-11,-1.0371942681069099e-19,3.276351702472223e-07,5.206916593669642e-12,6.846432549610864e-11,-1.580567654631095e-07,1.969746162458059e-10,-1.6380253165495443e-07,-5.942740808092992e-09,-5.9427408082945825e-09,-1.771941905155814e-16,3.443539638303789e-09,1.0664926698479723e-20,-1.5728466974500914e-12,3.4417013682331152e-09,1.8537249002531984e-12,5.016916647046047e-13,1.055523015559122e-12,2.665447198050971e-21,1.7719428428491854e-16
5.723999999999999,548,101324.99999999999,2.771e-08,0.066,0.29999999999999993,0.6339999999999998,0.22000000000000003,548.0,1e-11,1e-22,IdealGasReactor,off,0.6302309832982731,0.0,0.0,0.2794979465339437,0.03691982547539628,0.012303756817784112,9.464733921728202e-12,0.041047487865137934,0.0,0.0028190171121281514,3.577354368233859e-11,0.5819681443695467,5.356396909581105e-09,1.5954726311700714e-07,1.2159313799514713e-07,1.0843343623082328e-05,0.4145157249271427,4.375550253715686e-05,3.589897209352175e-05,0.0005132245684894106,4.844515262014158e-06,2.2751682626092053e-13,1.939866526640095e-09,8.825821651171074e-05,0.0,0.0,0.0,0.0,0.0,0.0,0.0,0.0,0.0,0.0,0.0,0.0,-2.4582392204405233e-07,4.916478442855583e-07,1.6388261454164026e-07,1.3917183570414616e-16,-3.277652293888102e-07,0.0,1.1284425461562802e-15,-3.3086623731796714e-21,-7.604943615630009e-17,-2.2707854929579364e-22,-3.3709608429895806e-16,-3.3285747849133834e-19,3.493671763372842e-19,9.578356067944036e-16,-1.0948455252181666e-20,8.986684685893238e-17,-5.458536347124516e-20,3.712800179444265e-21,-1.4396143356651767e-20,4.520016667965052e-22,-8.813019583903238e-16,3.2432831490770975e-07,2.4582392204405233e-07,4.57667991125874e-07,-4.916462734733552e-07,-4.2078686198717285e-07,1.404936958842683e-10,1.2372926642438428e-07,6.673581164642099e-08,7.058215821461325e-08,6.673581164642099e-08,1.6379929267844814e-07,1.6379929267844814e-07,-1.3917183570414616e-16,3.2759858666942486e-07,-1.6068199547876554e-16,2.8823182248135636e-19,-1.3290892368626454e-15,3.2759858425990274e-07,1.1129723322108971e-13,5.199008981614599e-12,6.837961914490428e-11,-1.832122751067511e-11,-1.0357919503833337e-19,3.2740181510866316e-07,5.199008981614599e-12,6.837961914490428e-11,-1.579423324097665e-07,1.9677003254153824e-10,-1.6368584450911523e-07,-5.940282131873776e-09,-5.940282132223143e-09,-1.7706927631691855e-16,3.4387504187184836e-09,1.0651131080506622e-20,-1.570812203173356e-12,3.4369144811004364e-09,1.8511462079289386e-12,5.012655362085238e-13,1.0541610120350928e-12,2.662033128819172e-21,1.7706972831858534e-16
5.733,548,101325.00000000003,2.771e-08,0.066,0.29999999999999993,0.6339999999999998,0.22000000000000003,548.0,1e-11,1e-22,IdealGasReactor,off,0.6302260503839943,0.0,0.0,0.27947227740202085,0.036966499415774505,0.012319314820223977,9.477958249381216e-12,0.041015857968508346,0.0,0.0028181411598573727,3.574292698068724e-11,0.5821240031843581,5.355017744350839e-09,1.596989488070647e-07,1.2159390091496748e-07,1.0846782139937217e-05,0.4143613660465941,4.373190321388301e-05,3.5860154968220174e-05,0.0005127214146066115,4.842788481085598e-06,2.2730011535693375e-13,1.9402663790006533e-09,8.819794167638274e-05,0.0,0.0,0.0,0.0,0.0,0.0,0.0,0.0,0.0,0.0,0.0,0.0,-2.456486433377535e-07,4.912972864580508e-07,1.6376576211351165e-07,1.3911981807546214e-16,-3.2753152434630925e-07,0.0,4.217709476686818e-15,-1.0858164008732343e-22,8.458666865555448e-18,1.2689556797333121e-20,7.83836348455249e-17,-1.9193237189190412e-19,1.9084876528945965e-19,4.276019276061002e-15,2.3689952921249165e-21,-1.132163089747922e-17,4.52490110363793e-21,1.4026139755543698e-21,2.0093620081838044e-21,-1.5366806276503039e-22,-4.2845394431137524e-15,3.2409939132872333e-07,2.456486433377535e-07,4.5729532451802405e-07,-4.912957176781882e-07,-4.2049288806510705e-07,1.4030482341431584e-10,1.2369566704135147e-07,6.666385225483704e-08,7.052593486694611e-08,6.666385225483704e-08,1.6368255194399184e-07,1.6368255194399184e-07,-1.3911981807546214e-16,3.273651051991765e-07,-1.6044922469113018e-16,2.878660366342338e-19,-1.3278778957435546e-15,3.2736509947284276e-07,1.1121791096823981e-13,5.191111303255288e-12,6.829500040294475e-11,-1.828422778843421e-11,-1.0343912739652009e-19,3.271685381716469e-07,5.191111303255288e-12,6.829500040294475e-11,-1.5782793831916452e-07,1.9656558573528736e-10,-1.6356919652777527e-07,-5.937823794347129e-09,-5.9378237945379776e-09,-1.769453646611581e-16,3.4339666250911628e-09,1.0637350066968536e-20,-1.5687798625628005e-12,3.4321330175859003e-09,1.8485704379568165e-12,5.008395674364961e-13,1.0528004250911633e-12,2.65862255314947e-21,1.7694521099309534e-16
5.742,548,101325.00000000003,2.771e-08,0.066,0.29999999999999993,0.6339999999999998,0.22000000000000003,548.0,1e-11,1e-22,IdealGasReactor,off,0.63022112106547,0.0,0.0,0.27944662698112666,0.03701313933406577,0.01233486148195196,9.491177451414518e-12,0.04098425112789427,0.0,0.0028172650192859576,3.5712331770406697e-11,0.5822798401170723,5.353638444861724e-09,1.5985035198490929e-07,1.2159451972751514e-07,1.0850210659218218e-05,0.41420702877889126,4.370830615207945e-05,3.582137280787032e-05,0.000512218672385072,4.8410616653834496e-06,2.270835819435489e-13,1.9406662508859126e-09,8.81376859649192e-05,0.0,0.0,0.0,0.0,0.0,0.0,0.0,0.0,0.0,0.0,0.0,0.0,-2.4547342371993715e-07,4.909468472988415e-07,1.6364894903229587e-07,1.3906780790464601e-16,-3.272978982082214e-07,0.0,2.2379509493497633e-14,5.570030919881908e-22,3.1295650905090616e-18,9.995986911224932e-21,1.9617283058409596e-18,1.4435294305785397e-18,-1.4379757399458586e-18,2.238748364612436e-14,2.939094895177908e-21,7.687256484161757e-18,-1.280505032307602e-20,8.95960680486812e-21,-7.552539064708594e-21,-6.047038363623137e-22,-2.239061107963902e-14,3.238705412312139e-07,2.4547342371993715e-07,4.569228224661463e-07,-4.909452805491659e-07,-4.2019901046237287e-07,1.4011616441706331e-10,1.2366203365266488e-07,6.659193855886698e-08,7.046973298550199e-08,6.659193855886698e-08,1.6356585046956384e-07,1.6356585046956384e-07,-1.3906780790464601e-16,3.271317022490116e-07,-1.6021674745707057e-16,2.8750064477582393e-19,-1.3266672260226775e-15,3.271316784125844e-07,1.1113861539162412e-13,5.183223554720948e-12,6.821046926880517e-11,-1.8247295795823133e-11,-1.0329922375554233e-19,3.2693533952732965e-07,5.183223554720948e-12,6.821046926880517e-11,-1.5771358323836998e-07,1.9636127586582528e-10,-1.634525877564356e-07,-5.935365793925899e-09,-5.9353657924879235e-09,-1.768213372001119e-16,3.4291882567479327e-09,1.0623583657584808e-20,-1.566749675577963e-12,3.4273569770075437e-09,1.84599758996639e-12,5.00413759001975e-13,1.051441254791527e-12,2.6552154714089115e-21,1.7682073249627554e-16
5.7509999999999994,548,101325.00000000003,2.771e-08,0.066,0.29999999999999993,0.6339999999999998,0.22000000000000003,548.0,1e-11,1e-22,IdealGasReactor,off,0.6302161953413462,0.0,0.0,0.2794209952642133,0.037059745243085196,0.01235039680723971,9.504391528868813e-12,0.040952667334611205,0.0,0.002816388690711235,3.568175804506543e-11,0.5824356550338703,5.352259011221927e-09,1.600014728185384e-07,1.2159499463060065e-07,1.0853629188797193e-05,0.41405271325769627,4.368471136051258e-05,3.5782625595397206e-05,0.000511716341642916,4.8393348160187614e-06,2.2686722595700908e-13,1.9410661425327666e-09,8.807744941734603e-05,0.0,0.0,0.0,0.0,0.0,0.0,0.0,0.0,0.0,0.0,0.0,0.0,-2.4529826323213637e-07,4.905965253218673e-07,1.6353217537563676e-07,1.3901580523655713e-16,-3.270643508589065e-07,0.0,1.574024247084559e-14,-1.502077245935076e-20,6.568164233182986e-18,1.7379457608930042e-19,1.0033868119275308e-15,2.260783875780931e-19,-2.1410246666955037e-19,1.6712468348505037e-14,6.6598972796447346e-21,-2.4644617783839943e-17,-5.449054708573771e-21,-2.324845395307983e-20,-2.1641078525550234e-20,8.52551098706081e-22,-1.6719187641646894e-14,3.2364176450318336e-07,2.4529826323213637e-07,4.565504850610461e-07,-4.905949606002265e-07,-4.199052292473319e-07,1.3992771873176896e-10,1.2362836626737538e-07,6.652007057407055e-08,7.041355258588722e-08,6.652007057407055e-08,1.6344918828317613e-07,1.6344918828317613e-07,-1.3901580523655713e-16,3.2689837787493277e-07,-1.5998456355155144e-16,2.8713564663716564e-19,-1.3254572282053173e-15,3.268983597148889e-07,1.11059346510276e-13,5.175345727678314e-12,6.812602568235106e-11,-1.8210431427568858e-11,-1.0315948400343098e-19,3.2670221933105185e-07,5.175345727678314e-12,6.812602568235106e-11,-1.5759926724298675e-07,1.9615710302468698e-10,-1.6333601827262403e-07,-5.932908132649995e-09,-5.932908132435892e-09,-1.7669544031088133e-16,3.424415310059072e-09,1.060983184291174e-20,-1.5647216408256196e-12,3.422586355723166e-09,1.8434276619950618e-12,4.999881110881645e-13,1.0500835002929523e-12,2.651811881637055e-21,1.7669629286198004e-16
5.76,548,101324.99999999999,2.771e-08,0.066,0.29999999999999993,0.6339999999999998,0.22000000000000003,548.0,1e-11,1e-22,IdealGasReactor,off,0.6302112732102663,0.0,0.0,0.27939538224422333,0.03710631715566526,0.012365920800364737,9.517600482786477e-12,0.04092110657996284,0.0,0.0028155121748111656,3.565120580306991e-11,0.5825914478787576,5.350879444262758e-09,1.6015231149989633e-07,1.215953258364183e-07,1.085703773635561e-05,0.41389841953708056,4.3661118853804735e-05,3.5743913318516464e-05,0.0005112144222670523,4.8376079339448804e-06,2.266510473392244e-13,1.9414660538034868e-09,8.801723338029037e-05,0.0,0.0,0.0,0.0,0.0,0.0,0.0,0.0,0.0,0.0,0.0,0.0,-2.451231619827279e-07,4.902463237991954e-07,1.634154412108328e-07,1.3896381008946937e-16,-3.2683088253938115e-07,0.0,1.5712970970242817e-08,2.4138020578454748e-21,5.120423215055079e-15,-8.798734542887384e-21,2.7356411339235324e-17,3.0865086504558653e-18,-1.6585881180362013e-19,1.5712970976458086e-08,-1.6778854864400784e-21,-1.1654119963538997e-17,1.107235493240248e-20,5.105029535278748e-15,9.837702081219973e-22,2.1131632736222536e-22,-1.5712976096933685e-08,3.2341306138836037e-07,2.451231619827279e-07,4.5617831251690256e-07,-4.90244761103438e-07,-4.1961154460223823e-07,1.397394862357008e-10,1.2359466492803088e-07,6.644824833394934e-08,7.03573937028191e-08,6.644824833394934e-08,1.633325654571197e-07,1.633325654571197e-07,-1.3896381008946937e-16,3.266651322214807e-07,-1.597526727364671e-16,2.867710419979602e-19,-1.3242479027219107e-15,3.109521597988163e-07,1.1098010437331516e-13,5.167477815197215e-12,6.804166960198797e-11,-1.8173634583637677e-11,-1.0301990802248797e-19,3.264691828255438e-07,5.167477815197215e-12,6.804166960198797e-11,-1.5748499039942246e-07,1.959530702061714e-10,-1.6321948814354728e-07,-5.930450811410333e-09,-5.930450811244474e-09,-1.765716808563536e-16,3.419647782262591e-09,1.0596094616388544e-20,-1.5626957573398922e-12,3.417821151020769e-09,1.840860652580124e-12,4.995626240138674e-13,1.0487271610375327e-12,2.64841178260532e-21,1.7657189217268096e-16
5.769,548,101325.0,2.771e-08,0.066,0.29999999999999993,0.6339999999999998,0.22000000000000003,548.0,1e-11,1e-22,IdealGasReactor,off,0.6302063546708723,0.0,0.0,0.2793697879140896,0.037152855084655885,0.012381433465610395,9.53080431421153e-12,0.040889568855241074,0.0,0.0028146354722732056,3.562067504290173e-11,0.5827472185979606,5.349499744828364e-09,1.603028682189652e-07,1.2159551355766336e-07,1.0860436309640606e-05,0.4137441476741295,4.363752864673433e-05,3.570523596503918e-05,0.0005107129141457966,4.83588102014241e-06,2.2643504603299722e-13,1.9418659845748815e-09,8.795703395457434e-05,0.0,0.0,0.0,0.0,0.0,0.0,0.0,0.0,0.0,0.0,0.0,0.0,-2.4494812007898835e-07,4.898962399662716e-07,1.6329874660517406e-07,1.3891182248194018e-16,-3.265974933357098e-07,0.0,1.580947265572714e-14,-1.4494708282009388e-21,3.1639315638562178e-18,6.727127320921383e-22,5.2821398107251796e-17,-4.1496673481580208e-19,4.1270605020169465e-19,1.58483019463572e-14,1.2692370592577503e-21,-1.035379030102219e-17,3.24241330163058e-21,-3.7042698793773116e-21,-2.936780054440664e-22,-3.771149064370981e-24,-1.5851494354857276e-14,3.2318443197554107e-07,2.4494812007898835e-07,4.558063050460043e-07,-4.898946792942474e-07,-4.193179567073463e-07,1.3955146680531144e-10,1.2356092967686465e-07,6.637647187168773e-08,7.03012563706488e-08,6.637647187168773e-08,1.632159820630373e-07,1.632159820630373e-07,-1.3891182248194018e-16,3.264319654320015e-07,-1.5952107477372573e-16,2.864068306367121e-19,-1.3230392500023625e-15,3.264319481388611e-07,1.109008890294208e-13,5.1596198103229225e-12,6.795740098572401e-11,-1.813690516401024e-11,-1.0288049569497492e-19,3.262362148216308e-07,5.1596198103229225e-12,6.795740098572401e-11,-1.5737075277406425e-07,1.9574916872465267e-10,-1.6310299743644716e-07,-5.9279938311098235e-09,-5.9279938315225295e-09,-1.764475342812992e-16,3.4148856706804106e-09,1.0582371971398917e-20,-1.5606720241439125e-12,3.413061360168706e-09,1.8382965602488397e-12,4.991372980956372e-13,1.0473722364617398e-12,2.64501517307039e-21,1.7644753051015012e-16
5.778,548,101325.0,2.771e-08,0.066,0.29999999999999993,0.6339999999999998,0.22000000000000003,548.0,1e-11,1e-22,IdealGasReactor,off,0.6302014397218041,0.0,0.0,0.27934421226673556,0.037199359042924623,0.012396934807265855,9.544003024189608e-12,0.04085805415172585,0.0,0.0028137585836787017,3.559016576167777e-11,0.5829029671158459,5.348119913565359e-09,1.6045314316177512e-07,1.2159555800296936e-07,1.0863824916363775e-05,0.4135898977400481,4.3613940752422744e-05,3.5666593521391126e-05,0.0005102118171476977,4.834154075586287e-06,2.2621922197788968e-13,1.942265934790642e-09,8.78968551106952e-05,0.0,0.0,0.0,0.0,0.0,0.0,0.0,0.0,0.0,0.0,0.0,0.0,-2.44773137613408e-07,4.89546275061308e-07,1.631820916280896e-07,1.3885984243837114e-16,-3.263641833876316e-07,0.0,7.140023736734779e-15,-6.586265719848908e-22,3.0098822099616755e-18,7.765380786255143e-21,2.6661897262046002e-17,-3.4198955245392376e-20,2.057280901480635e-20,7.159243715018812e-15,2.1455112248677445e-21,-4.352324080744861e-18,1.1367941542729125e-21,3.0750439271658804e-22,-6.446314775462388e-22,5.1849648318445466e-23,-7.162274570544065e-15,3.229558764074065e-07,2.44773137613408e-07,4.554344628329525e-07,-4.895447164108679e-07,-4.190244657178269e-07,1.3936366030862097e-10,1.2352716054879788e-07,6.630474121638196e-08,7.024514061952269e-08,6.630474121638196e-08,1.6309943816269867e-07,1.6309943816269867e-07,-1.3885984243837114e-16,3.2619887763000987e-07,-1.5928976942794796e-16,2.8604301232107534e-19,-1.3218312704912915e-15,3.2619886902729434e-07,1.1082170052056374e-13,5.151771705783624e-12,6.787321978746696e-11,-1.8100243067619943e-11,-1.027412469043063e-19,3.260033307821515e-07,5.151771705783624e-12,6.787321978746696e-11,-1.572565544351857e-07,1.9554540741742202e-10,-1.6298654622065854e-07,-5.925537192903897e-09,-5.92553719292447e-09,-1.7632315609567326e-16,3.410128972343865e-09,1.0568663900676439e-20,-1.5586504401667995e-12,3.40830698022512e-09,1.8357353834150224e-12,4.987121336196536e-13,1.0460187259375297e-12,2.6416220516234462e-21,1.7632320794532158e-16
5.787,548,101325.0,2.771e-08,0.066,0.29999999999999993,0.6339999999999998,0.22000000000000003,548.0,1e-11,1e-22,IdealGasReactor,off,0.6301965283617001,0.0,0.0,0.2793186552950747,0.03724582904335666,0.012412424829626083,9.55719661376794e-12,0.040826562460685153,0.0,0.0028128815094676063,3.5559677954681236e-11,0.583058693327874,5.346739950851537e-09,1.6060313650586358e-07,1.21595459375716e-07,1.0867203564373213e-05,0.4134356698403608,4.3590355181804535e-05,3.562798597217545e-05,0.000509711131115258,4.832427101338702e-06,2.2600357511200842e-13,1.9426659045581504e-09,8.783669557529043e-05,0.0,0.0,0.0,0.0,0.0,0.0,0.0,0.0,0.0,0.0,0.0,0.0,-2.4459821465115784e-07,4.891964288735888e-07,1.6306547635298996e-07,1.3880786999397507e-16,-3.261309528188894e-07,0.0,3.531123577177624e-14,2.9121574865953537e-20,6.86763173564948e-17,4.165025921883483e-20,2.9023308651960743e-16,3.3029785080385425e-18,-3.2541475549376996e-18,3.5578529178664517e-14,1.5609561862265074e-20,4.2944324689739304e-17,5.683930583634607e-20,8.176215065992117e-21,3.3018326152156396e-20,-1.1235386071237417e-20,-3.564757171061892e-14,3.227273948110251e-07,2.4459821465115784e-07,4.550627860116908e-07,-4.891948722425847e-07,-4.1873107174225895e-07,1.391760665980277e-10,1.234933575652092e-07,6.623305638969977e-08,7.018904647175753e-08,6.623305638969977e-08,1.6298293379975836e-07,1.6298293379975836e-07,-1.3880786999397507e-16,3.259658689027818e-07,-1.5905875646883795e-16,2.8567958679858033e-19,-1.320623964661721e-15,3.259658318821579e-07,1.10742538876406e-13,5.143933493730429e-12,6.778912595351558e-11,-1.8063648191405573e-11,-1.0260216153608512e-19,3.25770525746281e-07,5.143933493730429e-12,6.778912595351558e-11,-1.571423954545769e-07,1.953417834485879e-10,-1.628701345695902e-07,-5.9230808984130636e-09,-5.923080895158916e-09,-1.7621015991527607e-16,3.40537768390188e-09,1.0554970395764987e-20,-1.556631004161557e-12,3.403558007864334e-09,1.8331771202857475e-12,4.982871308163852e-13,1.0446666287191025e-12,2.6382324165535074e-21,1.7619892452920483e-16
5.795999999999999,548,101325.0,2.771e-08,0.066,0.29999999999999993,0.6339999999999998,0.22000000000000003,548.0,1e-11,1e-22,IdealGasReactor,off,0.6301916205891968,0.0,0.0,0.27929311699201126,0.0372922650988542,0.012427903536991892,9.57038508399547e-12,0.04079509377337548,0.0,0.002812004251003011,3.552921162893936e-11,0.5832143973191023,5.345359858813261e-09,1.6075284848234507e-07,1.2159521791440117e-07,1.08705722610753e-05,0.41328146388858156,4.356677196006001e-05,3.5589413313657273e-05,0.0005092108560582096,4.830700098086958e-06,2.2578810538765097e-13,1.9430658930737036e-09,8.77765553746441e-05,0.0,0.0,0.0,0.0,0.0,0.0,0.0,0.0,0.0,0.0,0.0,0.0,-2.444233514184244e-07,4.888467027025843e-07,1.629489008285805e-07,1.3875590511957256e-16,-3.2589780179861346e-07,0.0,-2.873082337762628e-16,-2.1622015019521566e-23,-2.785774195518331e-18,-3.7847290115372616e-22,-4.507485828813759e-18,7.146840492458159e-22,-7.097209655704977e-22,-2.8910219827334944e-16,-2.257669928515581e-22,-1.032376257688342e-19,-2.578959116503716e-21,2.334200291048075e-23,-4.8922553502782577e-23,-1.0461702043617012e-23,2.9190472917622155e-16,3.2249898735661666e-07,2.444233514184244e-07,4.546912750142073e-07,-4.888451480888683e-07,-4.1843777516379686e-07,1.3898868561730735e-10,1.2345952082838899e-07,6.616141745668186e-08,7.013297399570132e-08,6.616141745668186e-08,1.6286646912476724e-07,1.6286646912476724e-07,-1.3875590511957256e-16,3.2573293955151973e-07,-1.5882803563485227e-16,2.8531655393378224e-19,-1.3194173328074098e-15,3.257329383998808e-07,1.1066340419924276e-13,5.136105169693997e-12,6.770511947472612e-11,-1.802712044473283e-11,-1.024632394622035e-19,3.2553779981111525e-07,5.136105169693997e-12,6.770511947472612e-11,-1.5702827588210044e-07,1.9513829686083852e-10,-1.6275376253171968e-07,-5.920624946480066e-09,-5.9206249464793565e-09,-1.7607469089199704e-16,3.4006318043529456e-09,1.0541291455162651e-20,-1.5546137159074107e-12,3.3988144419967926e-09,1.8306217702727096e-12,4.978622902435236e-13,1.0433159447480016e-12,2.634846267911795e-21,1.76074680430295e-16
5.805,548,101325.0,2.771e-08,0.066,0.29999999999999993,0.6339999999999998,0.22000000000000003,548.0,1e-11,1e-22,IdealGasReactor,off,0.6301867164029283,0.0,0.0,0.2792675973504398,0.037338667222336704,0.012443370933669873,9.583568435922781e-12,0.04076364808104155,0.0,0.0028111268081897414,3.549876677286292e-11,0.5833700788751957,5.3439796368143025e-09,1.6090227923842085e-07,1.2159483380220762e-07,1.087393101457304e-05,0.4131272800993622,4.354319108984351e-05,3.555087552359118e-05,0.0005087109917210719,4.828973067097119e-06,2.2557281273392833e-13,1.9434659009628648e-09,8.771643455344852e-05,0.0,0.0,0.0,0.0,0.0,0.0,0.0,0.0,0.0,0.0,0.0,0.0,-2.4424854788760424e-07,4.884970956365868e-07,1.6283236514219755e-07,1.3870394788725891e-16,-3.256647304245277e-07,0.0,3.2728325640867313e-16,-3.07050930846014e-23,-1.2261992761264088e-18,2.842180757508216e-22,-8.957373417214226e-20,6.088049308390284e-21,-6.061579528788587e-21,3.286355817320922e-16,-1.641504180746146e-22,1.9661396293515493e-19,-1.10808395921329e-21,-2.835678537408348e-23,5.094692712516557e-23,-5.819296686462236e-24,-3.2740228586351253e-16,3.2227065414652985e-07,2.4424854788760424e-07,4.543199298023307e-07,-4.884955430380132e-07,-4.1814457593280153e-07,1.3880151716596143e-10,1.2342565031346393e-07,6.608982441382212e-08,7.007692318711736e-08,6.608982441382212e-08,1.6275004411977602e-07,1.6275004411977602e-07,-1.3870394788725891e-16,3.2550008954022523e-07,-1.5859760671328553e-16,2.849539134062744e-19,-1.3182113755004783e-15,3.255000877722125e-07,1.1058429647687787e-13,5.1282867238676615e-12,6.76212002716261e-11,-1.7990659717621636e-11,-1.023244805758976e-19,3.2530515315185383e-07,5.1282867238676615e-12,6.76212002716261e-11,-1.5691419580187867e-07,1.9493494776096603e-10,-1.626374301944366e-07,-5.918169340318877e-09,-5.918169340312816e-09,-1.7595048145121607e-16,3.3958913289826082e-09,1.0527627066382523e-20,-1.5525985735626285e-12,3.3940762779978555e-09,1.8280693308832223e-12,4.97437611942467e-13,1.0419666728796456e-12,2.6314636029645986e-21,1.7595047563191939e-16
5.814,548,101325.0,2.771e-08,0.066,0.29999999999999993,0.6339999999999998,0.22000000000000003,548.0,1e-11,1e-22,IdealGasReactor,off,0.6301818158015278,0.0,0.0,0.2792420963632457,0.037385035426741306,0.012458827023972401,9.596746670602047e-12,0.04073222537491622,0.0,0.0028102491819210398,3.546834338743728e-11,0.5835257379848536,5.342599286090821e-09,1.6105142897860225e-07,1.215943072599094e-07,1.0877279832510626e-05,0.41297311848313567,4.351961258906477e-05,3.55123725922218e-05,0.0005082115380274486,4.827246009242218e-06,2.2535769709539922e-13,1.9438659278825683e-09,8.765633314381537e-05,0.0,0.0,0.0,0.0,0.0,0.0,0.0,0.0,0.0,0.0,0.0,0.0,-2.440738042028282e-07,4.881476083088782e-07,1.627158693547781e-07,1.386519983004494e-16,-3.2543173884021817e-07,0.0,1.478690049460474e-16,-1.7380597713668446e-22,3.477508472241424e-18,1.5527009070204803e-21,-4.185390962708471e-17,3.448747584305087e-19,-3.617417983010775e-19,9.836974781290454e-17,-2.3542022695076244e-22,-4.466071217949734e-18,5.909198763958576e-21,2.8033667947304954e-21,-2.83975795169476e-21,-1.536736318025465e-22,-1.0186551852123234e-16,3.2204239532658985e-07,2.440738042028282e-07,4.5394875065581577e-07,-4.881460577233019e-07,-4.1785147429251785e-07,1.3861456114096842e-10,1.2339174608185682e-07,6.601827730388455e-08,7.002089409086948e-08,6.601827730388455e-08,1.6263365888085495e-07,1.6263365888085495e-07,-1.386519983004494e-16,3.2526731906107496e-07,-1.5836746945810328e-16,2.8459166502047782e-19,-1.3170060931219042e-15,3.252673175246912e-07,1.105052157745884e-13,5.120478150049911e-12,6.753736831227243e-11,-1.795426591334074e-11,-1.0218588475577788e-19,3.25072585890345e-07,5.120478150049911e-12,6.753736831227243e-11,-1.5680015527459933e-07,1.9473173621168204e-10,-1.6252113761854957e-07,-5.9157140801787744e-09,-5.915714079817033e-09,-1.7582646391633722e-16,3.39115625558043e-09,1.0513977224355807e-20,-1.5505855763801269e-12,3.389343513628296e-09,1.8255198009096494e-12,4.970130963036509e-13,1.0406188127026483e-12,2.628084420857942e-21,1.7582631024270542e-16
5.8229999999999995,548,101324.99999999997,2.771e-08,0.066,0.29999999999999993,0.6339999999999998,0.22000000000000003,548.0,1e-11,1e-22,IdealGasReactor,off,0.6301769187836256,0.0,0.0,0.2792166140233039,0.03743136972502256,0.01247427181221758,9.609919789087005e-12,0.0407008256462204,0.0,0.0028093713728672893,3.5437941470777396e-11,0.5836813745910998,5.34121880745651e-09,1.6120029789469192e-07,1.215936384998529e-07,1.0880618722642938e-05,0.4128189790962806,4.349603647218355e-05,3.547390450693408e-05,0.0005077124948600591,4.8255189254833e-06,2.2514275841292808e-13,1.9442659737080906e-09,8.759625118061295e-05,0.0,0.0,0.0,0.0,0.0,0.0,0.0,0.0,0.0,0.0,0.0,0.0,-2.438991204692849e-07,4.877982407952976e-07,1.6259941353297404e-07,1.3860005637801015e-16,-3.251988271943626e-07,0.0,1.8306359911358943e-15,-1.1508933171617602e-22,4.557484583276317e-18,-1.1638180142329012e-22,4.7000270056365024e-18,-4.341043854678289e-20,5.885472776376047e-20,1.825064175321631e-15,-2.1767622336180008e-21,-5.6358761948014124e-18,5.091132688169795e-21,1.8410197002074745e-21,-4.0942302333766704e-22,-6.020652150620928e-23,-1.829648960997742e-15,3.218142110482597e-07,2.438991204692849e-07,4.535777377821524e-07,-4.877966922205742e-07,-4.175584704197832e-07,1.384278174170764e-10,1.2335780817560833e-07,6.594677615905399e-08,6.996488674067148e-08,6.594677615905399e-08,1.6251731347822265e-07,1.6251731347822265e-07,-1.3860005637801015e-16,3.250346282544978e-07,-1.58137623630609e-16,2.8422980855223336e-19,-1.3158014860938625e-15,3.2503462499278157e-07,1.1042616214008593e-13,5.1126794412166405e-12,6.745362355389478e-11,-1.7917938932268594e-11,-1.0204745188363234e-19,3.2484009816014537e-07,5.1126794412166405e-12,6.745362355389478e-11,-1.5668615436600122e-07,1.945286622851644e-10,-1.6240488487070432e-07,-5.913259166972808e-09,-5.9132591670316625e-09,-1.757022445493889e-16,3.3864265813600954e-09,1.0500341922319438e-20,-1.548574723362713e-12,3.3846161461029084e-09,1.8229731788501765e-12,4.965887436381129e-13,1.0392723636380382e-12,2.6247087203079348e-21,1.757021843428674e-16
5.832,548,101325.0,2.771e-08,0.066,0.29999999999999993,0.6339999999999998,0.22000000000000003,548.0,1e-11,1e-22,IdealGasReactor,off,0.6301720253478512,0.0,0.0,0.2791911503234808,0.03747767013015205,0.012489705302729314,9.623087792433107e-12,0.04066944888616358,0.0,0.0028084933816820822,3.540756102076094e-11,0.5838369886335638,5.339838201693372e-09,1.6134888617790485e-07,1.2159282773386355e-07,1.0883947692746561e-05,0.4126648619985889,4.347246275339215e-05,3.5435471254867346e-05,0.0005072138620981571,4.8237918167876e-06,2.2492799662696505e-13,1.9446660383311857e-09,8.753618869886178e-05,0.0,0.0,0.0,0.0,0.0,0.0,0.0,0.0,0.0,0.0,0.0,0.0,-2.437244967890722e-07,4.87448993443981e-07,1.6248299774392397e-07,1.385481221399554e-16,-3.249659956248584e-07,0.0,-4.3410474107277426e-15,2.4676480649566095e-23,4.1168418785146046e-21,-3.7562885511478966e-21,-4.383660199837021e-18,6.1409888675936775e-21,-4.7074848660392805e-21,-4.34696587560285e-15,3.223622407676275e-22,-1.5390861952408142e-18,-2.8953219754238292e-22,-1.150298039331554e-22,9.893124523225957e-22,-1.4223903519730663e-22,4.346963708157001e-15,3.215861014522689e-07,2.437244967890722e-07,4.5320689138297257e-07,-4.874474468779676e-07,-4.1726556448617185e-07,1.3824128586719446e-10,1.2332383663535262e-07,6.587532101061124e-08,6.990890116934487e-08,6.587532101061124e-08,1.62401007980037e-07,1.62401007980037e-07,-1.385481221399554e-16,3.2480201725681595e-07,-1.5790806899254674e-16,2.838683437749491e-19,-1.314597554840303e-15,3.248020201684909e-07,1.1034713561968184e-13,5.104890590274722e-12,6.736996595283095e-11,-1.7881678674640022e-11,-1.0190918184140322e-19,3.2460769009547324e-07,5.104890590274722e-12,6.736996595283095e-11,-1.5657219314225394e-07,1.9432572605396065e-10,-1.6228867201787145e-07,-5.9108046016700335e-09,-5.910804601665326e-09,-1.7557824024939986e-16,3.3817023034887297e-09,1.0486721153368033e-20,-1.546566013492333e-12,3.3798941725894936e-09,1.820429463177706e-12,4.961645542504004e-13,1.0379273250925488e-12,2.621336499993981e-21,1.7557809801036466e-16
5.840999999999999,548,101325.00000000003,2.771e-08,0.066,0.29999999999999993,0.6339999999999998,0.22000000000000003,548.0,1e-11,1e-22,IdealGasReactor,off,0.6301671354928314,0.0,0.0,0.27916570525663315,0.03752393665511793,0.012505127499837286,9.636250681697536e-12,0.04063809508594394,0.0,0.002807615208952663,3.5377202034399435e-11,0.5839925800382584,5.338457469457599e-09,1.614971940157798e-07,1.2159187517125118e-07,1.0887266750632243e-05,0.4125107672635485,4.3448891445853626e-05,3.5397072822291986e-05,0.0005067156396086354,4.82206468414868e-06,2.2471341167678698e-13,1.9450661217088173e-09,8.74761457343734e-05,0.0,0.0,0.0,0.0,0.0,0.0,0.0,0.0,0.0,0.0,0.0,0.0,-2.4354993325260196e-07,4.870998663665462e-07,1.6236662205629232e-07,1.384961956109054e-16,-3.2473324424471696e-07,0.0,-8.303393671581839e-17,1.8843979537643624e-23,6.550241612219175e-18,-5.886943309884129e-22,1.9942331951918434e-19,-6.749793798432706e-21,6.7679917719088724e-21,-8.924325897381508e-17,5.68457055808802e-22,2.17664171485678e-19,5.611674862710001e-21,3.618915179919496e-24,1.3896854508808128e-22,-9.272467950067432e-24,8.265533317677255e-17,3.21358066654627e-07,2.4354993325260196e-07,4.5283621163815504e-07,-4.870983218071005e-07,-4.169727566433604e-07,1.3805496635753369e-10,1.2328983149599746e-07,6.580391188662728e-08,6.985293740636382e-08,6.580391188662728e-08,1.6228474244670733e-07,1.6228474244670733e-07,-1.384961956109054e-16,3.245694861888492e-07,-1.5767880530777393e-16,2.835072704533933e-19,-1.3133942997966362e-15,3.245694848441616e-07,1.1026813625442256e-13,5.097111589883374e-12,6.728639546216146e-11,-1.7845485039898552e-11,-1.0177107451193363e-19,3.2437536183391305e-07,5.097111589883374e-12,6.728639546216146e-11,-1.564582716708599e-07,1.9412292759321404e-10,-1.6217249912869913e-07,-5.908350385432426e-09,-5.908350385439194e-09,-1.7545406058712095e-16,3.376983418967545e-09,1.047311491008496e-20,-1.544559445675431e-12,3.3751775900899238e-09,1.8178886522758324e-12,4.957405284211384e-13,1.0365836964221613e-12,2.6179677584651503e-21,1.75454051314653e-16
5.85,548,101325.0,2.771e-08,0.066,0.29999999999999993,0.6339999999999998,0.22000000000000003,548.0,1e-11,1e-22,IdealGasReactor,off,0.6301622492171922,0.0,0.0,0.2791402788156073,0.03757016931292779,0.012520538407876758,9.649408457938669e-12,0.04060676423674657,0.0,0.002806736855408408,3.5346864510477524e-11,0.5841481487605791,5.33707661167442e-09,1.6164522160439114e-07,1.2159078102680763e-07,1.0890575904053698e-05,0.41235669493509636,4.342532256491167e-05,3.535870919723332e-05,0.0005062178272836382,4.820337528502342e-06,2.244990035036824e-13,1.9454662236582505e-09,8.741612232106997e-05,0.0,0.0,0.0,0.0,0.0,0.0,0.0,0.0,0.0,0.0,0.0,0.0,-2.4337542997478017e-07,4.867508599465828e-07,1.6225028653482859e-07,1.38444276805542e-16,-3.2450057323168695e-07,0.0,-5.786514405184889e-15,-1.4304332097749433e-21,6.839364550937029e-19,5.4295824052804535e-21,-1.3547063793559015e-16,-1.98840984367947e-19,1.9850432185863792e-19,-5.8985961324518215e-15,4.1386453199765294e-21,2.4276866334413683e-17,-6.6319979073779345e-21,-2.8794415616912316e-21,4.2775495118873745e-22,3.106928556883819e-23,5.897910362268243e-15,3.211301068357453e-07,2.4337542997478017e-07,4.524656987727519e-07,-4.867493173915638e-07,-4.1668004708476297e-07,1.3786885876805998e-10,1.2325579280491248e-07,6.573254882168981e-08,6.979699548818513e-08,6.573254882168981e-08,1.6216851695489525e-07,1.6216851695489525e-07,-1.38444276805542e-16,3.2433703520391746e-07,-1.574498323351951e-16,2.831465883698285e-19,-1.3121917213690585e-15,3.2433703966994187e-07,1.1018916409639751e-13,5.089342433209486e-12,6.720291204168512e-11,-1.78093579294412e-11,-1.0163312977584912e-19,3.241431135050602e-07,5.089342433209486e-12,6.720291204168512e-11,-1.5634439001583356e-07,1.9392026697132872e-10,-1.6205636626785692e-07,-5.905896518995019e-09,-5.9058965191935236e-09,-1.7533001327374005e-16,3.372269925134555e-09,1.0459523186097517e-20,-1.5425550189725229e-12,3.3704663959416223e-09,1.8153507447087063e-12,4.953166664804867e-13,1.0352414770860887e-12,2.61460249453501e-21,1.7533004434302562e-16
5.859,548,101325.00000000003,2.771e-08,0.066,0.29999999999999993,0.6339999999999998,0.22000000000000003,548.0,1e-11,1e-22,IdealGasReactor,off,0.6301573665195567,0.0,0.0,0.2791148709932413,0.037616368116604106,0.012535938031188874,9.662561122216933e-12,0.0405754563297464,0.0,0.0028058583216320765,3.531654844589899e-11,0.5843036947256988,5.335695628991185e-09,1.617929691313515e-07,1.2158954550981498e-07,1.089387516084273e-05,0.4122026450875673,4.340175612364699e-05,3.532038036584302e-05,0.0005057204249884818,4.818610350843311e-06,2.2428477204656327e-13,1.945866344141049e-09,8.735611849470645e-05,0.0,0.0,0.0,0.0,0.0,0.0,0.0,0.0,0.0,0.0,0.0,0.0,-2.432009870449013e-07,4.864019739643762e-07,1.621339912481588e-07,1.3839236574876987e-16,-3.242679826379329e-07,0.0,-5.880946341493761e-15,4.6456630565027675e-22,4.1776265731239687e-19,-3.022465265355296e-21,-1.296701563127927e-17,1.4730432348344317e-19,-1.5934807320221525e-19,-5.890529162715739e-15,-5.726410225888005e-22,3.661241249508656e-18,5.039949272180943e-22,-8.4080324326601035e-22,2.915900435683544e-24,-2.0312486654732853e-22,5.890116053906127e-15,3.209022220508097e-07,2.432009870449013e-07,4.520953529643287e-07,-4.864004334116439e-07,-4.1638743596018675e-07,1.376829629641902e-10,1.2322172059673345e-07,6.566123184343932e-08,6.974107544394446e-08,6.566123184343932e-08,1.6205233156426393e-07,1.6205233156426393e-07,-1.3839236574876987e-16,3.2410466442134884e-07,-1.5722114983859384e-16,2.8278629728785084e-19,-1.3109898199911104e-15,3.241046688806648e-07,1.1011021918614611e-13,5.081583112882037e-12,6.711951564410532e-11,-1.7773297242818494e-11,-1.0149534751589151e-19,3.239109452462858e-07,5.081583112882037e-12,6.711951564410532e-11,-1.562305482446239e-07,1.9371774426292845e-10,-1.6194027350388382e-07,-5.903443003534896e-09,-5.903443003375548e-09,-1.7520628028899192e-16,3.3675618189626755e-09,1.0445945973924158e-20,-1.540552732280326e-12,3.36576058712319e-09,1.812815738847605e-12,4.948929687064291e-13,1.0339006664335587e-12,2.611240706735037e-21,1.7520607716412537e-16
5.867999999999999,548,101325.00000000003,2.771e-08,0.066,0.29999999999999993,0.6339999999999998,0.22000000000000003,548.0,1e-11,1e-22,IdealGasReactor,off,0.6301524873985468,0.0,0.0,0.2790894817823634,0.037662533079187335,0.012551326374120436,9.675708675594232e-12,0.040544171356106204,0.0,0.002804979608289318,3.52862538385907e-11,0.584459217876038,5.334314522212454e-09,1.6194043678964366e-07,1.215881688327366e-07,1.0897164528797064e-05,0.41204861777795004,4.3378192136404176e-05,3.5282086315274656e-05,0.0005052234326029897,4.816883152131988e-06,2.2407071724541368e-13,1.9462664830370563e-09,8.729613428989263e-05,0.0,0.0,0.0,0.0,0.0,0.0,0.0,0.0,0.0,0.0,0.0,0.0,-2.430266045664693e-07,4.860532089945525e-07,1.6201773626245624e-07,1.3834046245965996e-16,-3.240354726631553e-07,0.0,2.9524430962503435e-16,-1.5697812803596976e-23,1.8632241998825977e-19,2.0681377197316747e-22,4.648093298057973e-20,4.102815838263017e-21,-4.039950111708987e-21,2.951965010671706e-16,-2.3783865991600385e-23,8.923095565578944e-20,2.3111983692292786e-22,-1.6466064068633707e-23,-1.825391647170673e-22,2.908121453645256e-24,-2.9538358921090147e-16,3.206744125023491e-07,2.430266045664693e-07,4.517251744165662e-07,-4.860516704419679e-07,-4.16094923443629e-07,1.3749727881926135e-10,1.2318761491339364e-07,6.558996098325397e-08,6.96851773068212e-08,6.558996098325397e-08,1.6193618634391127e-07,1.6193618634391127e-07,-1.3834046245965996e-16,3.2387237397933826e-07,-1.569927575787463e-16,2.8242639698108047e-19,-1.30978859607828e-15,3.238723722542858e-07,1.1003130157061848e-13,5.073833621821859e-12,6.703620622600526e-11,-1.7737302880750036e-11,-1.0135772761344206e-19,3.2367885719013087e-07,5.073833621821859e-12,6.703620622600526e-11,-1.5611674642248148e-07,1.935153595384958e-10,-1.618242209029178e-07,-5.9009898399747516e-09,-5.900989839970712e-09,-1.750821469488273e-16,3.3628590976284283e-09,1.0432383266683874e-20,-1.5385525845844856e-12,3.3610601608062263e-09,1.8102836331672571e-12,4.944694354055497e-13,1.0325612638731421e-12,2.6078823937486057e-21,1.7508214985694876e-16
5.877,548,101324.99999999997,2.771e-08,0.066,0.29999999999999993,0.6339999999999998,0.22000000000000003,548.0,1e-11,1e-22,IdealGasReactor,off,0.6301476118527827,0.0,0.0,0.2790641111757924,0.03770866421373491,0.012566703441023947,9.688851119134098e-12,0.04051290930697726,0.0,0.002804100716052764,3.525598068654102e-11,0.5846147181554721,5.332933292155595e-09,1.6208762477268347e-07,1.2158665120839059e-07,1.0900444015722487e-05,0.41189461306177094,4.3354630617629946e-05,3.524382703274006e-05,0.000504726850007867,4.815155933325741e-06,2.2385683904018837e-13,1.9466666402193184e-09,8.723616974109682e-05,0.0,0.0,0.0,0.0,0.0,0.0,0.0,0.0,0.0,0.0,0.0,0.0,-2.4285228264402017e-07,4.857045651379415e-07,1.6190152164366476e-07,1.3828856695679106e-16,-3.238030434436392e-07,0.0,7.777294857510068e-16,6.36020238933541e-22,-7.468407693979804e-18,-4.0772290419994684e-21,1.1765499395599045e-17,1.6133330667234252e-19,-1.5856059725906477e-19,8.077192464226394e-16,-8.931152478420827e-22,1.0504786270591044e-17,-6.6618868752001234e-21,1.0113058470285032e-21,8.773351112727879e-22,-5.550988999834103e-23,-8.002027994020136e-16,3.2044667832946665e-07,2.4285228264402017e-07,4.5135516333492494e-07,-4.857030285833667e-07,-4.158025097108655e-07,1.3731180620710996e-10,1.231534757974907e-07,6.551873627272756e-08,6.962930111027869e-08,6.551873627272756e-08,1.6182008136361105e-07,1.6182008136361105e-07,-1.3828856695679106e-16,3.236401640174322e-07,-1.56764655316109e-16,2.82066887223706e-19,-1.3085880500434757e-15,3.2364016178121346e-07,1.099524112972239e-13,5.066093952967963e-12,6.695298374421475e-11,-1.770137474412902e-11,-1.012202699497069e-19,3.234468494685484e-07,5.066093952967963e-12,6.695298374421475e-11,-1.5600298461444587e-07,1.9331311286786013e-10,-1.6170820853079968e-07,-5.898537029218891e-09,-5.898537029060331e-09,-1.7495831801112812e-16,3.3581617583093672e-09,1.0418835057531397e-20,-1.536554574875698e-12,3.3563651141725794e-09,1.8077544261481424e-12,4.94046066886356e-13,1.0312232688167975e-12,2.6045275542676973e-21,1.7495826250123812e-16
5.886,548,101325.0,2.771e-08,0.066,0.29999999999999993,0.6339999999999998,0.22000000000000003,548.0,1e-11,1e-22,IdealGasReactor,off,0.6301427398808823,0.0,0.0,0.2790387591663377,0.03775476153332138,0.012582069236257596,9.701988453901664e-12,0.040481670173499226,0.0,0.0028032216455377255,3.5225728986990434e-11,0.5847701954961231,5.331551939529582e-09,1.6223453327089222e-07,1.2158499284744965e-07,1.0903713629457535e-05,0.4117406310063779,4.333107158088114e-05,3.5205602504699024e-05,0.0005042306770731068,4.813428695404627e-06,2.2364313736981403e-13,1.9470668156173583e-09,8.717622488346274e-05,0.0,0.0,0.0,0.0,0.0,0.0,0.0,0.0,0.0,0.0,0.0,0.0,-2.4267802137198746e-07,4.853560426460771e-07,1.6178534745912365e-07,1.382366792627177e-16,-3.2357069507898843e-07,0.0,1.6663766155992705e-14,-5.233881513149054e-22,-1.3890687404503594e-17,1.2230651219698805e-20,-4.0416865292508585e-17,-5.376012237104637e-19,5.391439155528751e-19,1.6645390644741667e-14,4.692010570522465e-21,8.544929488754863e-18,-1.1327823283020304e-20,6.951625867895645e-21,3.768546597700034e-22,4.885787783920837e-22,-1.6631435417112085e-14,3.2021901963472793e-07,2.4267802137198746e-07,4.509853199060764e-07,-4.85354508087375e-07,-4.155101949204755e-07,1.371265449957964e-10,1.2311930328668706e-07,6.544755774067204e-08,6.95734468848892e-08,6.544755774067204e-08,1.617040166864416e-07,1.617040166864416e-07,-1.382366792627177e-16,3.234080346617902e-07,-1.5653684281294763e-16,2.817077677824497e-19,-1.3073881823092811e-15,3.23408016589255e-07,1.0987354840882236e-13,5.058364099045381e-12,6.6869848152752e-11,-1.7665512733180806e-11,-1.0108297440665621e-19,3.232149222163674e-07,5.058364099045381e-12,6.6869848152752e-11,-1.5588926288678222e-07,1.9311100432304138e-10,-1.6159223645480216e-07,-5.896084572341428e-09,-5.896084572880572e-09,-1.748339265906124e-16,3.3534697980458267e-09,1.040530133917965e-20,-1.5345587020795758e-12,3.3516754442605097e-09,1.8052281161935118e-12,4.936228634366499e-13,1.0298866806325574e-12,2.6011761868714686e-21,1.7483441516939079e-16
5.895,548,101324.99999999996,2.771e-08,0.066,0.29999999999999993,0.6339999999999998,0.22000000000000003,548.0,1e-11,1e-22,IdealGasReactor,off,0.6301378714814618,0.0,0.0,0.2790134257467993,0.03780082505103822,0.01259742376418525,9.715120680963699e-12,0.04045045394680028,0.0,0.002802342397352524,3.5195498737067684e-11,0.5849256498286614,5.330170465029784e-09,1.6238116247444325e-07,1.2158319396037514e-07,1.0906973377853383e-05,0.41158667168057983,4.330751503959828e-05,3.5167412717488634e-05,0.0005037349136670603,4.811701439351531e-06,2.234296121729735e-13,1.9474670091680315e-09,8.711629975217138e-05,0.0,0.0,0.0,0.0,0.0,0.0,0.0,0.0,0.0,0.0,0.0,0.0,-2.4250382084342966e-07,4.850076416086216e-07,1.6166921377626138e-07,1.3818479940048507e-16,-3.233384277135616e-07,0.0,-1.991295805699135e-15,-3.7602751334371876e-21,-8.286593129178823e-18,-1.7057229329621248e-20,-5.999957881875836e-17,8.711204466918445e-19,-8.640265457585897e-19,-2.027523181514436e-15,-2.67926944742385e-20,1.450552945247327e-17,3.442833145990105e-21,1.3505532957518137e-21,-5.177877642338517e-21,-1.5146462385548614e-22,2.0358847843510122e-15,3.19991436565476e-07,2.4250382084342966e-07,4.5061564431393277e-07,-4.850061090436565e-07,-4.15217979228685e-07,1.3694149505250975e-10,1.230850974180789e-07,6.537642541546018e-08,6.951761466081735e-08,6.537642541546018e-08,1.6158799237455138e-07,1.6158799237455138e-07,-1.3818479940048507e-16,3.2317598603671264e-07,-1.5630931983164697e-16,2.813490384228713e-19,-1.3061889932983507e-15,3.231759866384465e-07,1.0979471294764196e-13,5.050644052747103e-12,6.67867994052221e-11,-1.7629716748124e-11,-1.0094584086628975e-19,3.2298307556858567e-07,5.050644052747103e-12,6.67867994052221e-11,-1.5577558130582262e-07,1.9290903397603333e-10,-1.6147630474229245e-07,-5.893632470438765e-09,-5.893632469574739e-09,-1.7471075939740325e-16,3.348783213852836e-09,1.039178210427481e-20,-1.5325649651118152e-12,3.3469911480856565e-09,1.8027047016942663e-12,4.931998253412359e-13,1.0285514986816536e-12,2.597828290121503e-21,1.747106079327794e-16
5.904,548,101325.0,2.771e-08,0.066,0.29999999999999993,0.6339999999999998,0.22000000000000003,548.0,1e-11,1e-22,IdealGasReactor,off,0.6301330066531363,0.0,0.0,0.278988110909968,0.03784685477999425,0.012612767029176422,9.728247801388523e-12,0.040419260617996895,0.0,0.002801462972188387,3.5165289934912765e-11,0.5850810811011156,5.328788869508738e-09,1.6252751257859202e-07,1.215812547608377e-07,1.091022326872758e-05,0.41143273513572864,4.328396100848907e-05,3.5129257658456225e-05,0.0005032395596725792,4.809974166114259e-06,2.2321626338939192e-13,1.9478672207257052e-09,8.705639438124633e-05,0.0,0.0,0.0,0.0,0.0,0.0,0.0,0.0,0.0,0.0,0.0,0.0,-2.4232968116559116e-07,4.846593622189959e-07,1.6155312066008328e-07,1.3813292738726803e-16,-3.2310624146892454e-07,0.0,-9.755603028446795e-15,1.289518784307055e-21,-3.682852267912854e-18,-5.864430291540232e-21,-2.597193598694817e-17,1.699095152632923e-19,-1.6776629029616741e-19,-9.770754989553754e-15,1.0443850945691507e-21,6.910883531716652e-18,-4.448642967537497e-21,-1.0021551615021353e-21,2.5390685540503116e-22,-2.8149245250288616e-22,9.774469497783615e-15,3.197639292460688e-07,2.4232968116559116e-07,4.502461367686607e-07,-4.846578316456329e-07,-4.1492586281593106e-07,1.367566562523651e-10,1.2305085823608743e-07,6.530533932920211e-08,6.9461804472268e-08,6.530533932920211e-08,1.614720084995332e-07,1.614720084995332e-07,-1.3813292738726803e-16,3.229440182853691e-07,-1.560820861316179e-16,2.8099069892049495e-19,-1.3049904834151288e-15,3.2294402663168853e-07,1.0971590496232801e-13,5.042933807057231e-12,6.670383745909638e-11,-1.759398669034053e-11,-1.0080886920923591e-19,3.227513096553244e-07,5.042933807057231e-12,6.670383745909638e-11,-1.5566193993573114e-07,1.92707201894643e-10,-1.6136041345819077e-07,-5.891180724352138e-09,-5.8911807241843715e-09,-1.7458712236560617e-16,3.3441020029269814e-09,1.0378277346059677e-20,-1.5305733629761417e-12,3.3423122228557474e-09,1.8001841811448835e-12,4.927769529134973e-13,1.0272177223844665e-12,2.594483862730851e-21,1.7458684087315367e-16
5.912999999999999,548,101325.00000000003,2.771e-08,0.066,0.29999999999999993,0.6339999999999998,0.22000000000000003,548.0,1e-11,1e-22,IdealGasReactor,off,0.6301281453945179,0.0,0.0,0.2789628146486252,0.03789285073331464,0.012628099035606313,9.741369816246169e-12,0.040388090178194405,0.0,0.0028005833708060874,3.5135102579529145e-11,0.5852364892758902,5.327407153950625e-09,1.6267358378307663e-07,1.2157917546520792e-07,1.091346330987406e-05,0.411278821408718,4.3260409503325166e-05,3.5091137315780084e-05,0.000502744614984601,4.808246876612302e-06,2.230030909597357e-13,1.948267450075768e-09,8.699650880376143e-05,0.0,0.0,0.0,0.0,0.0,0.0,0.0,0.0,0.0,0.0,0.0,0.0,-2.421556024575579e-07,4.843112051070661e-07,1.614370681735007e-07,1.380810632353782e-16,-3.2287413656438017e-07,0.0,-1.0171807775534084e-14,-7.967889128768581e-22,-3.25135612499776e-17,1.593795375847173e-20,-3.3022918819556745e-16,3.6157718935917946e-19,-2.9229419561296297e-19,-1.0422246440245961e-14,-2.71874940885091e-22,4.649480004881828e-17,-2.8640604653572027e-20,-2.38194412202887e-21,-3.603586644154987e-21,5.888096561687553e-23,1.0454945536301831e-14,3.1953649789844257e-07,2.421556024575579e-07,4.4987679750201544e-07,-4.843096765231713e-07,-4.146338458828052e-07,1.3657202847702263e-10,1.2301658579124738e-07,6.523429951712129e-08,6.940601635681874e-08,6.523429951712129e-08,1.6135606514080756e-07,1.6135606514080756e-07,-1.380810632353782e-16,3.2271213156662085e-07,-1.5585514146980443e-16,2.806327490592077e-19,-1.3037926530492948e-15,3.22712140565784e-07,1.0963712450684453e-13,5.035233355201962e-12,6.662096227506056e-11,-1.755832246219501e-11,-1.0067205931501663e-19,3.2251962460269525e-07,5.035233355201962e-12,6.662096227506056e-11,-1.555483388387893e-07,1.9250550814322793e-10,-1.6124456266542674e-07,-5.888729334711387e-09,-5.888729334419093e-09,-1.7446305519989057e-16,3.339426162649792e-09,1.0364787058277729e-20,-1.5285838947503174e-12,3.337638665937579e-09,1.7976665531251942e-12,4.92354246490666e-13,1.0258853512104941e-12,2.5911429035383834e-21,1.7446311408085619e-16
5.922,548,101324.99999999999,2.771e-08,0.066,0.29999999999999993,0.6339999999999998,0.22000000000000003,548.0,1e-11,1e-22,IdealGasReactor,off,0.6301232877042183,0.0,0.0,0.2789375369555429,0.03793881292414233,0.012643419787855725,9.754486726608134e-12,0.04035694261848617,0.0,0.0027997035934860474,3.5104936663831286e-11,0.5853918742158624,5.326025318428109e-09,1.6281937625927767e-07,1.2157695627163558e-07,1.0916693509323636e-05,0.4111249306365424,4.323686053247512e-05,3.5053051671602494e-05,0.0005022500794115065,4.806519571961976e-06,2.2279009481729882e-13,1.9486676974807376e-09,8.693664305899091e-05,0.0,0.0,0.0,0.0,0.0,0.0,0.0,0.0,0.0,0.0,0.0,0.0,-2.4198158475517606e-07,4.839631692963983e-07,1.613210563928065e-07,1.380292069907923e-16,-3.2264211292989947e-07,0.0,-5.1752885742769604e-14,-4.1830254032906875e-21,8.59840773213181e-18,3.271437553645183e-19,7.575788564859577e-17,-2.474130299370608e-18,2.511405539314085e-18,-5.167323820738096e-14,9.195376018834642e-20,1.498114258603819e-17,-8.057026033956951e-20,-4.978453725075167e-20,1.660179066753369e-20,1.0251952863261535e-21,5.166446071576168e-14,3.1930914245635253e-07,2.4198158475517606e-07,4.4950762659179045e-07,-4.839616426998393e-07,-4.1434192848791485e-07,1.363876115612352e-10,1.2298228009218897e-07,6.51633059920235e-08,6.935025032824864e-08,6.51633059920235e-08,1.612401623225658e-07,1.612401623225658e-07,-1.380292069907923e-16,3.2248032592881723e-07,-1.5562848561940242e-16,2.802751885628627e-19,-1.3025955026836996e-15,3.22480376180323e-07,1.0955837159762878e-13,5.027542688676678e-12,6.653817379090362e-11,-1.7522723959901082e-11,-1.0053541107032835e-19,3.2228802056305475e-07,5.027542688676678e-12,6.653817379090362e-11,-1.5543477808919787e-07,1.9230395280752675e-10,-1.6112875244003625e-07,-5.886278303608637e-09,-5.886278306120043e-09,-1.7433840239030128e-16,3.3347556892298963e-09,1.0351311231098615e-20,-1.5265965589843366e-12,3.332970473546921e-09,1.7951518155959164e-12,4.919317062408108e-13,1.024554384275728e-12,2.5878054104761008e-21,1.743394275855876e-16
5.931,548,101324.99999999999,2.771e-08,0.066,0.29999999999999993,0.6339999999999998,0.22000000000000003,548.0,1e-11,1e-22,IdealGasReactor,off,0.6301184335808464,0.0,0.0,0.27891227782348404,0.0379847413656363,0.012658729290311121,9.767598533547666e-12,0.04032581792995463,0.0,0.0027988236413405486,3.507479219120359e-11,0.5855472359566543,5.324643364594717e-09,1.629648902282391e-07,1.2157459740999136e-07,1.0919913874720409e-05,0.41097106278246,4.32133141171161e-05,3.5015000718433555e-05,0.0005017559529104114,4.8047922529356694e-06,2.2257727490767148e-13,1.949067962376595e-09,8.687679717526715e-05,0.0,0.0,0.0,0.0,0.0,0.0,0.0,0.0,0.0,0.0,0.0,0.0,-2.418076282379671e-07,4.836152563491648e-07,1.612050853708345e-07,1.3797735864105726e-16,-3.224101709059569e-07,0.0,-1.0953199763093027e-14,7.60846008088993e-22,-1.221774713250618e-17,1.087220458529447e-21,-1.1280308335499941e-17,9.134720940545595e-20,-9.098076839409496e-20,-1.0938004553674921e-14,2.406750250779441e-21,1.403590654461773e-17,-1.1925958068633538e-20,-5.8070922434578194e-21,-3.8110376577782625e-22,-1.352721465848925e-22,1.0950294374684978e-14,3.190818632620813e-07,2.418076282379671e-07,4.4913862438135794e-07,-4.836137317378096e-07,-4.1405011093541687e-07,1.362034054205685e-10,1.2294794122034476e-07,6.509235880524945e-08,6.929450644143387e-08,6.509235880524945e-08,1.611243001643502e-07,1.611243001643502e-07,-1.3797735864105726e-16,3.2224860161110407e-07,-1.5540211832507394e-16,2.7991801725850453e-19,-1.3013990326354975e-15,3.2224861112872816e-07,1.094796463159065e-13,5.0198618019545674e-12,6.645547198386077e-11,-1.7487191090541613e-11,-1.0039892434913996e-19,3.220564976424987e-07,5.0198618019545674e-12,6.645547198386077e-11,-1.5532125774023157e-07,1.921025359350872e-10,-1.6101298283489978e-07,-5.88382763060294e-09,-5.883827630511959e-09,-1.7421591679391688e-16,3.3300905808492698e-09,1.0337849860841256e-20,-1.5246113551361852e-12,3.328307643875631e-09,1.7926399675809732e-12,4.915093326235419e-13,1.023224821303382e-12,2.584471383033743e-21,1.742157815217703e-16
5.9399999999999995,548,101325.00000000003,2.771e-08,0.066,0.29999999999999993,0.6339999999999998,0.22000000000000003,548.0,1e-11,1e-22,IdealGasReactor,off,0.6301135830230095,0.0,0.0,0.278887037245202,0.038030636070972755,0.01267402754736457,9.780705238139552e-12,0.04029471610367051,0.0,0.0027979435147153413,3.504466915533083e-11,0.5857025743747366,5.32326129264474e-09,1.6311012586586536e-07,1.2157209908096448e-07,1.0923124414073918e-05,0.41081721796979453,4.318977026659395e-05,3.4976984439165153e-05,0.0005012622353007079,4.803064920622932e-06,2.2236463116481811e-13,1.9494682449610735e-09,8.681697119089957e-05,0.0,0.0,0.0,0.0,0.0,0.0,0.0,0.0,0.0,0.0,0.0,0.0,-2.4163373295275014e-07,4.8326746589641e-07,1.6108915518168208e-07,1.3792551822755192e-16,-3.221783105206797e-07,0.0,-8.613835204809771e-15,-8.267151447878813e-22,-1.0336773165393944e-17,-2.9935406087646796e-21,-1.2889295064412768e-16,-6.104725269539353e-19,6.067526957392843e-19,-8.723887481666933e-15,-1.5034691228457306e-21,9.00687295096012e-18,-7.311863024662488e-21,2.2975716995484612e-21,-1.4536919658299178e-21,4.553390583995134e-22,8.734285570446282e-15,3.1885466034739605e-07,2.4163373295275014e-07,4.487697909684388e-07,-4.832659432681282e-07,-4.1375839330224043e-07,1.3601940989572584e-10,1.2291356919012174e-07,6.502145797237752e-08,6.92387847132198e-08,6.502145797237752e-08,1.610084786976285e-07,1.610084786976285e-07,-1.3792551822755192e-16,3.220169586763637e-07,-1.5517603935755798e-16,2.7956123487738395e-19,-1.3002032433715703e-15,3.2201696598122e-07,1.09400948683059e-13,5.012190686751296e-12,6.637285679465307e-11,-1.7451723751352324e-11,-1.0026259903701211e-19,3.218250559893264e-07,5.012190686751296e-12,6.637285679465307e-11,-1.5520777786410268e-07,1.9190125760800373e-10,-1.6089725392407034e-07,-5.88137731757939e-09,-5.8813773181861425e-09,-1.7409172058802572e-16,3.3254308338814734e-09,1.0324402938121745e-20,-1.5226282818219754e-12,3.323650173283635e-09,1.7901310071183998e-12,4.910871258286566e-13,1.0218966614541198e-12,2.5811408192571633e-21,1.7409217592708411e-16
5.949,548,101325.00000000004,2.771e-08,0.066,0.29999999999999993,0.6339999999999998,0.22000000000000003,548.0,1e-11,1e-22,IdealGasReactor,off,0.6301087360293135,0.0,0.0,0.27886181521344106,0.03807649705334503,0.012689314563413726,9.793806841460132e-12,0.040263637130693065,0.0,0.002797063214210248,3.501456755308633e-11,0.585857889399463,5.321879103258104e-09,1.6325508336325024e-07,1.2156946149498607e-07,1.0926325135285703e-05,0.41066339626868437,4.316622899417912e-05,3.493900281983899e-05,0.0005007689264469047,4.8013375760070516e-06,2.2215216352636895e-13,1.9498685451799805e-09,8.675716514080672e-05,0.0,0.0,0.0,0.0,0.0,0.0,0.0,0.0,0.0,0.0,0.0,0.0,-2.4145989899012343e-07,4.829197980629789e-07,1.6097326589228502e-07,1.3787368577376752e-16,-3.2194653187424347e-07,0.0,1.7309844239798525e-14,4.27074666422788e-22,2.7265502961866936e-17,4.082101449959052e-21,-2.2044789487989775e-16,-4.2124007258140424e-19,4.11143506024582e-19,1.7040634204145762e-14,-5.5087284388480124e-21,-2.0781556855209975e-17,2.6358456560494055e-20,8.030036742117512e-21,-6.679958963756801e-21,-5.389396089324599e-24,-1.7068054835280365e-14,3.1862753381551277e-07,2.4145989899012343e-07,4.4840112653170357e-07,-4.82918277415641e-07,-4.1346677574066627e-07,1.358356248520807e-10,1.228791640382734e-07,6.495060352073635e-08,6.91830851730331e-08,6.495060352073635e-08,1.6089269798292742e-07,1.6089269798292742e-07,-1.3787368577376752e-16,3.2178539724566963e-07,-1.549502484787615e-16,2.792048411822669e-19,-1.2990081353074163e-15,3.217853787873537e-07,1.0932227874021255e-13,5.004529335689513e-12,6.629032817603094e-11,-1.7416321842946176e-11,-1.0012643501552141e-19,3.2159369573751214e-07,5.004529335689513e-12,6.629032817603094e-11,-1.5509433852663e-07,1.917001178963922e-10,-1.6078156577437854e-07,-5.878927365655025e-09,-5.878927366066169e-09,-1.7396861626054312e-16,3.3207764452759975e-09,1.0310970455434341e-20,-1.5206473379350143e-12,3.318998058730705e-09,1.7876249325691588e-12,4.906650861348539e-13,1.020569904072907e-12,2.577813717665507e-21,1.7396861087114703e-16
5.958,548,101325.00000000003,2.771e-08,0.066,0.29999999999999993,0.6339999999999998,0.22000000000000003,548.0,1e-11,1e-22,IdealGasReactor,off,0.6301038925983619,0.0,0.0,0.2788366117209363,0.03812232432596247,0.012704590342861881,9.806903344587473e-12,0.040232581002070535,0.0,0.002796182740827253,3.498448738636703e-11,0.5860131810438028,5.3204967978751014e-09,1.633997629351209e-07,1.215666848779533e-07,1.0929516046078387e-05,0.4105095976651736,4.31426903193067e-05,3.49010558514766e-05,0.0005002760262851233,4.799610219904762e-06,2.2193987193573844e-13,1.9502688625773682e-09,8.669737905455839e-05,0.0,0.0,0.0,0.0,0.0,0.0,0.0,0.0,0.0,0.0,0.0,0.0,-2.412861265099401e-07,4.825722528529364e-07,1.608574175582661e-07,1.3782186127491427e-16,-3.217148352543633e-07,0.0,2.590582513158942e-15,-4.092640286563346e-23,-3.51388931134437e-19,-5.798604213380733e-22,2.91218397595501e-17,-4.7963240638274757e-20,4.7296533064557016e-20,2.6196664845900496e-15,-3.698917035305942e-22,-3.417586828310582e-19,2.294676971301309e-22,3.57988259476465e-22,-2.3101439057598026e-22,1.3661509919911718e-24,-2.619314145121127e-15,3.1840048395623873e-07,2.412861265099401e-07,4.4803263137762834e-07,-4.825707341844137e-07,-4.1317525852083617e-07,1.3565205019371469e-10,1.2284472583670838e-07,6.487979549611176e-08,6.912740787001707e-08,6.487979549611176e-08,1.6077695812673182e-07,1.6077695812673182e-07,-1.3782186127491427e-16,3.215539175319758e-07,-1.5472474543678638e-16,2.78848835985202e-19,-1.2978137087770924e-15,3.215539134959755e-07,1.0924363655972063e-13,4.996877742819627e-12,6.620788609966393e-11,-1.738098527120562e-11,-9.999043216007764e-20,3.2136241699843796e-07,4.996877742819627e-12,6.620788609966393e-11,-1.5498093978354472e-07,1.9149911685169392e-10,-1.6066591844141374e-07,-5.876477774721381e-09,-5.876477774768678e-09,-1.7384508510786445e-16,3.3161274129447204e-09,1.02975524082169e-20,-1.5186685228026403e-12,3.314351298124557e-09,1.7851217428042738e-12,4.902432139609752e-13,1.019244548796403e-12,2.574490077525302e-21,1.7384508647401545e-16
5.967,548,101324.99999999996,2.771e-08,0.066,0.29999999999999993,0.6339999999999998,0.22000000000000003,548.0,1e-11,1e-22,IdealGasReactor,off,0.6300990527287572,0.0,0.0,0.27881142676041376,0.038168117902051796,0.012719854890117888,9.819994748601154e-12,0.04020154770883953,0.0,0.002795302094886871,3.495442864848644e-11,0.5861684491791979,5.319114376645908e-09,1.6354416475704492e-07,1.2156376942969563e-07,1.0932697154496288e-05,0.41035582228764644,4.311915425093248e-05,3.4863143516568816e-05,0.0004997835346290975,4.797882853413961e-06,2.2172775632611697e-13,1.9506691973773192e-09,8.663761297061814e-05,0.0,0.0,0.0,0.0,0.0,0.0,0.0,0.0,0.0,0.0,0.0,0.0,-2.4111241555421333e-07,4.82224830967977e-07,1.607416102540523e-07,1.3777004477407182e-16,-3.21483220647457e-07,0.0,-3.9728137674576315e-15,-4.452489908573487e-22,-1.2168753363641208e-18,2.5626123609327404e-21,2.672441888146521e-18,-2.456395547037471e-20,2.7076102990698255e-20,-3.968579211526291e-15,-5.543649960592277e-22,3.57336393090056e-19,-5.963172500876053e-22,-4.661162751736311e-22,-2.6492201249759753e-22,5.874089350239222e-23,3.969801012220994e-15,3.181735107597077e-07,2.4111241555421333e-07,4.476643055947764e-07,-4.822233142761419e-07,-4.128838417120575e-07,1.3546868575855705e-10,1.2281025459788386e-07,6.480903391266023e-08,6.90717528196997e-08,6.480903391266023e-08,1.606612591573207e-07,1.606612591573207e-07,-1.3777004477407182e-16,3.2132251959185834e-07,-1.5449953000283051e-16,2.7849321901376182e-19,-1.2966199642485042e-15,3.2132252214545076e-07,1.09165022160798e-13,4.989235899751575e-12,6.612553050491934e-11,-1.734571393330347e-11,-9.985459035633158e-20,3.2113121992109374e-07,4.989235899751575e-12,6.612553050491934e-11,-1.5486758170731237e-07,1.912982545560077e-10,-1.605503119994988e-07,-5.87402854673993e-09,-5.874028546767006e-09,-1.7372154402901843e-16,3.3114837331686647e-09,1.0284148786869336e-20,-1.5166918350095796e-12,3.3097098877492695e-09,1.782621435821066e-12,4.898215094867185e-13,1.0179205947622206e-12,2.5711698968235573e-21,1.7372160276991194e-16
5.976,548,101325.0,2.771e-08,0.066,0.29999999999999993,0.6339999999999998,0.22000000000000003,548.0,1e-11,1e-22,IdealGasReactor,off,0.6300942164190996,0.0,0.0,0.2787862603245898,0.03821387779485626,0.012735108209596155,9.833081054582351e-12,0.040170537242025336,0.0,0.002794421277105502,3.4924391337702594e-11,0.5863236937594176,5.317731840469759e-09,1.6368828902751056e-07,1.2156071536525991e-07,1.0935868468409225e-05,0.41020207018168753,4.3095620804087776e-05,3.482526580251184e-05,0.0004992914513630565,4.796155477468579e-06,2.215158166363874e-13,1.9510695494089933e-09,8.657786692218582e-05,0.0,0.0,0.0,0.0,0.0,0.0,0.0,0.0,0.0,0.0,0.0,0.0,-2.4093876623315086e-07,4.81877532277453e-07,1.606258440429543e-07,1.3771823628647414e-16,-3.212516882152159e-07,0.0,1.1547510123036394e-15,1.2648712479122458e-22,4.536675236435199e-18,3.0635728354197453e-21,5.1154490206614537e-17,2.548510380051376e-19,-2.515472786386008e-19,1.1977261404356214e-15,-1.1629832256100956e-21,-3.856373810928549e-18,4.8315482254315966e-21,-1.1936733227023035e-21,-3.817004903503258e-21,-3.170461925215361e-23,-1.2022859181412189e-15,3.179466143903931e-07,2.4093876623315086e-07,4.4729614939761235e-07,-4.818760175601794e-07,-4.125925254998811e-07,1.3528553142269034e-10,1.227757503688918e-07,6.473831880273562e-08,6.901612005704212e-08,6.473831880273562e-08,1.6054560114823084e-07,1.6054560114823084e-07,-1.3771823628647414e-16,3.2109120357238786e-07,-1.5427460193448312e-16,2.7813799004411337e-19,-1.2954269021094647e-15,3.2109120096102117e-07,1.0908643559341083e-13,4.981603799502501e-12,6.604326134980469e-11,-1.731050773160568e-11,-9.971890948384753e-20,3.2090010463223405e-07,4.981603799502501e-12,6.604326134980469e-11,-1.5475426436048575e-07,1.910975310730417e-10,-1.6043474651188456e-07,-5.871579682468555e-09,-5.871579682217008e-09,-1.7359819154735208e-16,3.306845403164136e-09,1.0270759584694057e-20,-1.5147172735681969e-12,3.305073824822829e-09,1.7801240101194002e-12,4.893999730298588e-13,1.0165980413952602e-12,2.5678531742836317e-21,1.7359815984273282e-16
5.984999999999999,548,101324.99999999996,2.771e-08,0.066,0.29999999999999993,0.6339999999999998,0.22000000000000003,548.0,1e-11,1e-22,IdealGasReactor,off,0.6300893836679874,0.0,0.0,0.2787611124061721,0.03825960401763568,0.012750350305716675,9.846162263613876e-12,0.04013954959264208,0.0,0.0027935402882147977,3.4894375452440356e-11,0.586478914741518,5.316349190275078e-09,1.6383213594639996e-07,1.2155752290032908e-07,1.0939029995687327e-05,0.41004834138957824,4.307208999402888e-05,3.478742269685648e-05,0.0004987997763735393,4.7944280929953154e-06,2.2130405280549388e-13,1.9514699184858994e-09,8.651814094218615e-05,0.0,0.0,0.0,0.0,0.0,0.0,0.0,0.0,0.0,0.0,0.0,0.0,-2.4076517865939454e-07,4.815303571921137e-07,1.605101189877082e-07,1.3766643582624278e-16,-3.2102023812749245e-07,0.0,-5.9374882631658366e-15,1.8535684808811785e-22,-7.593304386801298e-18,6.247686009306831e-21,-1.1038427489499635e-17,9.100310227063389e-20,-8.819399691040381e-20,-5.933980861031476e-15,4.709635414462883e-22,6.775622530629184e-18,-6.972180579103377e-21,3.3079469683878422e-22,-2.463571307671641e-22,-1.1437476198993344e-22,5.941615872243696e-15,3.1771979502089997e-07,2.4076517865939454e-07,4.4692816300495504e-07,-4.815288444472762e-07,-4.123013100740083e-07,1.351025870634697e-10,1.2274121319821567e-07,6.4667650199269e-08,6.896050961769206e-08,6.4667650199269e-08,1.6042998417461694e-07,1.6042998417461694e-07,-1.3766643582624278e-16,3.208599696238631e-07,-1.5404996098868496e-16,2.7778314885395877e-19,-1.2942345227431333e-15,3.208599741455487e-07,1.0900787690862464e-13,4.973981435135628e-12,6.59610785929588e-11,-1.727536656875137e-11,-9.958338942186561e-20,3.206690712574674e-07,4.973981435135628e-12,6.59610785929588e-11,-1.5464098780509187e-07,1.908969464653968e-10,-1.6031922204124561e-07,-5.8691311826163395e-09,-5.8691311825281455e-09,-1.7347487215291022e-16,3.3022124201790978e-09,1.025738479508758e-20,-1.5127448375049863e-12,3.3004431065924657e-09,1.7776294642148672e-12,4.889786049128859e-13,1.0152768881296112e-12,2.5645399086521917e-21,1.7347475777814823e-16
5.994,548,101324.99999999999,2.771e-08,0.066,0.29999999999999993,0.6339999999999998,0.22000000000000003,548.0,1e-11,1e-22,IdealGasReactor,off,0.6300845544740178,0.0,0.0,0.2787359829978588,0.03830529658366677,0.012765581182904965,9.859238376780087e-12,0.04010858475169244,0.0,0.002792659128719282,3.486438098825098e-11,0.5866341120353245,5.314966426559763e-09,1.6397570570032777e-07,1.2155419224190955e-07,1.0942181744312528e-05,0.40989463600110126,4.304856183251736e-05,3.474961418429724e-05,0.0004983085095061329,4.792700701015142e-06,2.2109246476890263e-13,1.9518703046490945e-09,8.645843506648949e-05,0.0,0.0,0.0,0.0,0.0,0.0,0.0,0.0,0.0,0.0,0.0,0.0,-2.40591652906262e-07,4.811833056678849e-07,1.6039443515727823e-07,1.3761464342347589e-16,-3.2078887044842817e-07,0.0,4.4315516411981264e-17,3.165904707005837e-22,2.2125681332022025e-18,-6.568964345767388e-21,7.040537857577744e-18,-9.971165975959217e-20,9.94734317431769e-20,4.749609535041911e-17,-1.9683604800492835e-21,-1.5202895853392293e-18,2.9091465545285485e-21,-1.1130749117666679e-21,1.712128833683936e-21,-3.039382903937665e-23,-4.971987010576926e-17,3.1749305271866566e-07,2.40591652906262e-07,4.4656034656283723e-07,-4.811817948933593e-07,-4.1201019555714054e-07,1.3491985253616408e-10,1.227066431145642e-07,6.459702812460581e-08,6.890492152607095e-08,6.459702812460581e-08,1.603144082855304e-07,1.603144082855304e-07,-1.3761464342347589e-16,3.206288178443956e-07,-1.5382560693001857e-16,2.7742869519276554e-19,-1.2930428265766173e-15,3.206288163859483e-07,1.0892934613976843e-13,4.966368798899961e-12,6.587898218223434e-11,-1.72402903445503e-11,-9.944803005300066e-20,3.2043811993486246e-07,4.966368798899961e-12,6.587898218223434e-11,-1.5452775210869473e-07,1.9069650080571824e-10,-1.6020373865647226e-07,-5.866683048583504e-09,-5.8666830486829775e-09,-1.7335142702701526e-16,3.297584780916236e-09,1.024402440976392e-20,-1.5107745255981172e-12,3.2958177297624944e-09,1.7751377963309253e-12,4.88557405378393e-13,1.0139571342325213e-12,2.561230098248094e-21,1.7335139663318622e-16
6.003,548,101324.99999999997,2.771e-08,0.066,0.29999999999999993,0.6339999999999998,0.22000000000000003,548.0,1e-11,1e-22,IdealGasReactor,off,0.6300797288357858,0.0,0.0,0.27871087209233947,0.03835095550624258,0.012780800845592105,9.872309395166988e-12,0.04007764271016803,0.0,0.002791777799382166,3.483440794390393e-11,0.5867892856046133,5.313583550311734e-09,1.6411899849146557e-07,1.215507236069897e-07,1.094532372215597e-05,0.4097409540517809,4.302503633527725e-05,3.471184025271241e-05,0.0004978176506522339,4.7909733024406e-06,2.208810524657178e-13,1.9522707076803816e-09,8.639874932747787e-05,0.0,0.0,0.0,0.0,0.0,0.0,0.0,0.0,0.0,0.0,0.0,0.0,-2.404181890914941e-07,4.808363780500298e-07,1.6027879261326389e-07,1.37562859090023e-16,-3.2055758536365875e-07,0.0,2.0843402209767047e-16,9.817561086806662e-24,4.6958103723199855e-19,2.920460669351825e-23,-4.601982941991817e-18,-5.4527745979495584e-21,5.44781151427424e-21,2.0339224459477707e-16,5.571332036389568e-23,3.994141370412651e-20,4.434889676215061e-22,-1.172011530411071e-22,-6.149595705706668e-24,-1.3568336079281867e-24,-2.0386443322867685e-16,3.172663876720161e-07,2.404181890914941e-07,4.461927002992184e-07,-4.808348692436929e-07,-4.1171918214767197e-07,1.347373277208147e-10,1.226720401692969e-07,6.452645261290087e-08,6.884935581925575e-08,6.452645261290087e-08,1.601988735595056e-07,1.601988735595056e-07,-1.37562859090023e-16,3.203977483910562e-07,-1.5360153951411408e-16,2.7707462884151135e-19,-1.291851813983802e-15,3.203977467780561e-07,1.0885084334020417e-13,4.958765883956988e-12,6.579697207759627e-11,-1.720527896221227e-11,-9.931283125584305e-20,3.202072507877661e-07,4.958765883956988e-12,6.579697207759627e-11,-1.544145573322829e-07,1.9049619415442108e-10,-1.6008829641910945e-07,-5.864235280980988e-09,-5.864235280986436e-09,-1.7322807785407135e-16,3.292962482685083e-09,1.0230678422319676e-20,-1.508806336903557e-12,3.2911976916426593e-09,1.7726490050167912e-12,4.881363747587849e-13,1.0126387791576197e-12,2.5579237418678976e-21,1.7322807649723774e-16
6.012,548,101324.99999999997,2.771e-08,0.066,0.29999999999999993,0.6339999999999998,0.22000000000000003,548.0,1e-11,1e-22,IdealGasReactor,off,0.6300749067518844,0.0,0.0,0.2786857796822938,0.038396580798672746,0.012796009298214683,9.885375319862161e-12,0.040046723459049166,0.0,0.0027908963008802796,3.4804456317057714e-11,0.5869444353952713,5.312200562354809e-09,1.642620145169028e-07,1.2154711720927315e-07,1.0948455937134629e-05,0.40958729559513296,4.300151351669815e-05,3.467410088887298e-05,0.0004973271996873892,4.789245898219694e-06,2.206698158336023e-13,1.9526711274478537e-09,8.633908375860728e-05,0.0,0.0,0.0,0.0,0.0,0.0,0.0,0.0,0.0,0.0,0.0,0.0,-2.402447873177567e-07,4.804895740934637e-07,1.6016319141950184e-07,1.3751108284378415e-16,-3.2032638301437385e-07,0.0,-1.842897475967714e-14,-4.2637143668504295e-21,-2.18656589229963e-17,6.306421215220284e-20,4.0437479956862386e-16,8.44094801718512e-19,-7.872923090544956e-19,-1.7985791289436766e-14,2.156668984582806e-20,1.5787493977117062e-17,-1.6606500393886066e-20,-1.3409476608885416e-20,-3.1247216050005e-21,2.1104264057606557e-22,1.8007760607136272e-14,3.1703980002504174e-07,2.402447873177567e-07,4.4582522441407857e-07,-4.804880672531933e-07,-4.1142827001831385e-07,1.3455501248893182e-10,1.2263740440629177e-07,6.445592369420671e-08,6.879381253000859e-08,6.445592369420671e-08,1.600833800650657e-07,1.600833800650657e-07,-1.3751108284378415e-16,3.201667614008889e-07,-1.5337775849943155e-16,2.7672094957019535e-19,-1.2906614853542842e-15,3.2016677797841453e-07,1.0877236855649135e-13,4.951172683153461e-12,6.571504823484466e-11,-1.717033232391803e-11,-9.917779291020482e-20,3.1997646394407843e-07,4.951172683153461e-12,6.571504823484466e-11,-1.5430140353882202e-07,1.9029602657549256e-10,-1.5997289539298315e-07,-5.861787880679822e-09,-5.86178787989253e-09,-1.7310458640606208e-16,3.288345522587489e-09,1.0217346825700846e-20,-1.5068402703810604e-12,3.286582989332113e-09,1.7701630887083798e-12,4.877155133557076e-13,1.0113218222938829e-12,2.5546208381421522e-21,1.7310479744870266e-16
6.020999999999999,548,101324.99999999999,2.771e-08,0.066,0.29999999999999993,0.6339999999999998,0.22000000000000003,548.0,1e-11,1e-22,IdealGasReactor,off,0.6300700882209054,0.0,0.0,0.27866070576039287,0.03844217247428372,0.01281120654521479,9.898436151954726e-12,0.0400158269893048,0.0,0.002790014633757182,3.4774526103685974e-11,0.5870995613254422,5.310817463261971e-09,1.6440475396680682e-07,1.2154337325744155e-07,1.0951578397238625e-05,0.40943366071257786,4.297799338911892e-05,3.463639607786489e-05,0.0004968371564631177,4.787518489355611e-06,2.2045875480818455e-13,1.9530715639537088e-09,8.627943839505197e-05,0.0,0.0,0.0,0.0,0.0,0.0,0.0,0.0,0.0,0.0,0.0,0.0,-2.4007144766460133e-07,4.801428950371572e-07,1.600476316436402e-07,1.3745931471204373e-16,-3.200952634879921e-07,0.0,1.597853862626382e-14,9.397476004499327e-22,-3.606892163996551e-17,5.995397956191611e-21,1.5437021938987934e-16,1.7692400685774198e-19,-1.666305713151321e-19,1.619654779996483e-14,6.122238767214503e-21,2.6980776458107773e-17,-3.63831292879097e-20,2.57416021687088e-21,-3.937701667045557e-21,3.3885967566509436e-22,-1.61602656851106e-14,3.168132898683819e-07,2.4007144766460133e-07,4.454579190645563e-07,-4.801413901608324e-07,-4.11137459302493e-07,1.343729066990849e-10,1.226027358578486e-07,6.438544139233826e-08,6.873829168451697e-08,6.438544139233826e-08,1.5996792785542137e-07,1.5996792785542137e-07,-1.3745931471204373e-16,3.1993585698031135e-07,-1.5315426364886742e-16,2.763676571323112e-19,-1.2894718411030211e-15,3.199358393768392e-07,1.0869392182478519e-13,4.943589188858829e-12,6.563321060347538e-11,-1.713545033024046e-11,-9.904291489787198e-20,3.197457595389662e-07,4.943589188858829e-12,6.563321060347538e-11,-1.5418829079467741e-07,1.9009599813868482e-10,-1.5985753564551183e-07,-5.859340848962798e-09,-5.859340848796168e-09,-1.7298122068950593e-16,3.2837338973883172e-09,1.0204029611864456e-20,-1.504876324845223e-12,3.2819736196101696e-09,1.767680045669474e-12,4.872948214238001e-13,1.0100062629322426e-12,2.5513213854499685e-21,1.729815595491816e-16
6.029999999999999,548,101325.00000000004,2.771e-08,0.066,0.29999999999999993,0.6339999999999998,0.22000000000000003,548.0,1e-11,1e-22,IdealGasReactor,off,0.6300652732414385,0.0,0.0,0.27863565031929854,0.038487730546418526,0.01282639259104,9.911491892535372e-12,0.03998495329189268,0.0,0.002789132798460967,3.474461729853755e-11,0.587254663293388,5.309434253422886e-09,1.645472170250584e-07,1.2153949195642256e-07,1.0954691110499824e-05,0.4092800495055294,4.29544759634055e-05,3.459872580356456e-05,0.0004963475208134628,4.78579107689154e-06,2.2024786932348636e-13,1.9534720172968153e-09,8.621981327318385e-05,0.0,0.0,0.0,0.0,0.0,0.0,0.0,0.0,0.0,0.0,0.0,0.0,-2.3989817019501753e-07,4.797963402305878e-07,1.5993211335560806e-07,1.3740755472881057e-16,-3.198642268230222e-07,0.0,-1.9051753983831688e-16,3.0205929817922084e-22,1.3423613552844302e-17,2.9233992598172276e-22,2.2111689208955104e-17,1.427515213919513e-19,-1.4403116979957084e-19,-1.939335997263557e-16,1.981357777567254e-21,-1.2115325153718956e-17,9.865134507685703e-21,3.231949749609533e-22,-1.0155723323569732e-21,-1.9688268583635395e-22,1.8043902094074385e-16,3.165868572439952e-07,2.3989817019501753e-07,4.450907843771321e-07,-4.797948373160888e-07,-4.108467501052522e-07,1.3419101020050225e-10,1.2256803454798818e-07,6.431500572662054e-08,6.868279330420475e-08,6.431500572662054e-08,1.598525169727498e-07,1.598525169727498e-07,-1.3740755472881057e-16,3.1970503521367654e-07,-1.5293105472847012e-16,2.760147512692538e-19,-1.288282881662643e-15,3.197050340020269e-07,1.0861550317374379e-13,4.9360153930986665e-12,6.555145912839905e-11,-1.7100632880620775e-11,-9.890819710197492e-20,3.195151377126701e-07,4.9360153930986665e-12,6.555145912839905e-11,-1.5407521916821392e-07,1.8989610891775406e-10,-1.5974221724668902e-07,-5.856894187394147e-09,-5.856894187250116e-09,-1.7285855973083166e-16,3.279127603651923e-09,1.0190726772055935e-20,-1.5029144990048325e-12,3.277369579026992e-09,1.7651998740405742e-12,4.868742991839482e-13,1.008692100292898e-12,2.5480253819886617e-21,1.7285836284814583e-16
6.038999999999999,548,101325.0,2.771e-08,0.066,0.29999999999999993,0.6339999999999998,0.22000000000000003,548.0,1e-11,1e-22,IdealGasReactor,off,0.6300604618120723,0.0,0.0,0.2786106133516635,0.0385332550284369,0.012841567440143382,9.924542542696346e-12,0.03995410235775927,0.0,0.0027882507961062234,3.471472990467278e-11,0.5874097413366148,5.308050934491215e-09,1.6468940391549413e-07,1.2153547353695552e-07,1.0957794084662714e-05,0.40912646193536717,4.293096126063717e-05,3.4561090058070596e-05,0.0004958582926908147,4.78406366159007e-06,2.2003715932309443e-13,1.953872486904119e-09,8.616020842044498e-05,0.0,0.0,0.0,0.0,0.0,0.0,0.0,0.0,0.0,0.0,0.0,0.0,-2.3972495508648874e-07,4.794499100403238e-07,1.5981663660663937e-07,1.373558028809974e-16,-3.19633273356822e-07,0.0,8.012763978428292e-16,-7.839020371484599e-23,-6.3901536818523655e-18,-1.2858972713915786e-22,-4.738037609144539e-18,-1.0667321179483845e-20,1.0458044484507929e-20,8.027513121602092e-16,-5.0324892985901935e-22,-2.329322031755738e-19,-5.305018855187099e-21,3.415221954078313e-22,-2.295904274195119e-23,1.3464264347113518e-23,-7.963250724882197e-16,3.1636050249112847e-07,2.3972495508648874e-07,4.4472382068950924e-07,-4.794484090855314e-07,-4.105561427268944e-07,1.3400932290621035e-10,1.2253330055900692e-07,6.424461674687723e-08,6.862731744313542e-08,6.424461674687723e-08,1.5973714753524007e-07,1.5973714753524007e-07,-1.373558028809974e-16,3.1947429633736825e-07,-1.5270813148138356e-16,2.756622318037635e-19,-1.2870946073302929e-15,3.19474294130373e-07,1.085371126836734e-13,4.928451290247572e-12,6.54697937857398e-11,-1.7065879883065883e-11,-9.877363939539253e-20,3.192845985677426e-07,4.928451290247572e-12,6.54697937857398e-11,-1.5396218871113118e-07,1.896963589554406e-10,-1.596269402476837e-07,-5.854447895508191e-09,-5.854447895518649e-09,-1.727351940142755e-16,3.274526639482885e-09,1.0177438302374761e-20,-1.500954792284961e-12,3.272770865693549e-09,1.7627225728020374e-12,4.864539470887133e-13,1.0073793340767784e-12,2.5447328271883943e-21,1.7273520747853985e-16
6.047999999999999,548,101324.99999999999,2.771e-08,0.066,0.29999999999999993,0.6339999999999998,0.22000000000000003,548.0,1e-11,1e-22,IdealGasReactor,off,0.6300556539313926,0.0,0.0,0.2785855948501321,0.03857874593371313,0.012856731096983601,9.937588103531826e-12,0.039923274177841035,0.0,0.002787368626971223,3.468486391467272e-11,0.5875647953180405,5.306667506535777e-09,1.648313148128307e-07,1.2153131819755696e-07,1.09608873278547e-05,0.40897289813905185,4.29074492890602e-05,3.452348882309285e-05,0.0004953694718983176,4.782336244564817e-06,2.1982662473831704e-13,1.9542729730456434e-09,8.610062387535751e-05,0.0,0.0,0.0,0.0,0.0,0.0,0.0,0.0,0.0,0.0,0.0,0.0,-2.395518023724468e-07,4.791036046520873e-07,1.5970120147134122e-07,1.373040592145674e-16,-3.194024030624373e-07,0.0,-1.1339271514913814e-15,7.49243218921909e-22,8.174729803976968e-18,2.3287962973802e-21,-4.4450806764247987e-17,-3.7621497747891783e-19,3.731941138818742e-19,-1.1963462840598747e-15,1.3613642999808438e-21,-9.324155168624504e-18,5.632697892238171e-21,-2.2697577514513657e-21,4.619760488572825e-23,-1.2525863749160241e-22,1.1881225411604392e-15,3.1613422558668825e-07,2.395518023724468e-07,4.443570280732961e-07,-4.791021056548841e-07,-4.102656372221731e-07,1.3382784464882715e-10,1.224985339002072e-07,6.417427446440722e-08,6.857186411430114e-08,6.417427446440722e-08,1.5962181956546946e-07,1.5962181956546946e-07,-1.373040592145674e-16,3.192436403965401e-07,-1.5248549367924515e-16,2.7531009845596747e-19,-1.2859070185699111e-15,3.192436401899812e-07,1.084587503699146e-13,4.920896871718738e-12,6.538821451231179e-11,-1.703119123503219e-11,-9.863924166371106e-20,3.1905414225352605e-07,4.920896871718738e-12,6.538821451231179e-11,-1.5384919949595102e-07,1.8949674833260625e-10,-1.595117047230056e-07,-5.852001975390201e-09,-5.852001975763395e-09,-1.7261221872696847e-16,3.2699310010180972e-09,1.0164164192796462e-20,-1.498997203207512e-12,3.268177475749033e-09,1.760248139873175e-12,4.860337652987159e-13,1.006067963378063e-12,2.5414437189231468e-21,1.7261209346833098e-16
6.056999999999999,548,101324.99999999999,2.771e-08,0.066,0.29999999999999993,0.6339999999999998,0.22000000000000003,548.0,1e-11,1e-22,IdealGasReactor,off,0.6300508495979839,0.0,0.0,0.27856059480733886,0.03862420327563985,0.012871883566024638,9.950628576137188e-12,0.03989246874306207,0.0,0.0027864862919079643,3.4655019328264474e-11,0.5877198252205404,5.305283970712446e-09,1.6497294992584574e-07,1.2152702615891457e-07,1.0963970847952598e-05,0.40881935813290604,4.288394006571067e-05,3.4485922087411145e-05,0.0004948810583407991,4.7806088266873554e-06,2.1961626550860444e-13,1.9546734754125316e-09,8.604105966872181e-05,0.0,0.0,0.0,0.0,0.0,0.0,0.0,0.0,0.0,0.0,0.0,0.0,-2.3937871218483223e-07,4.78757424260275e-07,1.595858080080201e-07,1.3725232373491105e-16,-3.1917161615679147e-07,0.0,1.3771099633976698e-14,-2.8489675801580632e-21,-1.6458077531705135e-18,1.1773082020496567e-21,-2.786780748114011e-17,-7.56770998812514e-20,7.702540427971283e-20,1.3746656082916287e-14,-7.720773277934703e-21,1.8586317313302306e-18,1.6647300633313783e-21,-5.709381533599993e-21,-4.375263592153418e-22,3.8866677352678634e-23,-1.3745006308485226e-14,3.1590802675011704e-07,2.3937871218483223e-07,4.439904067818392e-07,-4.787559272185441e-07,-4.0997523381377096e-07,1.3364657531580538e-10,1.22463734631075e-07,6.410397891673585e-08,6.851643335876096e-08,6.410397891673585e-08,1.5950653315139483e-07,1.5950653315139483e-07,-1.3725232373491105e-16,3.1901306756710534e-07,-1.5226314107394393e-16,2.7495835101581964e-19,-1.284720115728383e-15,3.1901305241888167e-07,1.0838041629223163e-13,4.9133521309441226e-12,6.53067212717466e-11,-1.6996566841346902e-11,-9.85050037836465e-20,3.188237688867847e-07,4.9133521309441226e-12,6.53067212717466e-11,-1.537362515806481e-07,1.8929727710329716e-10,-1.5939651073091815e-07,-5.849556427372004e-09,-5.849556427449029e-09,-1.7248898205058787e-16,3.2653406857435397e-09,1.0150904437469915e-20,-1.497041730909827e-12,3.2635894066744187e-09,1.757776573895349e-12,4.856137541738658e-13,1.0047579877040764e-12,2.538158056126127e-21,1.7248902091726522e-16
6.065999999999999,548,101325.00000000004,2.771e-08,0.066,0.29999999999999993,0.6339999999999998,0.22000000000000003,548.0,1e-11,1e-22,IdealGasReactor,off,0.6300460488104291,0.0,0.0,0.27853561321590997,0.038669627067624356,0.012887024851736078,9.963663961609739e-12,0.03986168604433655,0.0,0.002785603791396175,3.4625196140497984e-11,0.5878748309492171,5.303900327471519e-09,1.651143094415525e-07,1.2152259762738152e-07,1.09670446530069e-05,0.4086658420114689,4.286043360190814e-05,3.4448389835171264e-05,0.0004943930518565469,4.7788814089857e-06,2.1940608156789373e-13,1.9550739940720924e-09,8.598151583625301e-05,0.0,0.0,0.0,0.0,0.0,0.0,0.0,0.0,0.0,0.0,0.0,0.0,-2.392056845914245e-07,4.784113690457307e-07,1.5947045628536773e-07,1.372005964737246e-16,-3.189409126968767e-07,0.0,-2.2959252709854295e-16,-1.710423322745517e-23,1.0741215219286846e-17,-1.8005881390040162e-22,-2.0964065444543933e-20,1.402898318889935e-21,-1.4169603893033364e-21,-2.407326101222417e-16,6.176703642620683e-22,-2.6641356328565347e-19,9.264768798188955e-21,-1.3216795224948845e-22,-4.463066443727788e-23,-3.6500448638346816e-24,2.29930129750317e-16,3.156819060418049e-07,2.392056845914245e-07,4.4362395694991346e-07,-4.784098739573565e-07,-4.0968493261499753e-07,1.3346551475879034e-10,1.224289027786279e-07,6.403373012419745e-08,6.846102519927415e-08,6.403373012419745e-08,1.593912883383878e-07,1.593912883383878e-07,-1.372005964737246e-16,3.1878257793980585e-07,-1.520410734300093e-16,2.746069892275531e-19,-1.2835338992262145e-15,3.1878257678030764e-07,1.083021104814532e-13,4.905817060037015e-12,6.522531401017078e-11,-1.696200660220503e-11,-9.837092563754408e-20,3.1859347860503914e-07,4.905817060037015e-12,6.522531401017078e-11,-1.5362334503244616e-07,1.8909794533836515e-10,-1.5928135834002934e-07,-5.847111252921556e-09,-5.847111252920139e-09,-1.7236599352839103e-16,3.260755690249349e-09,1.0137659027813749e-20,-1.4950883741266173e-12,3.2590066550717993e-09,1.755307873036974e-12,4.851939139439381e-13,1.0034494062917235e-12,2.534875837037074e-21,1.7236598987834617e-16
6.074999999999999,548,101325.0,2.771e-08,0.066,0.29999999999999993,0.6339999999999998,0.22000000000000003,548.0,1e-11,1e-22,IdealGasReactor,off,0.63004125156731,0.0,0.0,0.2785106500684615,0.03871501732309379,0.012902154958592654,9.97669426104765e-12,0.03983092607256524,0.0,0.0027847211262805992,3.4595394350959705e-11,0.5880298124856489,5.302516577955243e-09,1.6525539356890468e-07,1.215180328234604e-07,1.0970108750913038e-05,0.4085123497923688,4.2836929914560165e-05,3.441089205499554e-05,0.0004939054523482975,4.77715399233318e-06,2.1919607285521546e-13,1.9554745287221633e-09,8.592199240871022e-05,0.0,0.0,0.0,0.0,0.0,0.0,0.0,0.0,0.0,0.0,0.0,0.0,-2.390327197225444e-07,4.780654394327558e-07,1.5935514636163102e-07,1.3714887743683758e-16,-3.187102928845161e-07,0.0,-3.582572098080111e-15,-1.1536542147531662e-21,-1.1447549359548499e-17,-1.5468234996572771e-21,-1.2487902032576716e-16,4.381807315264902e-19,-4.368572425464054e-19,-3.682848297027242e-15,-2.663313262654673e-21,1.260358753038376e-17,-9.406153069192125e-21,-1.6155095857102053e-21,1.3837020194556753e-21,-6.742177856194157e-23,3.694359491892727e-15,3.1545586366612394e-07,2.390327197225444e-07,4.4325767882758905e-07,-4.780639462956238e-07,-4.0939473384579687e-07,1.3328466286415827e-10,1.223940384018431e-07,6.396352812374165e-08,6.840563967641786e-08,6.396352812374165e-08,1.5927608521333294e-07,1.5927608521333294e-07,-1.3714887743683758e-16,3.185521716884106e-07,-1.518192904993443e-16,2.7425601287959436e-19,-1.2823483694086343e-15,3.18552173972364e-07,1.0822383299661494e-13,4.898291652388818e-12,6.514399269070633e-11,-1.692751042250157e-11,-9.82370071020597e-20,3.183632715249131e-07,4.898291652388818e-12,6.514399269070633e-11,-1.5351047990924105e-07,1.8889875309142407e-10,-1.5916624760854093e-07,-5.844666452389964e-09,-5.8446664519531065e-09,-1.7224306787192075e-16,3.2561760119962524e-09,1.0124427957890751e-20,-1.4931371319826352e-12,3.254429218392146e-09,1.7528420359233013e-12,4.847742449651337e-13,1.002142218639478e-12,2.5315970605661257e-21,1.722430004501422e-16
6.083999999999999,548,101325.00000000003,2.771e-08,0.066,0.29999999999999993,0.6339999999999998,0.22000000000000003,548.0,1e-11,1e-22,IdealGasReactor,off,0.6300364578672055,0.0,0.0,0.27848570535760164,0.038760374055488205,0.012917273891074813,9.989719475551354e-12,0.03980018881864013,0.0,0.0027838382969584603,3.4565613953623445e-11,0.5881847697177844,5.301132722457178e-09,1.6539620249025311e-07,1.215133319503737e-07,1.0973163149771723e-05,0.4083588815873973,4.2813429013708766e-05,3.43734287299522e-05,0.0004934182596389837,4.775426577792031e-06,2.1898623930303208e-13,1.955875079513972e-09,8.586248942279846e-05,0.0,0.0,0.0,0.0,0.0,0.0,0.0,0.0,0.0,0.0,0.0,0.0,-2.388598176314901e-07,4.777196351507322e-07,1.5923987830758368e-07,1.370971666617476e-16,-3.1847975674451416e-07,0.0,-1.5825352639170722e-15,2.5708416955300626e-22,1.6738332615606832e-18,-1.379462063679741e-20,-2.4827012140056373e-17,-5.688355636404661e-20,6.141319739838699e-20,-1.6151953646109148e-15,-2.266385718180344e-21,-6.0849537703364276e-18,5.188542696872326e-21,4.713688720633428e-21,-6.989652566945305e-23,-2.2850668419424726e-22,1.613513694328078e-15,3.1522989965148025e-07,2.388598176314901e-07,4.428915725226639e-07,-4.777181439627291e-07,-4.0910463759482753e-07,1.3310401947537202e-10,1.2235914152065498e-07,6.389337293171642e-08,6.835027680880421e-08,6.389337293171642e-08,1.591609238119891e-07,1.591609238119891e-07,-1.370971666617476e-16,3.183218488844412e-07,-1.515977920490796e-16,2.739054217055998e-19,-1.2811635267099791e-15,3.183218491020767e-07,1.0814558386201394e-13,4.890775899811621e-12,6.506275725548661e-11,-1.6893078201567274e-11,-9.81032480606434e-20,3.181331477881266e-07,4.890775899811621e-12,6.506275725548661e-11,-1.533976562800885e-07,1.8869970043642379e-10,-1.5905117860715178e-07,-5.842222027495181e-09,-5.842222027556594e-09,-1.7212028118179338e-16,3.25160164737499e-09,1.0111211218492919e-20,-1.491188003119976e-12,3.2498570930339246e-09,1.7503790606131497e-12,4.843547474375367e-13,1.0008364239217924e-12,2.5283217247925403e-21,1.721200526751092e-16
6.092999999999999,548,101325.0,2.771e-08,0.066,0.29999999999999993,0.6339999999999998,0.22000000000000003,548.0,1e-11,1e-22,IdealGasReactor,off,0.6300316677086935,0.0,0.0,0.27846077907592937,0.038805697278264696,0.012932381653668334,1.0002739606222685e-11,0.03976947427344161,0.0,0.0027829553043377084,3.4535854948808644e-11,0.5883397026406394,5.299748762238993e-09,1.6553673641871195e-07,1.215084952311614e-07,1.0976207857466265e-05,0.4082054374006719,4.278993091721039e-05,3.4335999849376195e-05,0.0004929314736417539,4.773699166207309e-06,2.1877658085095603e-13,1.956275646080789e-09,8.580300690828653e-05,0.0,0.0,0.0,0.0,0.0,0.0,0.0,0.0,0.0,0.0,0.0,0.0,-2.3868697845907155e-07,4.773739565051873e-07,1.5912465217942373e-07,1.3704546414974006e-16,-3.1824930454388165e-07,0.0,-1.26045661352964e-14,2.363467124002775e-21,-2.4613879953483102e-17,-1.847613348774607e-20,2.7577942218677846e-16,8.642383039954033e-19,-8.646270788833032e-19,-1.2279803610061267e-14,-1.1540874999282951e-20,2.325370395715414e-17,-1.505624719979127e-20,-1.4079648001418222e-21,4.541331883166217e-21,-6.257648956421289e-22,1.2304563404910212e-14,3.150040142672981e-07,2.3868697845907155e-07,4.4252563830426497e-07,-4.773724672642006e-07,-4.088146440999023e-07,1.3292358448445835e-10,1.2232421219967926e-07,6.38232645877178e-08,6.829493663996875e-08,6.38232645877178e-08,1.590458042281969e-07,1.590458042281969e-07,-1.3704546414974006e-16,3.1809160971556996e-07,-1.513765778287249e-16,2.7355521550103065e-19,-1.2799793714595448e-15,3.1809162059914797e-07,1.0806736314141234e-13,4.8832697959040205e-12,6.498160767041298e-11,-1.6858709845255803e-11,-9.796964838881074e-20,3.179031075071613e-07,4.8832697959040205e-12,6.498160767041298e-11,-1.5328487420103078e-07,1.8850078742327087e-10,-1.5893615139200005e-07,-5.839777978392942e-09,-5.839777977528315e-09,-1.7199777242435183e-16,3.2470325939732643e-09,1.0098008804108587e-20,-1.4892409867260913e-12,3.2452902765835584e-09,1.7479189458045182e-12,4.839354217381232e-13,9.995320216791054e-13,2.5250498287337556e-21,1.7199714665945619e-16
6.1019999999999985,548,101325.0,2.771e-08,0.066,0.29999999999999993,0.6339999999999998,0.22000000000000003,548.0,1e-11,1e-22,IdealGasReactor,off,0.6300268810903494,0.0,0.0,0.27843587121603464,0.03885098700489672,0.012947478250864404,1.0015754654165029e-11,0.03973878242783899,0.0,0.002782072148756547,3.450611732971858e-11,0.5884946111298595,5.29836469748304e-09,1.6567699553406752e-07,1.215035228668153e-07,1.0979242882136374e-05,0.4080520173563583,4.276643563418837e-05,3.429860539555356e-05,0.0004924450941684303,4.771971758665966e-06,2.1856709743036127e-13,1.9566762286343114e-09,8.574354490256782e-05,0.0,0.0,0.0,0.0,0.0,0.0,0.0,0.0,0.0,0.0,0.0,0.0,-2.385142022481611e-07,4.770284043646741e-07,1.590094680493612e-07,1.36993769942474e-16,-3.180189362440662e-07,0.0,-5.388054373821215e-16,-1.8429595342985022e-22,-3.795609451503567e-18,4.092796500140433e-21,-5.367224270276874e-18,-1.1929929666484786e-19,1.2682912178091807e-19,-5.359281648947915e-16,5.104340516886151e-22,4.527961095745615e-18,-4.392702859129681e-21,-2.366279389178647e-21,5.0036759173687245e-22,-2.0037036192525732e-22,5.397411943681131e-16,3.1477820747877455e-07,2.385142022481611e-07,4.4215987626071273e-07,-4.770269170685927e-07,-4.085247534319197e-07,1.3274335772900747e-10,1.2228925045380642e-07,6.375320310518787e-08,6.823961918554389e-08,6.375320310518787e-08,1.5893072649079802e-07,1.5893072649079802e-07,-1.36993769942474e-16,3.178614542394949e-07,-1.5115564760723873e-16,2.732053939919345e-19,-1.2787959041008837e-15,3.178614533805302e-07,1.0798917085440713e-13,4.875773332261032e-12,6.49005438747552e-11,-1.6824405252339698e-11,-9.783620797077824e-20,3.17673150826661e-07,4.875773332261032e-12,6.49005438747552e-11,-1.531721337423817e-07,1.883020141279705e-10,-1.5882116603524076e-07,-5.837334306979493e-09,-5.837334307106322e-09,-1.7187448280841203e-16,3.242468848045708e-09,1.0084820705077038e-20,-1.4872960813768396e-12,3.240728765291618e-09,1.7454616894767703e-12,4.835162680454883e-13,9.982290110406518e-13,2.521781370352703e-21,1.718742824380501e-16
6.110999999999999,548,101324.99999999999,2.771e-08,0.066,0.29999999999999993,0.6339999999999998,0.22000000000000003,548.0,1e-11,1e-22,IdealGasReactor,off,0.6300220980107485,0.0,0.0,0.2784109817704985,0.03889624324887435,0.012962563687159579,1.0028764620483266e-11,0.03970811327269041,0.0,0.0027811888310922276,3.447640109623424e-11,0.5886494951742285,5.296980529392311e-09,1.658169800476947e-07,1.2149841507926552e-07,1.098226823169382e-05,0.40789862146484324,4.274294318201401e-05,3.426124535737644e-05,0.0004919591211259303,4.770244356024579e-06,2.1835778898010152e-13,1.9570768268386044e-09,8.568410343568646e-05,0.0,0.0,0.0,0.0,0.0,0.0,0.0,0.0,0.0,0.0,0.0,0.0,-2.3834148913394196e-07,4.7668297817749523e-07,1.5889432597419597e-07,1.3694208404334252e-16,-3.177886520899852e-07,0.0,3.097752681958421e-16,3.4834726069849793e-22,-1.9353418126745044e-18,2.3193635640475092e-21,-4.6567383280758873e-17,1.9005301754018364e-20,-1.6629639034766068e-20,2.6789157675798305e-16,-2.6147732501394563e-22,2.6998035332384377e-18,-2.951645381879161e-22,1.1048031056411376e-22,-1.5519571951319218e-21,-2.424704439020193e-23,-2.659430376660635e-16,3.1455247953332457e-07,2.3834148913394196e-07,4.417942866504843e-07,-4.76681492824209e-07,-4.0823496581915805e-07,1.3256333909775246e-10,1.2225425634509902e-07,6.368318852208894e-08,6.818432448743733e-08,6.368318852208894e-08,1.5881569068989542e-07,1.5881569068989542e-07,-1.3694208404334252e-16,3.176313826364114e-07,-1.5093500113495857e-16,2.728559569694151e-19,-1.2776131249664903e-15,3.176313809749587e-07,1.0791100706222085e-13,4.868286502359758e-12,6.481956583281375e-11,-1.6790164328449858e-11,-9.77029266823635e-20,3.1744327786030065e-07,4.868286502359758e-12,6.481956583281375e-11,-1.530594349606941e-07,1.881033806010747e-10,-1.5870622259359728e-07,-5.834891013501871e-09,-5.834891013485242e-09,-1.7175148436004784e-16,3.237910407086506e-09,1.0071646915631992e-20,-1.48535328622173e-12,3.2361725566606407e-09,1.743007290282789e-12,4.830972867248184e-13,9.969273915213244e-13,2.5185163486010634e-21,1.7175146011300345e-16
6.119999999999999,548,101324.99999999997,2.771e-08,0.066,0.29999999999999993,0.6339999999999998,0.22000000000000003,548.0,1e-11,1e-22,IdealGasReactor,off,0.6300173184684627,0.0,0.0,0.27838611073189323,0.038941466023703186,0.012977637967055828,1.0041769506283951e-11,0.039677466798843354,0.0,0.002780305351905992,3.44467062442842e-11,0.5888043546963276,5.295596258571313e-09,1.6595669015277705e-07,1.2149317207822426e-07,1.0985283914195353e-05,0.40774524980309207,4.271945357321042e-05,3.4223919719815966e-05,0.0004914735543648646,4.768516959274058e-06,2.1814865543441167e-13,1.957477440678831e-09,8.56246825418937e-05,0.0,0.0,0.0,0.0,0.0,0.0,0.0,0.0,0.0,0.0,0.0,0.0,-2.381688391972238e-07,4.763376781802226e-07,1.5877922601957466e-07,1.368904064781304e-16,-3.175584521655685e-07,0.0,-6.052388299004495e-15,8.036347860384435e-22,4.2547570613838224e-18,-8.099542791417074e-21,7.736428363306356e-17,-3.541656510707043e-20,1.3480562442776692e-20,-5.9855378407805465e-15,1.985361808330215e-21,-6.15559348730566e-18,1.4989005453536699e-21,9.88196488665303e-22,4.490942637732775e-22,-4.1084154017379385e-23,5.98126126911472e-15,3.14326830518118e-07,2.381688391972238e-07,4.4142886963162477e-07,-4.7633619476762255e-07,-4.079452813972052e-07,1.323835284491941e-10,1.2221922990806247e-07,6.361322086183217e-08,6.812905257206161e-08,6.361322086183217e-08,1.587006968795141e-07,1.587006968795141e-07,-1.368904064781304e-16,3.1740139501436727e-07,-1.5071463817296407e-16,2.7250690418600037e-19,-1.2764310344515945e-15,3.174013996076752e-07,1.0783287180156187e-13,4.860809298564549e-12,6.473867349410403e-11,-1.675598697533576e-11,-9.756980440418394e-20,3.172134887395065e-07,4.860809298564549e-12,6.473867349410403e-11,-1.529467779204023e-07,1.879048869074721e-10,-1.5859132113264525e-07,-5.832448099172363e-09,-5.832448099185844e-09,-1.7162872083097762e-16,3.23335726785769e-09,1.005848742770164e-20,-1.4834126000706445e-12,3.231621647450513e-09,1.7405557464759076e-12,4.826784780310625e-13,9.956271624074925e-13,2.5152547618442814e-21,1.716286797468236e-16
6.128999999999999,548,101325.00000000003,2.771e-08,0.066,0.29999999999999993,0.6339999999999998,0.22000000000000003,548.0,1e-11,1e-22,IdealGasReactor,off,0.6300125424620628,0.0,0.0,0.27836125809278217,0.03898665534290519,0.012992701095060483,1.0054769312675172e-11,0.039646842997134335,0.0,0.0027794217118884096,3.441703277138235e-11,0.5889591896459538,5.294211885869705e-09,1.6609612605056968e-07,1.2148779407843028e-07,1.0988289937646268e-05,0.40759190242070215,4.269596682227162e-05,3.418662846940229e-05,0.0004909883937583261,4.7667895693495675e-06,2.1793969672920612e-13,1.9578780700084697e-09,8.556528225362986e-05,0.0,0.0,0.0,0.0,0.0,0.0,0.0,0.0,0.0,0.0,0.0,0.0,-2.3799625254082013e-07,4.7599250493989285e-07,1.5866416824725778e-07,1.3683873726341785e-16,-3.173283366320197e-07,0.0,1.7071275214039825e-15,9.102513888232133e-22,1.4936931390822777e-18,-6.697225307250413e-21,4.915226313798298e-18,5.1377842206893655e-19,-5.072329418818044e-19,1.7132039355898767e-15,2.3947519919553915e-21,2.146821932332168e-18,-2.7491959561826837e-21,-8.75777473540518e-22,5.97417190037343e-21,-9.198448406564588e-23,-1.7147032409044308e-15,3.141012605973031e-07,2.3799625254082013e-07,4.4106362540260855e-07,-4.75991023465871e-07,-4.0765570033913643e-07,1.3220392565396282e-10,1.221841711885595e-07,6.354330015361502e-08,6.80738034720854e-08,6.354330015361502e-08,1.5858574512826775e-07,1.5858574512826775e-07,-1.3683873726341785e-16,3.1717149151059054e-07,-1.5049455847778715e-16,2.721582354095852e-19,-1.2752496329236055e-15,3.171714884064869e-07,1.0775476511905132e-13,4.853341713685249e-12,6.465786681408118e-11,-1.6721873096450985e-11,-9.743684101477666e-20,3.169837835880845e-07,4.853341713685249e-12,6.465786681408118e-11,-1.5283416268245432e-07,1.8770653310566692e-10,-1.5847646171415865e-07,-5.8300055648034526e-09,-5.83000556429622e-09,-1.7150603340252376e-16,3.2288094274140732e-09,1.0045342234135362e-20,-1.4814740218694593e-12,3.2270760347166363e-09,1.738107056468404e-12,4.822598422634678e-13,9.943283230766252e-13,2.5119966086813045e-21,1.715059414180397e-16
6.137999999999999,548,101324.99999999999,2.771e-08,0.066,0.29999999999999993,0.6339999999999998,0.22000000000000003,548.0,1e-11,1e-22,IdealGasReactor,off,0.6300077699901185,0.0,0.0,0.27833642384572,0.03903181122001858,0.013007753075686227,1.0067764040766545e-11,0.03961624185838881,0.0,0.002778537911620031,3.438738067365003e-11,0.5891139999498735,5.292827411928416e-09,1.6623528793572538e-07,1.214822812904315e-07,1.099128631011097e-05,0.4074385793904309,4.267248294200247e-05,3.414937159128582e-05,0.0004905036391596247,4.765062187232678e-06,2.1773091279871218e-13,1.958278714793207e-09,8.550590260475816e-05,0.0,0.0,0.0,0.0,0.0,0.0,0.0,0.0,0.0,0.0,0.0,0.0,-2.3782372924852973e-07,4.756474584448496e-07,1.5854915272216607e-07,1.367870764235741e-16,-3.170983055624607e-07,0.0,-1.3502249645229161e-14,-3.821516610823737e-23,7.528601996221865e-18,1.329812320083759e-21,-8.452986472947972e-17,1.759710947920809e-19,-1.7769576636925396e-19,-1.3605305702911605e-14,2.4706229929888655e-21,-1.1090313244634495e-17,8.745335522267774e-21,1.0855711563992797e-21,-1.5467222394942601e-21,-2.8937990170769848e-22,1.3597730452034823e-14,3.138757698472076e-07,2.3782372924852973e-07,4.4069855412674595e-07,-4.756459789072992e-07,-4.0736622278567566e-07,1.3202453057209516e-10,1.22149080222907e-07,6.347342642151659e-08,6.801857721475369e-08,6.347342642151659e-08,1.5847083549216116e-07,1.5847083549216116e-07,-1.367870764235741e-16,3.169416722371073e-07,-1.50274761809639e-16,2.7180995039451417e-19,-1.2740689207709575e-15,3.1694168445284276e-07,1.0767668705274283e-13,4.845883740142285e-12,6.457714574301936e-11,-1.6687822593962573e-11,-9.730403639430514e-20,3.167541625358534e-07,4.845883740142285e-12,6.457714574301936e-11,-1.5272158931061736e-07,1.8750831925890425e-10,-1.5836164440290544e-07,-5.827563411548717e-09,-5.827563411371021e-09,-1.7138353457124955e-16,3.2242668825494507e-09,1.0032211326973918e-20,-1.4795375504445423e-12,3.2225357152530953e-09,1.7356612185320765e-12,4.818413796826446e-13,9.930308728258846e-13,2.5087418875050955e-21,1.7138324519134785e-16
6.146999999999999,548,101324.99999999999,2.771e-08,0.066,0.29999999999999993,0.6339999999999998,0.22000000000000003,548.0,1e-11,1e-22,IdealGasReactor,off,0.6300030010511972,0.0,0.0,0.278311607983252,0.03907693366859787,0.013022793913451052,1.0080753691669187e-11,0.039585663373421176,0.0,0.0027776539518430884,3.435774994919124e-11,0.5892687855689211,5.291442837694604e-09,1.6637417601279473e-07,1.2147663393105485e-07,1.099427303958753e-05,0.4072852807507773,4.2649001947669874e-05,3.4112149072567436e-05,0.0004900192904502506,4.763334813835286e-06,2.175223035792621e-13,1.9586793748334893e-09,8.544654362688753e-05,0.0,0.0,0.0,0.0,0.0,0.0,0.0,0.0,0.0,0.0,0.0,0.0,-2.3765126943166785e-07,4.753025387265338e-07,1.5843417950435213e-07,1.3673542397144614e-16,-3.1686835915094633e-07,0.0,3.8236046290032135e-16,2.1223575758887984e-23,-5.578255022817977e-18,1.4426669187615085e-22,3.5045988192646677e-20,-1.768181277393352e-20,1.7642935285143527e-20,3.879160527396888e-16,-2.469186635052639e-22,-9.774998134792866e-20,-4.591027085028156e-21,-7.34122793640812e-24,-9.070780612125913e-23,2.089027799358295e-24,-3.8230640607860434e-16,3.136503584647227e-07,2.3765126943166785e-07,4.4033365601790527e-07,-4.75301061123349e-07,-4.0707684892441853e-07,1.3184534307877132e-10,1.2211395706160098e-07,6.340359969685405e-08,6.796337383512802e-08,6.340359969685405e-08,1.58355968045456e-07,1.58355968045456e-07,-1.3673542397144614e-16,3.1671193734241886e-07,-1.500552479230591e-16,2.7146204891432343e-19,-1.272888898347451e-15,3.1671193556626065e-07,1.0759863765309516e-13,4.838435370912697e-12,6.449651023861742e-11,-1.6653835372139274e-11,-9.717139042035118e-20,3.165246257031445e-07,4.838435370912697e-12,6.449651023861742e-11,-1.5260905786429157e-07,1.8731024542253322e-10,-1.5824686925892956e-07,-5.825121640060568e-09,-5.825121640078211e-09,-1.7126058906244457e-16,3.219729630424727e-09,1.0019094699409762e-20,-1.477603184792117e-12,3.218000686223654e-09,1.733218231137469e-12,4.814230906046006e-13,9.917348110664629e-13,2.5054905970005895e-21,1.7126059115147237e-16
6.155999999999999,548,101324.99999999999,2.771e-08,0.066,0.29999999999999993,0.6339999999999998,0.22000000000000003,548.0,1e-11,1e-22,IdealGasReactor,off,0.6299982356438643,0.0,0.0,0.2782868104979156,0.03912202270221193,0.013037823612878432,1.0093738266496121e-11,0.039555107533036066,0.0,0.0027767698330684355,3.432814059321668e-11,0.5894235464153489,5.290058163677223e-09,1.6651279047291608e-07,1.2147085220817027e-07,1.0997250134182528e-05,0.40713200658909815,4.262552385099659e-05,3.407496089748222e-05,0.0004895353474704777,4.7616074501679836e-06,2.17313869003813e-13,1.9590800501664e-09,8.538720535470424e-05,0.0,0.0,0.0,0.0,0.0,0.0,0.0,0.0,0.0,0.0,0.0,0.0,-2.3747887316177704e-07,4.7495774626052943e-07,1.5831924866040195e-07,1.366837799363122e-16,-3.1663849746359575e-07,0.0,3.000107890123609e-15,7.63072051875384e-22,-3.962732453557412e-19,-1.7192537504813188e-20,-7.365936152177325e-17,-1.580510540017321e-19,1.5915947602255316e-19,2.9324016465543453e-15,-5.9228107923809924e-21,5.6913163165536894e-18,5.075959497705059e-21,1.6292356139997571e-21,-3.5807823553876046e-21,1.0749868265688956e-22,-2.9319845174660107e-15,3.1342502651934574e-07,2.3747887316177704e-07,4.399689312165228e-07,-4.7495627058960575e-07,-4.0678757887519754e-07,1.3166636302712322e-10,1.2207880173498527e-07,6.333382000031385e-08,6.790819335694502e-08,6.333382000031385e-08,1.5824114283601493e-07,1.5824114283601493e-07,-1.366837799363122e-16,3.164822869222645e-07,-1.4983601658044039e-16,2.7111453071441153e-19,-1.2717095660528283e-15,3.1648228260294786e-07,1.0752061695262955e-13,4.830996598162406e-12,6.441596024777878e-11,-1.6619911332453827e-11,-9.703890297399861e-20,3.1629517322327006e-07,4.830996598162406e-12,6.441596024777878e-11,-1.5249656840869998e-07,1.8711231166232309e-10,-1.5813213634874074e-07,-5.822680251701974e-09,-5.822680251861133e-09,-1.7113787185548865e-16,3.2151976676608225e-09,1.0005992342952483e-20,-1.4756709236604424e-12,3.2134709442499995e-09,1.7307780924635216e-12,4.810049752647513e-13,9.904401370425974e-13,2.502242735424674e-21,1.711379793541713e-16
6.164999999999999,548,101324.99999999996,2.771e-08,0.066,0.29999999999999993,0.6339999999999998,0.22000000000000003,548.0,1e-11,1e-22,IdealGasReactor,off,0.629993473766684,0.0,0.0,0.27826203138223865,0.03916707833444749,0.013052842178497009,1.0106717766361539e-11,0.039524574328026085,0.0,0.002775885556018272,3.429855260353451e-11,0.5895782824459482,5.288673390785362e-09,1.6665113151985512e-07,1.2146493633790353e-07,1.1000217601917808e-05,0.40697875694795954,4.260204866692857e-05,3.4037807052827473e-05,0.000489051810097556,4.759880097150005e-06,2.1710560900813248e-13,1.9594807406127633e-09,8.532788781995593e-05,0.0,0.0,0.0,0.0,0.0,0.0,0.0,0.0,0.0,0.0,0.0,0.0,-2.3730654054641068e-07,4.7461308100471415e-07,1.582043602507251e-07,1.3663214433238797e-16,-3.16408720634016e-07,0.0,-5.775820949233951e-15,6.106250465415384e-23,6.230567915125726e-19,-2.821325887969298e-21,-4.852424114715312e-17,9.873227791432938e-20,-9.990356566170447e-20,-5.828314543109074e-15,1.1575838324344305e-21,-3.444464045860801e-18,2.3723241084401064e-22,5.991889562180994e-23,1.747367626187728e-21,1.9898462775711687e-22,5.827691483012847e-15,3.1319977414757776e-07,2.3730654054641068e-07,4.396043799293076e-07,-4.746116072639481e-07,-4.0649841281922274e-07,1.3148759029012649e-10,1.220436142919336e-07,6.326408736208198e-08,6.785303581417597e-08,6.326408736208198e-08,1.58126359935612e-07,1.58126359935612e-07,-1.3663214433238797e-16,3.162527211201785e-07,-1.496170675368172e-16,2.7076739556536034e-19,-1.2705309242420646e-15,3.162527255629044e-07,1.0744262500011453e-13,4.823567414786946e-12,6.433549572713173e-11,-1.658605037909964e-11,-9.690657393298982e-20,3.160658052171791e-07,4.823567414786946e-12,6.433549572713173e-11,-1.523841210035395e-07,1.8691451803380363e-10,-1.5801744573269012e-07,-5.82023924718561e-09,-5.8202392470857066e-09,-1.710152108968144e-16,3.2106709913651467e-09,9.992904250621621e-21,-1.4737407660202105e-12,3.208946486438243e-09,1.7283408009499319e-12,4.805870339711006e-13,9.891468501480575e-13,2.4989983014172945e-21,1.7101540988144215e-16
6.173999999999999,548,101325.00000000004,2.771e-08,0.066,0.29999999999999993,0.6339999999999998,0.22000000000000003,548.0,1e-11,1e-22,IdealGasReactor,off,0.629988715418219,0.0,0.0,0.27823727062874004,0.03921210057890773,0.013067849614840688,1.0119692192381094e-11,0.03949406374917269,0.0,0.002775001121362431,3.426898597727862e-11,0.5897329936066071,5.28728851982918e-09,1.6678919935462218e-07,1.2145888653436928e-07,1.1003175450844214e-05,0.40682553188089376,4.257857640960209e-05,3.4000687524723276e-05,0.0004885686781990548,4.758152755722368e-06,2.168975235270996e-13,1.959881446046771e-09,8.526859105503425e-05,0.0,0.0,0.0,0.0,0.0,0.0,0.0,0.0,0.0,0.0,0.0,0.0,-2.3713427168397814e-07,4.7426854323111324e-07,1.580895143370765e-07,1.365805171775755e-16,-3.161790288210573e-07,0.0,-1.624798038167594e-17,-1.4371985310921172e-23,-1.0094048135732249e-17,-1.3379618624826454e-22,2.0556430838677801e-19,-2.4087499437544166e-21,2.4989126305226966e-21,-5.664311150358969e-18,-7.356621452568241e-22,1.8146274607102688e-19,-8.346305493087076e-21,1.8740810753154533e-23,-4.101960983719656e-23,5.306958892133839e-24,1.581561299794629e-17,3.1297460151129015e-07,2.3713427168397814e-07,4.392400023459338e-07,-4.7426707141840245e-07,-4.0620935092214874e-07,1.3130902473562047e-10,1.2200839477680358e-07,6.319440180984356e-08,6.779790123818158e-08,6.319440180984356e-08,1.5801161940993615e-07,1.5801161940993615e-07,-1.365805171775755e-16,3.160232400675547e-07,-1.4939840054889227e-16,2.704206432311477e-19,-1.2693529732792497e-15,3.160232386889561e-07,1.0736466184018383e-13,4.816147813492336e-12,6.42551166307948e-11,-1.6552252415697266e-11,-9.677440317578137e-20,3.158365218085459e-07,4.816147813492336e-12,6.42551166307948e-11,-1.5227171570969397e-07,1.8671686459456406e-10,-1.57902797472482e-07,-5.817798627382511e-09,-5.81779862738501e-09,-1.708928775016627e-16,3.206149598513474e-09,9.979830415043522e-21,-1.4718127107842714e-12,3.2044273097671272e-09,1.7259063549676863e-12,4.801692670129476e-13,9.878549497373899e-13,2.4957572935179307e-21,1.708928828086216e-16
6.182999999999999,548,101325.0,2.771e-08,0.066,0.29999999999999993,0.6339999999999998,0.22000000000000003,548.0,1e-11,1e-22,IdealGasReactor,off,0.6299839605970299,0.0,0.0,0.27821252822993137,0.03925708944920831,0.013082845926448967,1.0132661545672693e-11,0.0394635757872488,0.0,0.002774116529594644,3.4239440709378606e-11,0.5898876798061363,5.2859035512846405e-09,1.6692699416783365e-07,1.2145270300485236e-07,1.1006123689096528e-05,0.40667233147872084,4.2555107090455124e-05,3.396360229710962e-05,0.00048808595161123,4.75642542690205e-06,2.1668961249301096e-13,1.9602821665235002e-09,8.52093150946841e-05,0.0,0.0,0.0,0.0,0.0,0.0,0.0,0.0,0.0,0.0,0.0,0.0,-2.3696206664263239e-07,4.7392413316139054e-07,1.579747109861832e-07,1.3652889850231818e-16,-3.1594942208449544e-07,0.0,1.6548251030304914e-15,-4.434404352422449e-22,9.639114918701974e-18,6.059233155190244e-21,-1.2598185722309226e-17,1.0190865146653301e-20,-1.1877486415648924e-20,1.6177818128025803e-15,1.2084179786797746e-21,-1.470522018357096e-17,9.076017128007186e-21,1.5483787091226987e-23,1.0682910356025427e-22,9.592440188416842e-24,-1.6274835437191545e-15,3.127495086736919e-07,2.3696206664263239e-07,4.388757986001991e-07,-4.739226632746339e-07,-4.0592039329803365e-07,1.3113066621469145e-10,1.2197314321861835e-07,6.312476336318833e-08,6.77427896516979e-08,6.312476336318833e-08,1.578969213046026e-07,1.578969213046026e-07,-1.3652889850231818e-16,3.157938438556145e-07,-1.4918001537935647e-16,2.7007427345434885e-19,-1.268175713563382e-15,3.1579384085489437e-07,1.072867275038317e-13,4.808737786369418e-12,6.417482290468583e-11,-1.65185173437793e-11,-9.664239058350995e-20,3.156073231309678e-07,4.808737786369418e-12,6.417482290468583e-11,-1.5215935259247714e-07,1.8651935141012053e-10,-1.5778819163477138e-07,-5.815358393706046e-09,-5.8153583936941685e-09,-1.7077038859655585e-16,3.2016334856725685e-09,9.966770827565253e-21,-1.4698867566768018e-12,3.1999134108035547e-09,1.7234747526662316e-12,4.797516746182513e-13,9.865644350383476e-13,2.4925197099404972e-21,1.7077039818899603e-16
6.191999999999999,548,101324.99999999999,2.771e-08,0.066,0.29999999999999993,0.6339999999999998,0.22000000000000003,548.0,1e-11,1e-22,IdealGasReactor,off,0.6299792093016756,0.0,0.0,0.278187804178314,0.039302044958983984,0.013097831117866358,1.0145625827355135e-11,0.03943311043301448,0.0,0.0027732317815547017,3.4209916799026726e-11,0.5900423410264072,5.2845184862839345e-09,1.6706451617108029e-07,1.214463859701555e-07,1.1009062324666384e-05,0.40651915575878794,4.2531640726203894e-05,3.392655135812611e-05,0.0004876036302308773,4.754698111555302e-06,2.1648187584281836e-13,1.960682901742489e-09,8.51500599688395e-05,0.0,0.0,0.0,0.0,0.0,0.0,0.0,0.0,0.0,0.0,0.0,0.0,-2.367899255495001e-07,4.7357985093410626e-07,1.5785995025464983e-07,1.3647728831234914e-16,-3.1571990063950705e-07,0.0,-3.6648806470295573e-16,1.0768589878235572e-22,4.062521209987176e-18,-2.1996051729636036e-21,2.844003117656959e-17,-4.026053477418096e-20,4.002478829960335e-20,-3.4438042206155723e-16,1.282394299901976e-21,-2.191387552838188e-18,3.2540998531119843e-21,1.1889170341801236e-21,-9.854791432622165e-22,5.311865574916839e-23,3.40297625829425e-16,3.125244958525992e-07,2.367899255495001e-07,4.3851176893444694e-07,-4.7357838297120347e-07,-4.056315401614975e-07,1.3095251461089758e-10,1.219378596767076e-07,6.305517205728418e-08,6.768770109423414e-08,6.305517205728418e-08,1.5778226570436296e-07,1.5778226570436296e-07,-1.3647728831234914e-16,3.155645326538643e-07,-1.4896191177887294e-16,2.697282860187993e-19,-1.2669991454206098e-15,3.1556453161663e-07,1.0720882204864446e-13,4.801337326701157e-12,6.409461451063421e-11,-1.648484506924487e-11,-9.651053603184545e-20,3.1537820929780304e-07,4.801337326701157e-12,6.409461451063421e-11,-1.5204703170814812e-07,1.8632197852933676e-10,-1.5767362827612026e-07,-5.812918546501705e-09,-5.81291854654173e-09,-1.7064790300017144e-16,3.197122650200693e-09,9.953725482006396e-21,-1.4679629027865554e-12,3.195404786907816e-09,1.7210459926219227e-12,4.793342571339121e-13,9.852753055234215e-13,2.4892855495264883e-21,1.706479561188272e-16
6.200999999999999,548,101325.00000000004,2.771e-08,0.066,0.29999999999999993,0.6339999999999998,0.22000000000000003,548.0,1e-11,1e-22,IdealGasReactor,off,0.6299744615307135,0.0,0.0,0.2781630984663807,0.03934696712188501,0.013112805193642664,1.0158585038548818e-11,0.03940266767721919,0.0,0.0027723468776417594,3.418041423993777e-11,0.5901969771564166,5.283133325123864e-09,1.6720176554982977e-07,1.2143993563389718e-07,1.1011991365740032e-05,0.40636600483184265,4.250817732682836e-05,3.3889534690500975e-05,0.00048712171387695736,4.7529708107393495e-06,2.1627431350724003e-13,1.9610836518564505e-09,8.509082571342411e-05,0.0,0.0,0.0,0.0,0.0,0.0,0.0,0.0,0.0,0.0,0.0,0.0,-2.3661784845626315e-07,4.7323569700841853e-07,1.5774523221162285e-07,1.3642568664481223e-16,-3.154904644672516e-07,0.0,3.1362815064274427e-14,1.8275555772109379e-22,4.2006824860971e-17,-5.748126364067682e-22,-2.3206616936135216e-16,-1.377222632676289e-18,1.43998496165375e-18,3.103663679543267e-14,5.047440547772411e-22,-5.032692847342155e-17,2.7852640197261934e-20,1.0493820046000847e-20,2.2937891476722686e-21,-7.772804933966834e-22,-3.107889559425317e-14,3.122995630328333e-07,2.3661784845626315e-07,4.3814791345188365e-07,-4.732342309672708e-07,-4.0534279159855384e-07,1.3077456976614319e-10,1.219025441719534e-07,6.2985627907227e-08,6.76326355838252e-08,6.2985627907227e-08,1.576676526439113e-07,1.576676526439113e-07,-1.3642568664481223e-16,3.1533530653168664e-07,-1.4874408951318677e-16,2.6938268065525452e-19,-1.2658232692665537e-15,3.153352741147586e-07,1.0713094549819578e-13,4.7939464262411115e-12,6.401449139007069e-11,-1.6451235492640207e-11,-9.637883940325061e-20,3.151491804476327e-07,4.7939464262411115e-12,6.401449139007069e-11,-1.5193475312415358e-07,1.861247460214623e-10,-1.5755910746566415e-07,-5.810479087469266e-09,-5.810479088909251e-09,-1.7052633391990575e-16,3.192617088436468e-09,9.940694369009135e-21,-1.4660411477338682e-12,3.1909014344183168e-09,1.7186200728613797e-12,4.789170147542321e-13,9.839875603502593e-13,2.486054810309719e-21,1.7052555663941235e-16
6.209999999999999,548,101324.99999999999,2.771e-08,0.066,0.29999999999999993,0.6339999999999998,0.22000000000000003,548.0,1e-11,1e-22,IdealGasReactor,off,0.6299697172826996,0.0,0.0,0.2781384110866168,0.03939185595157555,0.013127768158333145,1.0171539180376128e-11,0.039372247510603114,0.0,0.0027714618189369528,3.415093303423417e-11,0.590351588229256,5.281748069393711e-09,1.6733874253039404e-07,1.2143335222643883e-07,1.1014910820226934e-05,0.40621287866372685,4.248471691270977e-05,3.3852552285251264e-05,0.00048664020248780863,4.7512435252135105e-06,2.1606692542620688e-13,1.9614844163153045e-09,8.503161235489333e-05,0.0,0.0,0.0,0.0,0.0,0.0,0.0,0.0,0.0,0.0,0.0,0.0,-2.3644583553088056e-07,4.7289167092028824e-07,1.576305569066213e-07,1.3637409348811818e-16,-3.152611139504164e-07,0.0,-2.165197480714246e-15,-2.244353085367038e-22,-6.379974382605528e-19,3.3547493525861047e-21,5.0946384799385996e-18,8.012402285433647e-20,-7.988910356037141e-20,-2.1592196656301875e-15,1.6205538526390016e-21,1.591222011962e-19,-6.633857246220653e-22,1.9986751550812531e-22,2.0364423400444286e-22,3.9767503011810894e-23,2.1598582408171217e-15,3.1207471059917745e-07,2.3644583553088056e-07,4.377842324697879e-07,-4.728902067987974e-07,-4.0505414789343113e-07,1.3059683158629647e-10,1.21867196784902e-07,6.291613095885825e-08,6.757759317156407e-08,6.291613095885825e-08,1.5755308223507508e-07,1.5755308223507508e-07,-1.3637409348811818e-16,3.151061657127461e-07,-1.485265483244172e-16,2.690374571757492e-19,-1.2646480853741888e-15,3.151061664929955e-07,1.070530979284693e-13,4.786565079090215e-12,6.393445351576209e-11,-1.641768852299394e-11,-9.624730056944765e-20,3.149202366792141e-07,4.786565079090215e-12,6.393445351576209e-11,-1.5182251689040677e-07,1.8592765392316384e-10,-1.5744462925269838e-07,-5.808040016214551e-09,-5.808040016134662e-09,-1.704031601092517e-16,3.188116798283381e-09,9.927677484089995e-21,-1.4641214908574634e-12,3.186403351238939e-09,1.7161969922532373e-12,4.784999479081176e-13,9.827011991590557e-13,2.482827491561479e-21,1.7040319987675472e-16
6.218999999999999,548,101325.00000000004,2.771e-08,0.066,0.29999999999999993,0.6339999999999998,0.22000000000000003,548.0,1e-11,1e-22,IdealGasReactor,off,0.6299649765561879,0.0,0.0,0.27811374203149775,0.03943671146173736,0.013142720016498122,1.018448825396058e-11,0.03934184992389438,0.0,0.0027705766056497568,3.4121473173242185e-11,0.5905061740939698,5.280362719030747e-09,1.6747544728737574e-07,1.2142663594399524e-07,1.1017820696403243e-05,0.406059777405366,4.246125949091721e-05,3.381560412273506e-05,0.0004861590958484363,4.7495162561169716e-06,2.158597115275733e-13,1.961885195467625e-09,8.497241993167212e-05,0.0,0.0,0.0,0.0,0.0,0.0,0.0,0.0,0.0,0.0,0.0,0.0,-2.3627388679234522e-07,4.7254777344524356e-07,1.575159244139182e-07,1.363225088929237e-16,-3.150318489670402e-07,0.0,-1.9902335949504147e-15,1.2853859080608216e-22,-1.4018428272561822e-18,-2.8321640848632965e-22,3.114222509698842e-18,-3.9731139182147025e-20,4.039701957525221e-20,-1.9842676838225516e-15,8.1571580040575035e-22,1.4685750907204461e-18,-1.970679251483203e-21,1.678142667716955e-22,-2.6768520555972313e-22,-6.328848899535543e-23,1.985680373194009e-15,3.1184993843377893e-07,2.3627388679234522e-07,4.3742072603086895e-07,-4.72546311241313e-07,-4.047656090764449e-07,1.304192998951576e-10,1.218318175199722e-07,6.284668121847948e-08,6.752257386616808e-08,6.284668121847948e-08,1.5743855449086222e-07,1.5743855449086222e-07,-1.363225088929237e-16,3.1487711022305164e-07,-1.4830928798466662e-16,2.686926152878937e-19,-1.2634735941955833e-15,3.1487711082966996e-07,1.0697527934830343e-13,4.779193276337485e-12,6.385450082028282e-11,-1.6384204058700555e-11,-9.611591941573073e-20,3.1469137814167763e-07,4.779193276337485e-12,6.385450082028282e-11,-1.5171032307890338e-07,1.857307023119537e-10,-1.5733019371160692e-07,-5.805601335014815e-09,-5.805601335055212e-09,-1.7028094913683067e-16,3.183621775630332e-09,9.914674816506503e-21,-1.4622039305736294e-12,3.181910533261306e-09,1.713776748583766e-12,4.780830567234463e-13,9.814162209700384e-13,2.4796035909628384e-21,1.7028088584834167e-16
6.227999999999999,548,101324.99999999999,2.771e-08,0.066,0.29999999999999993,0.6339999999999998,0.22000000000000003,548.0,1e-11,1e-22,IdealGasReactor,off,0.6299602393497304,0.0,0.0,0.2780890912934906,0.039481533666067346,0.01315766077270322,1.019743226042736e-11,0.03931147490781091,0.0,0.0027696912385527287,3.409203465522389e-11,0.5906607347186479,5.2789772750394485e-09,1.6761188002918502e-07,1.2141978700488262e-07,1.1020721002319595e-05,0.405906701087971,4.2437805077106306e-05,3.377869019014727e-05,0.00048567839384230433,4.747789004342542e-06,2.1565267174675027e-13,1.9622859890813646e-09,8.491324847434344e-05,0.0,0.0,0.0,0.0,0.0,0.0,0.0,0.0,0.0,0.0,0.0,0.0,-2.361020023556093e-07,4.722040046617798e-07,1.5740133479158915e-07,1.3627093286962368e-16,-3.148026697164011e-07,0.0,2.0509480704038363e-15,-2.464206595112861e-22,2.7945886134121403e-18,-5.333489344906176e-22,-8.68180183573688e-17,-2.2123441791098257e-19,2.210648458854092e-19,1.9608465478515903e-15,1.2467665646318088e-21,-2.4155934860352612e-19,2.6598352064779896e-21,-1.983449861931449e-21,-1.260516358490118e-22,6.838305847793783e-23,-1.963654685694847e-15,3.11625246738733e-07,2.361020023556093e-07,4.3705739435450033e-07,-4.722025443733139e-07,-4.0447717534148875e-07,1.3024197456929387e-10,1.2179640643086399e-07,6.277727871775286e-08,6.746757770363554e-08,6.277727871775286e-08,1.5732406948793822e-07,1.5732406948793822e-07,-1.3627093286962368e-16,3.146481402159352e-07,-1.4809230824649886e-16,2.6834815476630983e-19,-1.2622997960646239e-15,3.1464813687875903e-07,1.0689748980979029e-13,4.771831011008104e-12,6.377463326205703e-11,-1.6350782005167694e-11,-9.59846958184977e-20,3.144626049511754e-07,4.771831011008104e-12,6.377463326205703e-11,-1.5159817174716931e-07,1.8553389123834057e-10,-1.5721580090035064e-07,-5.803163044419846e-09,-5.803163044640911e-09,-1.7015854625850752e-16,3.179132017660697e-09,9.901686359536502e-21,-1.460288465891203e-12,3.177422977668096e-09,1.7113593403336858e-12,4.776663415216714e-13,9.801326252014028e-13,2.4763831072153364e-21,1.70158614641566e-16
6.236999999999999,548,101324.99999999999,2.771e-08,0.066,0.29999999999999993,0.6339999999999998,0.22000000000000003,548.0,1e-11,1e-22,IdealGasReactor,off,0.6299555056618783,0.0,0.0,0.2780644588650539,0.03952632257827803,0.013172590431519304,1.0210371200903228e-11,0.03928112245306001,0.0,0.0027688057183290543,3.4062617477311733e-11,0.5908152700525826,5.277591738254687e-09,1.6774804095900976e-07,1.2141280562393359e-07,1.1023611746069626e-05,0.4057536497616577,4.2414353685560275e-05,3.374181047356266e-05,0.00048519809633684497,4.7460617708213935e-06,2.1544580601778894e-13,1.9626867970164813e-09,8.48540980146602e-05,0.0,0.0,0.0,0.0,0.0,0.0,0.0,0.0,0.0,0.0,0.0,0.0,-2.3593018232019004e-07,4.718603645037595e-07,1.5728678810009867e-07,1.3621936543497027e-16,-3.1457357633652486e-07,0.0,9.266999337950472e-16,-2.1274578657542678e-23,3.060876710322066e-19,3.914011336169344e-21,4.004348258144705e-19,-1.3446648037662018e-20,1.3576515393832843e-20,9.271956887787492e-16,5.289268698167171e-22,4.1649976140818496e-19,4.559532223594878e-22,-3.3040695592665e-22,-1.6551798369142406e-22,6.097266040704296e-23,-9.275048588547255e-16,3.114006356550944e-07,2.3593018232019004e-07,4.366942376314738e-07,-4.7185890612866377e-07,-4.0418884685615763e-07,1.300648554767028e-10,1.2176096356352154e-07,6.270792348418124e-08,6.74126047155613e-08,6.270792348418124e-08,1.5720962729273095e-07,1.5720962729273095e-07,-1.3621936543497027e-16,3.1441925582425335e-07,-1.4787560886547366e-16,2.6800407537466264e-19,-1.2611266913322477e-15,3.144192535220469e-07,1.0681972935806569e-13,4.7644782758128505e-12,6.369485079531876e-11,-1.631742226678956e-11,-9.585362965547886e-20,3.142339172287951e-07,4.7644782758128505e-12,6.369485079531876e-11,-1.514860629548478e-07,1.8533722075669063e-10,-1.571014508793421e-07,-5.800725145250875e-09,-5.8007251452644516e-09,-1.7003632535991914e-16,3.1746475213433696e-09,9.88871210580261e-21,-1.4583750957223305e-12,3.1729406814304308e-09,1.708944765869955e-12,4.772498025928617e-13,9.788504112063384e-13,2.473166038853664e-21,1.7003638633257955e-16
6.245999999999999,548,101324.99999999997,2.771e-08,0.066,0.29999999999999993,0.6339999999999998,0.22000000000000003,548.0,1e-11,1e-22,IdealGasReactor,off,0.6299507754911806,0.0,0.0,0.2780398447386377,0.039571078212097585,0.013187508997522458,1.0223305076516486e-11,0.03925079255033845,0.0,0.0027679200455924353,3.403322163575855e-11,0.590969780030464,5.276206109379843e-09,1.6788393027625427e-07,1.2140569201329759e-07,1.1026492935783897e-05,0.40560062349122683,4.2390905329493446e-05,3.3704964958179924e-05,0.0004847182031869399,4.74433455651465e-06,2.1523911427364345e-13,1.963087619204662e-09,8.479496858527201e-05,0.0,0.0,0.0,0.0,0.0,0.0,0.0,0.0,0.0,0.0,0.0,0.0,-2.3575842677359363e-07,4.715168533413281e-07,1.57172284401834e-07,1.3616780661065515e-16,-3.143445689409863e-07,0.0,3.842741925621938e-15,9.520421709020603e-22,-8.822738973894515e-19,1.590005218333583e-21,6.968413002119041e-17,-1.3211066999206916e-19,1.105237375462728e-19,3.913470311609473e-15,-2.674272295054846e-22,3.1057202836895145e-19,-3.1204356652281195e-21,-1.2687141138973485e-21,4.1138327157133065e-21,-8.545228515096926e-23,-3.912586369061955e-15,3.111761052996317e-07,2.3575842677359363e-07,4.3633125603032187e-07,-4.715153968775092e-07,-4.0390062376757903e-07,1.298879424787218e-10,1.217254889578772e-07,6.263861554201784e-08,6.735765493011594e-08,6.263861554201784e-08,1.5709522796369574e-07,1.5709522796369574e-07,-1.3616780661065515e-16,3.1419045716491223e-07,-1.4765918959944697e-16,2.676603768680703e-19,-1.2599542803623042e-15,3.141904518777494e-07,1.0674199803284842e-13,4.757135063217645e-12,6.361515337104309e-11,-1.628412474719557e-11,-9.5722720805415e-20,3.140053150994115e-07,4.757135063217645e-12,6.361515337104309e-11,-1.5137399676329072e-07,1.8514069092429745e-10,-1.569871437108881e-07,-5.798287638543258e-09,-5.798287638653782e-09,-1.6991428644106551e-16,3.170168283483526e-09,9.875752047417072e-21,-1.4564638189040933e-12,3.1684636413546262e-09,1.706533023470821e-12,4.768334402026212e-13,9.775695782873093e-13,2.469952384282197e-21,1.6991420098878036e-16
6.254999999999999,548,101325.00000000006,2.771e-08,0.066,0.29999999999999993,0.6339999999999998,0.22000000000000003,548.0,1e-11,1e-22,IdealGasReactor,off,0.6299460488361844,0.0,0.0,0.27801524890668317,0.03961580058126986,0.013202416475293938,1.0236233888396938e-11,0.03922048519033225,0.0,0.0027670342209886157,3.400384712719247e-11,0.5911242645938017,5.274820389178979e-09,1.6801954818245502e-07,1.213984463863729e-07,1.102936457958387e-05,0.40544762233462217,4.2367460022602005e-05,3.3668153629561516e-05,0.0004842387142527647,4.74260736236898e-06,2.1503259644759012e-13,1.9634884555444698e-09,8.473586021832818e-05,0.0,0.0,0.0,0.0,0.0,0.0,0.0,0.0,0.0,0.0,0.0,0.0,-2.355867358086243e-07,4.711734715048951e-07,1.5705782375804049e-07,1.3611625641606337e-16,-3.141156476126373e-07,0.0,9.774469626901339e-15,-6.69197725490258e-23,-1.8703279132761513e-18,3.2917049389316304e-22,-2.3773938428382465e-17,2.0614664353801535e-19,-2.0380654958510283e-19,9.711349412441593e-15,-1.2128186360841064e-21,-4.144234109360863e-17,-2.7943431347425298e-21,4.901820611200957e-22,1.4359157594005255e-21,-8.29616614042274e-23,-9.709469419118698e-15,3.1095165575832206e-07,2.355867358086243e-07,4.359684497292108e-07,-4.711720169502608e-07,-4.036125062319198e-07,1.2971123543955218e-10,1.216899826567181e-07,6.256935491685443e-08,6.730272837696717e-08,6.256935491685443e-08,1.5698087156280056e-07,1.5698087156280056e-07,-1.3611625641606337e-16,3.1396174436185905e-07,-1.4744305020510234e-16,2.6731705900524013e-19,-1.2587825635106604e-15,3.1396173327813415e-07,1.0666429587624394e-13,4.749801365793321e-12,6.353554094161114e-11,-1.625088935049746e-11,-9.559196914648713e-20,3.13776798685807e-07,4.749801365793321e-12,6.353554094161114e-11,-1.5126197323281093e-07,1.8494430179659135e-10,-1.568728794562462e-07,-5.7958505252295486e-09,-5.795850525025742e-09,-1.6979214164309348e-16,3.1656943009574684e-09,9.862806176708256e-21,-1.4545546343054266e-12,3.1639918543151983e-09,1.70412411145139e-12,4.76417254627052e-13,9.762901257679988e-13,2.4667421419596568e-21,1.6979205868143208e-16
6.263999999999999,548,101324.99999999999,2.771e-08,0.066,0.29999999999999993,0.6339999999999998,0.22000000000000003,548.0,1e-11,1e-22,IdealGasReactor,off,0.6299413256954361,0.0,0.0,0.27799067136162336,0.039660489699554366,0.01321731286942023,1.0249157637675957e-11,0.03919020036371698,0.0,0.002766148245089849,3.3974493947300404e-11,0.5912787236687713,5.27343457827632e-09,1.681548948746874e-07,1.2139106895373407e-07,1.1032226685631484e-05,0.4052946463652089,4.2344017777450464e-05,3.363137647233769e-05,0.00048375962938116513,4.740880189361953e-06,2.1482625247167137e-13,1.963889306010515e-09,8.46767729469018e-05,0.0,0.0,0.0,0.0,0.0,0.0,0.0,0.0,0.0,0.0,0.0,0.0,-2.3541510950540915e-07,4.708302188575788e-07,1.569434062320888e-07,1.3606471487576597e-16,-3.1388681256057423e-07,0.0,3.795560514591953e-15,-2.7187504246446447e-21,1.6851484061404663e-17,3.6222534670090807e-20,1.724972009171542e-17,-1.0172336300932113e-19,7.009693946896867e-20,3.7729975371474845e-15,3.835140111261501e-21,-2.26617865754585e-17,1.324191578734535e-20,2.698521652089399e-21,-3.1170049226852082e-21,2.5493163440842225e-23,-3.789957075973064e-15,3.1072728724356076e-07,2.3541510950540915e-07,4.356058188828107e-07,-4.708287662100381e-07,-4.0332449438372587e-07,1.2953473421633184e-10,1.2165444469648974e-07,6.250014163085401e-08,6.724782508215683e-08,6.250014163085401e-08,1.5686655814360208e-07,1.5686655814360208e-07,-1.3606471487576597e-16,3.137331175222021e-07,-1.4722719044145637e-16,2.669741215357637e-19,-1.257611541146438e-15,3.1373311237814505e-07,1.0658662292464249e-13,4.7424771758519175e-12,6.345601345594975e-11,-1.6217715979991357e-11,-9.546137455789463e-20,3.135483681146701e-07,4.7424771758519175e-12,6.345601345594975e-11,-1.5114999242561693e-07,1.8474805343201693e-10,-1.5675865817862515e-07,-5.793413806471863e-09,-5.79341380654196e-09,-1.696699339793949e-16,3.1612255704651027e-09,9.849874485464296e-21,-1.4526475407153836e-12,3.159525317013458e-09,1.7017180280329997e-12,4.76001246116431e-13,9.750120529185057e-13,2.4635353102070887e-21,1.6966995947255834e-16
6.272999999999999,548,101324.99999999997,2.771e-08,0.066,0.29999999999999993,0.6339999999999998,0.22000000000000003,548.0,1e-11,1e-22,IdealGasReactor,off,0.629936606067479,0.0,0.0,0.2779661120958823,0.03970514558072587,0.013232198184492986,1.0262076325486467e-11,0.039159938061157716,0.0,0.00276526211877247,3.394516209550487e-11,0.5914331572458682,5.2720486778726885e-09,1.6828997056848098e-07,1.213835599378406e-07,1.1035079261961634e-05,0.4051416955916719,4.232057861123894e-05,3.359463347481613e-05,0.0004832809484719612,4.739153038337807e-06,2.1462008228199735e-13,1.964290170261952e-09,8.461770679981761e-05,0.0,0.0,0.0,0.0,0.0,0.0,0.0,0.0,0.0,0.0,0.0,0.0,-2.352435479956698e-07,4.7048709477823886e-07,1.5682903187812328e-07,1.3601318199258096e-16,-3.1365806388540384e-07,0.0,7.407993501912983e-15,-4.133133053768801e-21,-1.0939472829386413e-17,1.5815387243107295e-20,1.0769715286708273e-15,2.8005026818595305e-19,-2.018560577007028e-19,8.478399301015283e-15,-4.3959042258148463e-20,-1.8072706705904038e-17,5.661326378978497e-20,5.639769115174827e-21,2.8306809740354167e-20,-2.2977783557881244e-21,-8.467383262358134e-15,3.105029998585638e-07,2.352435479956698e-07,4.3524336374068584e-07,-4.704856440357016e-07,-4.0303658844555135e-07,1.2935843869449045e-10,1.21618875140256e-07,6.243097571977691e-08,6.719294508639712e-08,6.243097571977691e-08,1.5675228779388005e-07,1.5675228779388005e-07,-1.3601318199258096e-16,3.1350457682146295e-07,-1.470116100570963e-16,2.666315642451729e-19,-1.2564412135747744e-15,3.1350456697332163e-07,1.0650897923768792e-13,4.735162486742688e-12,6.337657087685057e-11,-1.618460454277191e-11,-9.533093691407485e-20,3.1332002349483054e-07,4.735162486742688e-12,6.337657087685057e-11,-1.5103805439564056e-07,1.8455194587435263e-10,-1.5664447993232713e-07,-5.790977482482721e-09,-5.790977482280865e-09,-1.6955020124008907e-16,3.1567620893934915e-09,9.836956967628203e-21,-1.4507425372405739e-12,3.1550640268400162e-09,1.699314771808752e-12,4.755854150250211e-13,9.73735359222077e-13,2.4603318878917416e-21,1.6954790346173329e-16
6.281999999999999,548,101324.99999999997,2.771e-08,0.066,0.29999999999999993,0.6339999999999998,0.22000000000000003,548.0,1e-11,1e-22,IdealGasReactor,off,0.6299318899508562,0.0,0.0,0.2779415711018761,0.03974976823857391,0.013247072425109113,1.0274989952963118e-11,0.03912969827330962,0.0,0.0027643758423441947,3.39158515642056e-11,0.5915875651953393,5.2706626880934304e-09,1.6842477544679853e-07,1.2137591953900522e-07,1.1037922316867831e-05,0.4049887701436203,4.22971425324749e-05,3.3557924618361683e-05,0.00048280267132526486,4.737425910389916e-06,2.1441408580690217e-13,1.9646910485478105e-09,8.4558661813706e-05,0.0,0.0,0.0,0.0,0.0,0.0,0.0,0.0,0.0,0.0,0.0,0.0,-2.350720513141872e-07,4.701441024925378e-07,1.5671470076722773e-07,1.3596165780999487e-16,-3.13429401661384e-07,0.0,3.4712432739154466e-16,-4.636518239816882e-23,8.731348587960944e-18,1.6668552412252037e-22,-7.591532789766667e-20,1.1673172804348327e-20,-1.1771607297242137e-20,3.379778257447151e-16,4.417441335169021e-22,-2.599947828941678e-19,7.328526190361457e-21,9.042118070970284e-23,-7.203149100868985e-24,-1.8595365263311508e-24,-3.467585401630603e-16,3.1027879368150223e-07,2.350720513141872e-07,4.3488108437377775e-07,-4.7014265365291543e-07,-4.0274878847473616e-07,1.2918234870626878e-10,1.215832740014318e-07,6.236185719363948e-08,6.713808840283879e-08,6.236185719363948e-08,1.5663806053716575e-07,1.5663806053716575e-07,-1.3596165780999487e-16,3.1327612230679996e-07,-1.467963088199878e-16,2.662893868514309e-19,-1.2552715812168196e-15,3.13276120600392e-07,1.0643136483136909e-13,4.727857289863044e-12,6.32972131410675e-11,-1.6151554939110043e-11,-9.520065609827968e-20,3.1309176496795664e-07,4.727857289863044e-12,6.32972131410675e-11,-1.509261592119784e-07,1.8435597919390438e-10,-1.5653034478803373e-07,-5.788541555249335e-09,-5.788541555237564e-09,-1.694258925376346e-16,3.152303853823863e-09,9.824053613081232e-21,-1.4488396223903804e-12,3.1506079798817428e-09,1.6969143406694174e-12,4.751697615110898e-13,9.724600437598505e-13,2.4571318728505498e-21,1.6942589067809808e-16
6.2909999999999995,548,101324.99999999999,2.771e-08,0.066,0.29999999999999993,0.6339999999999998,0.22000000000000003,548.0,1e-11,1e-22,IdealGasReactor,off,0.6299271773441085,0.0,0.0,0.2779170483720113,0.03979435768690639,0.013261935595870421,1.0287898521241472e-11,0.03909948099081541,0.0,0.0027634894167219326,3.388656235326408e-11,0.5917419475165079,5.269276610213896e-09,1.6855930972704952e-07,1.2136814798130078e-07,1.1040755858378667e-05,0.4048358700208639,4.227370955896391e-05,3.352124989170981e-05,0.0004823247978470741,4.735698806342984e-06,2.1420826298263622e-13,1.9650919404848894e-09,8.449963801668644e-05,0.0,0.0,0.0,0.0,0.0,0.0,0.0,0.0,0.0,0.0,0.0,0.0,-2.3490061959923956e-07,4.6980123911378663e-07,1.5660041295200915e-07,1.359101423278408e-16,-3.13200826042437e-07,0.0,6.787712229205086e-16,2.163325596504482e-22,-1.7705447242995997e-18,1.02373838568463e-21,-5.1227017402723186e-17,-2.4669834588781497e-20,2.4363777762136877e-20,6.300385976062605e-16,1.4832691339880834e-21,7.303356829155573e-19,-2.856748015066617e-21,1.4612145520749234e-21,-5.500157179298619e-22,1.432667102569922e-24,-6.282593160044864e-16,3.1005466886882636e-07,2.3490061959923956e-07,4.3451898104341543e-07,-4.697997921749913e-07,-4.024610947049104e-07,1.2900646414048844e-10,1.215476413467648e-07,6.229278608980851e-08,6.70832550740115e-08,6.229278608980851e-08,1.5652387646553344e-07,1.5652387646553344e-07,-1.359101423278408e-16,3.130477541622741e-07,-1.4658128647711046e-16,2.659475891441127e-19,-1.2541026443662636e-15,3.130477521651187e-07,1.0635377976824783e-13,4.720561578687407e-12,6.321794021304765e-11,-1.6118567076751305e-11,-9.507053198412129e-20,3.1286359263994627e-07,4.720561578687407e-12,6.321794021304765e-11,-1.5081430692715677e-07,1.841601534317519e-10,-1.5641625279857708e-07,-5.786106024852369e-09,-5.786106024876733e-09,-1.6930391979322999e-16,3.1478508612369036e-09,9.81116441602363e-21,-1.4469387953083124e-12,3.146157173610631e-09,1.6945167332517584e-12,4.747542859417436e-13,9.71186106040108e-13,2.4539352640141203e-21,1.693039212258971e-16
6.299999999999999,548,101324.99999999997,2.771e-08,0.066,0.29999999999999993,0.6339999999999998,0.22000000000000003,548.0,1e-11,1e-22,IdealGasReactor,off,0.6299224682457752,0.0,0.0,0.2778925438986869,0.03983891393954368,0.013276787701384126,1.0300802031459248e-11,0.0390692862043093,0.0,0.0027626028423509965,3.385729445672481e-11,0.5918963041088608,5.267890444618556e-09,1.686935735999898e-07,1.2136024547039592e-07,1.1043579894735862e-05,0.40468299532360935,4.225027970130339e-05,3.3484609277843414e-05,0.00048184732786082235,4.733971727229177e-06,2.1400261373906503e-13,1.9654928461799282e-09,8.444063544336519e-05,0.0,0.0,0.0,0.0,0.0,0.0,0.0,0.0,0.0,0.0,0.0,0.0,-2.347292529087213e-07,4.6945850576245263e-07,1.564861684990579e-07,1.3585863557971672e-16,-3.1297233711017266e-07,0.0,1.0991641914171258e-15,-1.02355742932885e-21,1.2799884489983135e-17,7.272340331542034e-21,-8.079905517373895e-17,6.590975120822525e-20,-6.573356173775145e-20,9.945595110072794e-16,3.335421037341645e-21,-1.0936559116841782e-17,8.374242023857956e-21,-7.429374370433303e-22,-1.1677287712519049e-21,2.824985123546863e-23,-1.007435121836703e-15,3.098306255057545e-07,2.347292529087213e-07,4.341570538628331e-07,-4.69457060722398e-07,-4.0217350723280353e-07,1.2883078484193945e-10,1.215119772018259e-07,6.2223762424304e-08,6.702844511960674e-08,6.2223762424304e-08,1.5640973561780688e-07,1.5640973561780688e-07,-1.3585863557971672e-16,3.1281947246556076e-07,-1.4636654279154453e-16,2.656061708569196e-19,-1.2529344034130933e-15,3.1281947010519673e-07,1.0627622407470382e-13,4.713275345074285e-12,6.313875203568751e-11,-1.6085640857817747e-11,-9.494056445255378e-20,3.1263550664398086e-07,4.713275345074285e-12,6.313875203568751e-11,-1.5070249760621494e-07,1.839644686509888e-10,-1.563022040304071e-07,-5.7836708928429745e-09,-5.783670892777241e-09,-1.6918196690116007e-16,3.143403108020573e-09,9.798289367291368e-21,-1.4450400546435836e-12,3.1417116044181755e-09,1.692121947610644e-12,4.743389885215666e-13,9.699135452380503e-13,2.450742059459712e-21,1.691819951510113e-16
6.308999999999999,548,101325.0,2.771e-08,0.066,0.29999999999999993,0.6339999999999998,0.22000000000000003,548.0,1e-11,1e-22,IdealGasReactor,off,0.6299177626543937,0.0,0.0,0.2778680576742932,0.039883437010322514,0.013291628746262486,1.0313700484755493e-11,0.03903911390441444,0.0,0.002761716120055443,3.3828047873266074e-11,0.5920506349523698,5.2665041924096386e-09,1.6882756727920612e-07,1.2135221222684335e-07,1.1046394434027189e-05,0.4045301460711287,4.222685297585588e-05,3.344800276430562e-05,0.0004813702612556722,4.732244673912032e-06,2.1379713801097426e-13,1.9658937653450185e-09,8.438165412299038e-05,0.0,0.0,0.0,0.0,0.0,0.0,0.0,0.0,0.0,0.0,0.0,0.0,-2.3455795136475413e-07,4.691159025663623e-07,1.5637196746364106e-07,1.358071375720006e-16,-3.1274393506154977e-07,0.0,1.424691219308257e-17,1.2336809737809684e-22,6.184315563165479e-19,6.232953800898329e-22,2.7340635350592713e-17,3.102258169318875e-20,-3.13369103259589e-20,4.0077774180921047e-17,-4.0246577716931265e-22,-9.192640785388315e-19,1.2009755745991065e-21,3.752298053693672e-22,-7.491018250249974e-24,-2.719446884164566e-23,-4.06985873185619e-17,3.0960666379199666e-07,2.3455795136475413e-07,4.337953030633574e-07,-4.6911445942296286e-07,-4.0188602626464067e-07,1.2865531069050382e-10,1.2147628162536091e-07,6.215478623005105e-08,6.697365857755904e-08,6.215478623005105e-08,1.5629563807541158e-07,1.5629563807541158e-07,-1.358071375720006e-16,3.125912773795091e-07,-1.461520775132148e-16,2.652651317680407e-19,-1.2517668586666389e-15,3.125912759749383e-07,1.0619869780606334e-13,4.7059985821682045e-12,6.305964856908981e-11,-1.6052776189104783e-11,-9.48107533784986e-20,3.124075070907406e-07,4.7059985821682045e-12,6.305964856908981e-11,-1.5059073130404722e-07,1.8376892489627214e-10,-1.5618819853874448e-07,-5.7812361595938415e-09,-5.781236159562505e-09,-1.6906013974054326e-16,3.1389605914189705e-09,9.785428460394622e-21,-1.4431433994393143e-12,3.1372712695531177e-09,1.689729982262401e-12,4.739238695845114e-13,9.686423607935673e-13,2.4475522579430155e-21,1.6906011254607442e-16
6.317999999999999,548,101325.0,2.771e-08,0.066,0.29999999999999993,0.6339999999999998,0.22000000000000003,548.0,1e-11,1e-22,IdealGasReactor,off,0.6299130605685,0.0,0.0,0.2778435896912119,0.03992792691309497,0.013306458735122876,1.0326593882270784e-11,0.03900896408174358,0.0,0.0027608292503245213,3.3798822597428135e-11,0.5922049399559388,5.265117854054e-09,1.6896129095817552e-07,1.213440484580548e-07,1.104919948448746e-05,0.4043773223541603,4.220342939387601e-05,3.341143033455894e-05,0.0004808935978620395,4.730517647403592e-06,2.1359183572853254e-13,1.9662946980415602e-09,8.432269408944135e-05,0.0,0.0,0.0,0.0,0.0,0.0,0.0,0.0,0.0,0.0,0.0,0.0,-2.3438671503239347e-07,4.6877342986118335e-07,1.5625780991077008e-07,1.3575564833510566e-16,-3.125156199517055e-07,0.0,-3.762976554219134e-15,1.3125178764087826e-22,4.5413868257501984e-18,-7.018224867765897e-22,6.786809138227719e-17,8.713851444878615e-20,-1.0467060753184757e-19,-3.700614611263832e-15,-4.449796193828509e-21,-9.94611146078423e-19,6.3533826359960476e-21,-1.6308382764365786e-21,7.602642721121146e-22,-1.3837946416853172e-22,3.6960532120257396e-15,3.093827837862082e-07,2.3438671503239347e-07,4.3343372877114e-07,-4.6877198861235495e-07,-4.0159865190932896e-07,1.284800415347853e-10,1.2144055464689892e-07,6.20858575248406e-08,6.69188954695686e-08,6.20858575248406e-08,1.5618158388189866e-07,1.5618158388189866e-07,-1.3575564833510566e-16,3.123631689912235e-07,-1.4593789040353805e-16,2.6492447161585355e-19,-1.2506000105050473e-15,3.1236317132865565e-07,1.0612120099191821e-13,4.698731281967865e-12,6.298062975802018e-11,-1.6019972973447248e-11,-9.468109864208797e-20,3.121795941103745e-07,4.698731281967865e-12,6.298062975802018e-11,-1.5047900808425382e-07,1.8357352222791734e-10,-1.5607423638852462e-07,-5.778801826516264e-09,-5.778801826411594e-09,-1.6893841184159995e-16,3.1345233079163003e-09,9.772581686456522e-21,-1.4412488283867065e-12,3.1328361654973033e-09,1.6873408353106733e-12,4.735089293492338e-13,9.673725519099267e-13,2.444365857612662e-21,1.6893827346213579e-16
6.326999999999999,548,101325.00000000003,2.771e-08,0.066,0.29999999999999993,0.6339999999999998,0.22000000000000003,548.0,1e-11,1e-22,IdealGasReactor,off,0.6299083619866287,0.0,0.0,0.27781913994181645,0.03997238366172862,0.013321277672587796,1.0339482225147203e-11,0.03897883672689899,0.0,0.0027599422338956668,3.376961862677271e-11,0.5923592190814502,5.263731430489739e-09,1.6909474484573023e-07,1.213357543811821e-07,1.1051995054250507e-05,0.4042245242101704,4.218000897038796e-05,3.337489197503266e-05,0.0004804173375531821,4.7287906486038814e-06,2.1338670682502346e-13,1.9666956440714788e-09,8.426375537302314e-05,0.0,0.0,0.0,0.0,0.0,0.0,0.0,0.0,0.0,0.0,0.0,0.0,-2.3421554401869772e-07,4.684310879826921e-07,1.5614369589789164e-07,1.3570416788152844e-16,-3.1228739203268516e-07,0.0,7.658941565125586e-15,6.817518339133221e-22,-2.9468028142555235e-18,-7.348336606992475e-21,-8.100954286113164e-17,-2.252313546308388e-19,2.2479873917047357e-19,7.678912480303571e-15,-3.344275767499923e-21,9.823336829076108e-17,1.6320289641542575e-21,4.1829231107099495e-21,2.141383895268557e-21,-8.353906567861359e-23,-7.675951654121622e-15,3.091589857433935e-07,2.3421554401869772e-07,4.33072331189514e-07,-4.6842964862635166e-07,-4.013113843474394e-07,1.2830497724628487e-10,1.2140479631775022e-07,6.20169763374773e-08,6.686415582926518e-08,6.20169763374773e-08,1.5606757310869953e-07,1.5606757310869953e-07,-1.3570416788152844e-16,3.121351474435658e-07,-1.457239812151792e-16,2.645841901677194e-19,-1.2494338592523791e-15,3.121351384027804e-07,1.06043733680804e-13,4.691473437310102e-12,6.290169555848145e-11,-1.5987231116760617e-11,-9.455160011942192e-20,3.1195176781803815e-07,4.691473437310102e-12,6.290169555848145e-11,-1.5036732800364675e-07,1.8337826069390214e-10,-1.559603176371973e-07,-5.776367894244898e-09,-5.776367894469697e-09,-1.68816561519926e-16,3.130091254550912e-09,9.759749038343546e-21,-1.4393563404340502e-12,3.1284062892916267e-09,1.6849545051596107e-12,4.730941681188544e-13,9.661041179629306e-13,2.44118285705964e-21,1.6881647798086031e-16
6.335999999999999,548,101325.0,2.771e-08,0.066,0.29999999999999993,0.6339999999999998,0.22000000000000003,548.0,1e-11,1e-22,IdealGasReactor,off,0.6299036669073123,0.0,0.0,0.2777947084184719,0.04001680727010579,0.013336085563284854,1.0352365514528455e-11,0.03894873183047289,0.0,0.0027590550713221763,3.374043595659663e-11,0.592513472251252,5.262344922304427e-09,1.6922792913937884e-07,1.2132733020624312e-07,1.1054781151542525e-05,0.4040717517163768,4.215659171761193e-05,3.333838766992789e-05,0.00047994148017026076,4.727063678497404e-06,2.1318175123135647e-13,1.967096603429939e-09,8.420483800665464e-05,0.0,0.0,0.0,0.0,0.0,0.0,0.0,0.0,0.0,0.0,0.0,0.0,-2.3404443839929464e-07,4.6808887666292674e-07,1.5602962548804714e-07,1.356526962371348e-16,-3.120592511086605e-07,0.0,8.799958795975792e-17,-1.1014697863106915e-23,3.0959508436564957e-18,-3.137111032692305e-22,2.694623563452743e-20,-1.164670302474663e-20,1.1566466505328986e-20,8.49110328644666e-17,3.8561126536917363e-22,2.3609098237804415e-20,2.447669639758282e-21,1.2547295916663739e-22,2.184040321176859e-22,1.1654020238179361e-23,-8.802424357717993e-17,3.0893526947110665e-07,2.3404443839929464e-07,4.32711110463842e-07,-4.680874391969924e-07,-4.0102422370589735e-07,1.281301176793479e-10,1.2136900667311435e-07,6.194814268842892e-08,6.68094396813326e-08,6.194814268842892e-08,1.5595360580637287e-07,1.5595360580637287e-07,-1.356526962371348e-16,3.119072128376573e-07,-1.4551034970736996e-16,2.642442871692747e-19,-1.248268405271576e-15,3.119072113921817e-07,1.059662959070739e-13,4.6842250404048015e-12,6.282284591805822e-11,-1.5954550522851963e-11,-9.442225768960781e-20,3.1172402833985496e-07,4.6842250404048015e-12,6.282284591805822e-11,-1.5025569112405084e-07,1.8318314035097228e-10,-1.5584644234769609e-07,-5.773934363996298e-09,-5.773934364007864e-09,-1.6869471450697448e-16,3.125664427941238e-09,9.746930507612243e-21,-1.4374659343361874e-12,3.1239816375538272e-09,1.6825709899869645e-12,4.726795861329992e-13,9.64837058198508e-13,2.4380032545416364e-21,1.6869472616099472e-16
6.344999999999999,548,101324.99999999996,2.771e-08,0.066,0.29999999999999993,0.6339999999999998,0.22000000000000003,548.0,1e-11,1e-22,IdealGasReactor,off,0.6298989753290823,0.0,0.0,0.27777029511353424,0.04006119775212583,0.01335088241184663,1.036524375155942e-11,0.038918649383046094,0.0,0.0027581677631524563,3.371127458208679e-11,0.5926676993873259,5.260958330077594e-09,1.693608440369294e-07,1.2131877614295138e-07,1.1057557784586568e-05,0.40391900495037164,4.213317764767605e-05,3.330191740332299e-05,0.0004794660255527803,4.7253367380665196e-06,2.129769688779311e-13,1.9674975761166216e-09,8.414594202314095e-05,0.0,0.0,0.0,0.0,0.0,0.0,0.0,0.0,0.0,0.0,0.0,0.0,-2.3387339824884272e-07,4.677467965257902e-07,1.559155987439622e-07,1.3560123342791652e-16,-3.1183119753770706e-07,0.0,1.6216595751300442e-15,3.844043669293722e-21,4.8452694553963683e-17,-1.2464132299918926e-20,-1.6344554214499873e-16,6.593357400986677e-19,-6.476418877790056e-19,1.3727954892460112e-15,-8.70078752458621e-21,-3.719637107188266e-17,5.641666804017137e-20,7.636247071753986e-21,-9.29671829127992e-21,1.4064040110334956e-22,-1.4214872258335087e-15,3.0871163533082065e-07,2.3387339824884272e-07,4.323500667375417e-07,-4.677453609481814e-07,-4.0073717011003713e-07,1.2795546268764012e-10,1.2133318574792062e-07,6.187935659781521e-08,6.675474705016935e-08,6.187935659781521e-08,1.5583968202483576e-07,1.5583968202483576e-07,-1.3560123342791652e-16,3.116793652733364e-07,-1.452969956390165e-16,2.6390476236502726e-19,-1.2471036489229694e-15,3.116793625412839e-07,1.0588888770464517e-13,4.676986083435307e-12,6.274408078401145e-11,-1.5921931095531042e-11,-9.42930712315205e-20,3.114963758015158e-07,4.676986083435307e-12,6.274408078401145e-11,-1.5014409750697387e-07,1.8298816125533315e-10,-1.5573261058271856e-07,-5.771501236988333e-09,-5.7715012363406914e-09,-1.6857287742019032e-16,3.1212428246828676e-09,9.734126085764227e-21,-1.4355776088402657e-12,3.1195622068863868e-09,1.6801902879603015e-12,4.72265183629028e-13,9.635713718569365e-13,2.4348270483018277e-21,1.6857301806059142e-16
6.353999999999999,548,101324.99999999999,2.771e-08,0.066,0.29999999999999993,0.6339999999999998,0.22000000000000003,548.0,1e-11,1e-22,IdealGasReactor,off,0.6298942872504675,0.0,0.0,0.2777459000193524,0.040105555121700054,0.013365668222911008,1.037811693738714e-11,0.03888858937519107,0.0,0.0027572803106075084,3.368213450667263e-11,0.5928219005548374,5.2595716556650916e-09,1.6949348977739093e-07,1.213100924276493e-07,1.1060324961341259e-05,0.40376628384576496,4.2109766782936306e-05,3.326548116739672e-05,0.00047899097365717604,4.723609827992941e-06,2.1277235970405492e-13,1.967898561425205e-09,8.408706744576948e-05,0.0,0.0,0.0,0.0,0.0,0.0,0.0,0.0,0.0,0.0,0.0,0.0,-2.3370242375588319e-07,4.6740484762462467e-07,1.5580161570848069e-07,1.3554977943144085e-16,-3.116032316201102e-07,0.0,7.858822675181643e-14,1.271480981486536e-21,-3.135514261327233e-17,1.377752126509919e-20,-2.485862764481264e-16,-4.081375316785643e-19,4.1845412827832564e-19,7.840699496203644e-14,9.868083661024428e-21,3.608372144141661e-17,-3.8233627233934936e-20,2.983640469478771e-21,6.153658196264258e-21,-3.184786939879678e-22,-7.837548068094854e-14,3.0848808362470264e-07,2.3370242375588319e-07,4.3198920036348275e-07,-4.674034139332613e-07,-4.0045022387942235e-07,1.277810121869441e-10,1.2129733363592748e-07,6.181061811570554e-08,6.670007799252415e-08,6.181061811570554e-08,1.5572580188962808e-07,1.5572580188962808e-07,-1.3554977943144085e-16,3.1145160500165034e-07,-1.450839187458535e-16,2.6356561557840383e-19,-1.2459395904241908e-15,3.114515252367056e-07,1.0581150915881866e-13,4.669756560859136e-12,6.266540013409722e-11,-1.588937274678145e-11,-9.41640406134509e-20,3.1126881028875563e-07,4.669756560859136e-12,6.266540013409722e-11,-1.5003254719612993e-07,1.827933234306594e-10,-1.5561882238506036e-07,-5.769068512350767e-09,-5.769068512769221e-09,-1.6845167229939415e-16,3.1168264429047317e-09,9.721335769036925e-21,-1.4336913633915522e-12,3.1151479954075455e-09,1.6778123980640509e-12,4.71850961073618e-13,9.623070586475623e-13,2.431654237785735e-21,1.6845135382070016e-16
6.362999999999999,548,101325.0,2.771e-08,0.066,0.29999999999999993,0.6339999999999998,0.22000000000000003,548.0,1e-11,1e-22,IdealGasReactor,off,0.6298896026699964,0.0,0.0,0.2777215231282657,0.04014987939275806,0.013380443001120712,1.0390985073159563e-11,0.03885855179746811,0.0,0.0027563927134906623,3.365301571637608e-11,0.5929760755166663,5.258184898230697e-09,1.6962586651281493e-07,1.213012792407379e-07,1.1063082690355344e-05,0.403613588640135,4.208635912417958e-05,3.3229078937214414e-05,0.00047851632419299966,4.721882949594841e-06,2.1256792363022426e-13,1.9682995601382537e-09,8.402821431782624e-05,0.0,0.0,0.0,0.0,0.0,0.0,0.0,0.0,0.0,0.0,0.0,0.0,-2.3353151486840125e-07,4.670630295717174e-07,1.5568767646633185e-07,1.3549833432750524e-16,-3.113753530696436e-07,0.0,-4.94574439720871e-15,1.8909941861739653e-21,6.389193305662202e-19,-1.112611446902575e-20,2.9589401946434474e-17,4.222723939858704e-19,-4.197122699900188e-19,-4.914256970616949e-15,-2.080056923828435e-21,2.1093767207072503e-18,-9.932145023031735e-22,-3.3294019655259364e-23,3.42412866531382e-21,-4.558388641029825e-22,4.9136242012814876e-15,3.08264614071619e-07,2.3353151486840125e-07,4.3162851125175943e-07,-4.6706159776452143e-07,-4.0016338492333637e-07,1.2760676596180746e-10,1.212614503069612e-07,6.174192722873784e-08,6.664543249677638e-08,6.174192722873784e-08,1.5561196536655304e-07,1.5561196536655304e-07,-1.3549833432750524e-16,3.1122393195424865e-07,-1.448711188127013e-16,2.6322684646613796e-19,-1.2447762302918304e-15,3.112239355118618e-07,1.0573416024635851e-13,4.662536462331402e-12,6.258680388164853e-11,-1.5856875371676874e-11,-9.403516572609379e-20,3.1104133197126904e-07,4.662536462331402e-12,6.258680388164853e-11,-1.4992104027270678e-07,1.825986269685425e-10,-1.5550507783936587e-07,-5.766636193625073e-09,-5.766636193205361e-09,-1.6833018924591216e-16,3.112415277502451e-09,9.708559543657142e-21,-1.431807195958869e-12,3.110738998024556e-09,1.6754373175547146e-12,4.714369184485493e-13,9.610441172877364e-13,2.428484819895339e-21,1.6832973340704806e-16
6.371999999999999,548,101324.99999999997,2.771e-08,0.066,0.29999999999999993,0.6339999999999998,0.22000000000000003,548.0,1e-11,1e-22,IdealGasReactor,off,0.6298849215861952,0.0,0.0,0.27769716443260595,0.04019417057924321,0.013395206751123627,1.040384816002645e-11,0.03882853664042814,0.0,0.0027555049729401735,3.36239182135623e-11,0.5931302243206507,5.256798059473856e-09,1.6975797447802158e-07,1.2129233681529423e-07,1.1065830979631005e-05,0.4034609192845184,4.2062954692483154e-05,3.3192710703892164e-05,0.00047804207710148766,4.720156103589319e-06,2.123636605943198e-13,1.9687005716357574e-09,8.396938266362656e-05,0.0,0.0,0.0,0.0,0.0,0.0,0.0,0.0,0.0,0.0,0.0,0.0,-2.3336067176056819e-07,4.667213434183101e-07,1.5557378106245006e-07,1.3544689809953764e-16,-3.1114756224645967e-07,0.0,-1.3989608961607907e-15,9.07003686456085e-22,3.2591979004513588e-18,-4.3948621484908305e-21,-3.2603303991442885e-17,1.0532325303515191e-19,-7.598315670789602e-20,-1.445394775799406e-15,-8.1638384568561495e-22,-1.0678747951420364e-17,3.457527314869642e-21,1.9935052762527967e-21,3.002142036025008e-21,-1.2572573682472575e-22,1.4421198126320943e-15,3.080412270338017e-07,2.3336067176056819e-07,4.312679997285202e-07,-4.6671991349320424e-07,-3.9987665353683443e-07,1.2743272392005079e-10,1.2122553584767826e-07,6.167328398304988e-08,6.659081061557279e-08,6.167328398304988e-08,1.554981725716034e-07,1.554981725716034e-07,-1.3544689809953764e-16,3.109963463630964e-07,-1.446585955779129e-16,2.6288845484136676e-19,-1.2436135687575717e-15,3.1099634645315177e-07,1.0565684104607855e-13,4.655325782017019e-12,6.250829200052186e-11,-1.5824438881376006e-11,-9.390644643886391e-20,3.108139409391361e-07,4.655325782017019e-12,6.250829200052186e-11,-1.498095767822584e-07,1.8240407189586598e-10,-1.5539137699058352e-07,-5.764204280191655e-09,-5.764204280115672e-09,-1.6820828267595655e-16,3.1080093264009533e-09,9.695797405248624e-21,-1.4299251058974389e-12,3.1063352126579445e-09,1.6730650453099875e-12,4.710230561910774e-13,9.597825474257542e-13,2.425318793919417e-21,1.6820815695021972e-16
6.380999999999999,548,101325.00000000003,2.771e-08,0.066,0.29999999999999993,0.6339999999999998,0.22000000000000003,548.0,1e-11,1e-22,IdealGasReactor,off,0.6298802439975887,0.0,0.0,0.27767282392469617,0.040238428695114105,0.013409959477572644,1.0416706199139021e-11,0.038798543894611674,0.0,0.0027546170895070975,3.359484199337241e-11,0.5932843468894151,5.255411139978177e-09,1.698898138713863e-07,1.2128326536127834e-07,1.1068569837423543e-05,0.40330827585586193,4.203955349998779e-05,3.31563764514445e-05,0.00047756823222148514,4.7184292909568285e-06,2.1215957052636855e-13,1.969101595914694e-09,8.391057251572591e-05,0.0,0.0,0.0,0.0,0.0,0.0,0.0,0.0,0.0,0.0,0.0,0.0,-2.3318989450683275e-07,4.6637978886928185e-07,1.5545992955919304e-07,1.3539547077331208e-16,-3.1091985924797726e-07,0.0,7.197671581515045e-15,-2.5898062646703735e-22,1.5800615466055688e-18,1.2578876711962194e-21,8.999036850307297e-18,-1.2983426894632322e-19,1.28013644418094e-19,7.200726237094473e-15,1.5006262953352548e-21,-4.21214147961486e-18,1.4561714968364775e-21,8.188054088509283e-22,9.172871342244449e-22,3.33351539443455e-23,-7.202319392847912e-15,3.078179226120815e-07,2.3318989450683275e-07,4.309076659362806e-07,-4.663783608241899e-07,-3.9959002984492123e-07,1.2725888591505992e-10,1.2118959029343343e-07,6.160468839845185e-08,6.65362123732047e-08,6.160468839845185e-08,1.553844235545564e-07,1.553844235545564e-07,-1.3539547077331208e-16,3.10768848327752e-07,-1.4444634880014976e-16,2.6255044044806794e-19,-1.242451606176282e-15,3.107688397729902e-07,1.0557955159180104e-13,4.648124512090001e-12,6.242986443785547e-11,-1.5792063180092163e-11,-9.377788263043831e-20,3.1058663731704216e-07,4.648124512090001e-12,6.242986443785547e-11,-1.4969815678592932e-07,1.8220965826742075e-10,-1.5527771990092379e-07,-5.7617727732637195e-09,-5.761772773391733e-09,-1.680865911729602e-16,3.103608586185743e-09,9.683049345283682e-21,-1.4280450919496692e-12,3.101936635895744e-09,1.6706955794905776e-12,4.706093745373438e-13,9.58522348298386e-13,2.422156158091377e-21,1.6808662450811414e-16
6.389999999999999,548,101324.99999999996,2.771e-08,0.066,0.29999999999999993,0.6339999999999998,0.22000000000000003,548.0,1e-11,1e-22,IdealGasReactor,off,0.6298755699027001,0.0,0.0,0.27764850159685134,0.040282653754344484,0.013424701185125702,1.0429559191650024e-11,0.03876857355054905,0.0,0.0027537290638389635,3.356578705211136e-11,0.593438443166221,5.2540241405107475e-09,1.7002138489769182e-07,1.2127406509241373e-07,1.107129927194922e-05,0.4031556584103624,4.201615556029319e-05,3.312007616502212e-05,0.00047709478940828533,4.716702512634062e-06,2.1195565335754888e-13,1.969502632870541e-09,8.385178390525923e-05,0.0,0.0,0.0,0.0,0.0,0.0,0.0,0.0,0.0,0.0,0.0,0.0,-2.3301918319783246e-07,4.6603836623726103e-07,1.5534612201575247e-07,1.3534405236762367e-16,-3.106922441722618e-07,0.0,1.798825139406167e-15,4.870489759435405e-22,-6.629963358622368e-18,1.1585645369717452e-21,2.3019390891056493e-17,-2.9010878443459787e-20,3.2971419216363683e-20,1.827264512146969e-15,-4.962192073168649e-22,-1.2568772138577804e-18,-6.1557825970303406e-21,-7.996251583973549e-22,7.694727198582036e-22,-1.7475534560557593e-24,-1.820596076421467e-15,3.0759470090772293e-07,2.3301918319783246e-07,4.305475100472095e-07,-4.660369400701081e-07,-3.993035140002e-07,1.2708525180900903e-10,1.2115361368807067e-07,6.153614049895065e-08,6.648163779855642e-08,6.153614049895065e-08,1.552707183759335e-07,1.552707183759335e-07,-1.3534405236762367e-16,3.105414379692548e-07,-1.442343782346693e-16,2.622128030413143e-19,-1.2412903428810092e-15,3.1054143478925766e-07,1.0550229192464861e-13,4.640932645045495e-12,6.235152114510458e-11,-1.5759748173284214e-11,-9.364947417791e-20,3.103594212237207e-07,4.640932645045495e-12,6.235152114510458e-11,-1.4958678034200652e-07,1.820153861330179e-10,-1.5516410662962343e-07,-5.7593416737459626e-09,-5.759341673778934e-09,-1.6796513789798026e-16,3.0992130536546653e-09,9.670315355901363e-21,-1.426167152956566e-12,3.0975432645388878e-09,1.668328918371898e-12,4.701958737558944e-13,9.572635192083464e-13,2.418996910813526e-21,1.679651361504268e-16
6.398999999999999,548,101324.99999999999,2.771e-08,0.066,0.29999999999999993,0.6339999999999998,0.22000000000000003,548.0,1e-11,1e-22,IdealGasReactor,off,0.6298708993000505,0.0,0.0,0.277624197441378,0.040326845770923166,0.01343943187844573,1.0442407138713691e-11,0.03873862559876031,0.0,0.002752840896473681,3.3536753384718964e-11,0.5935925130710579,5.252637061630569e-09,1.7015268775509809e-07,1.2126473621813612e-07,1.1074019291478528e-05,0.40300306702761773,4.1992760885325246e-05,3.3083809828429645e-05,0.0004766217484978211,4.714975769606431e-06,2.1175190901744568e-13,1.969903682514372e-09,8.379301686484688e-05,0.0,0.0,0.0,0.0,0.0,0.0,0.0,0.0,0.0,0.0,0.0,0.0,-2.3284853790549557e-07,4.6569707569821246e-07,1.5523235849458132e-07,1.3529264290913772e-16,-3.104647171104053e-07,0.0,2.329028357502977e-15,-1.8017356013240822e-22,7.259889333220338e-18,4.970288676070986e-22,-2.247384873346552e-17,-5.0107292786012204e-20,4.9498487855173176e-20,2.2924131216615335e-15,1.9814545108468957e-21,-6.757524313802032e-18,5.832224518861045e-21,1.8523158854476518e-21,1.0235092488351326e-21,2.720080254422392e-22,-2.2997153494537764e-15,3.073715620152684e-07,2.3284853790549557e-07,4.3018753219896784e-07,-4.6569565140692484e-07,-3.990171061234002e-07,1.2691182145384762e-10,1.2111760606592162e-07,6.146764030356627e-08,6.642708691518801e-08,6.146764030356627e-08,1.551570570838457e-07,1.551570570838457e-07,-1.3529264290913772e-16,3.103141153838284e-07,-1.440226836404089e-16,2.618755423631139e-19,-1.240129779226423e-15,3.1031411173998436e-07,1.0542506207731124e-13,4.633750173004686e-12,6.227326206870671e-11,-1.5727493765195937e-11,-9.352122096002503e-20,3.1013229278415233e-07,4.633750173004686e-12,6.227326206870671e-11,-1.4947544751169336e-07,1.8182125554737207e-10,-1.5505053723903335e-07,-5.7569109828879604e-09,-5.756910982937459e-09,-1.678434199252043e-16,3.0948227253594488e-09,9.657595428458723e-21,-1.4242912876437532e-12,3.09315509513691e-09,1.6659650600939396e-12,4.697825540773873e-13,9.56006059380676e-13,2.415841050288786e-21,1.6784369193322975e-16
6.4079999999999995,548,101324.99999999996,2.771e-08,0.066,0.29999999999999993,0.6339999999999998,0.22000000000000003,548.0,1e-11,1e-22,IdealGasReactor,off,0.6298662321881602,0.0,0.0,0.2775999114505746,0.04037100475885386,0.013454151562200678,1.0455250041485807e-11,0.03870870002975549,0.0,0.0027519525882648875,3.350774098997248e-11,0.5937465565914842,5.251249904495985e-09,1.702837226614173e-07,1.2125527896037372e-07,1.107672990415857e-05,0.4028505017192844,4.196936949179754e-05,3.304757742923299e-05,0.0004761491093803849,4.71324906271578e-06,2.1154833743962343e-13,1.970304744523739e-09,8.373427142254498e-05,0.0,0.0,0.0,0.0,0.0,0.0,0.0,0.0,0.0,0.0,0.0,0.0,-2.326779587550067e-07,4.6535591735291177e-07,1.5511863904851375e-07,1.3524124240166898e-16,-3.102372782796467e-07,0.0,1.0692211791059659e-14,1.3483407843155996e-21,-1.7399461922062697e-17,-9.18844095474972e-21,2.1761335206147044e-17,2.959321359469712e-20,-2.23752355695594e-20,1.0761472263159337e-14,-2.7091417141140423e-22,2.9870880038823464e-17,-1.2839423958833503e-20,-2.4409841382498424e-21,2.6322479392876425e-21,-5.382753898252008e-22,-1.0743966091305884e-14,3.071485061547025e-07,2.326779587550067e-07,4.298277326269688e-07,-4.653544949354167e-07,-3.9873080642606724e-07,1.2673859473041077e-10,1.2108156748897996e-07,6.139918784525186e-08,6.63725597617706e-08,6.139918784525186e-08,1.550434397617422e-07,1.550434397617422e-07,-1.3524124240166898e-16,3.100868807383701e-07,-1.4381126476527984e-16,2.615386581920792e-19,-1.238969915498539e-15,3.100868686267688e-07,1.0534786210649037e-13,4.626577089144917e-12,6.219508716929037e-11,-1.569529986391161e-11,-9.33931228504473e-20,3.0990525210418535e-07,4.626577089144917e-12,6.219508716929037e-11,-1.4936415834756309e-07,1.8162726654955777e-10,-1.5493701178197141e-07,-5.7544807009506696e-09,-5.754480700928294e-09,-1.6772283022678388e-16,3.090437598550095e-09,9.644889556514138e-21,-1.422417495061446e-12,3.088772124944171e-09,1.6636040031759886e-12,4.693694158394902e-13,9.547499682583917e-13,2.412688575278993e-21,1.6772229195139405e-16
6.416999999999999,548,101324.99999999997,2.771e-08,0.066,0.29999999999999993,0.6339999999999998,0.22000000000000003,548.0,1e-11,1e-22,IdealGasReactor,off,0.6298615685655476,0.0,0.0,0.2775756436167312,0.040415130732155496,0.013468860241063469,1.0468087901123597e-11,0.03867879683403427,0.0,0.0027510641395961355,3.347874986088561e-11,0.5939005736145687,5.2498626693728106e-09,1.7041448980572694e-07,1.212456935224674e-07,1.1079431118334678e-05,0.4026979625980657,4.19459813892771e-05,3.3011378949335154e-05,0.00047567687186460386,4.711522393016775e-06,2.1134493855143848e-13,1.9707058190729064e-09,8.36755476130604e-05,0.0,0.0,0.0,0.0,0.0,0.0,0.0,0.0,0.0,0.0,0.0,0.0,-2.3250744579186702e-07,4.6501489149051425e-07,1.5500496374436072e-07,1.3518985088301635e-16,-3.1000992764018354e-07,0.0,-5.541445242798695e-15,5.404694428583585e-22,-8.392589975014163e-18,8.760990370410348e-21,-4.201696346943116e-17,1.3616054627112878e-19,-1.3624574587422174e-19,-5.5670072413089516e-15,-2.7076625431187677e-21,7.853010092768238e-18,-7.80923020761218e-21,-8.928897724627088e-22,9.900595673743138e-22,-1.0576138150832899e-23,5.5754370082999474e-15,3.0692553329002975e-07,2.3250744579186702e-07,4.294681114200339e-07,-4.6501347094474047e-07,-3.9844461498386426e-07,1.2656557147621824e-10,1.2104549797818661e-07,6.133078313595445e-08,6.631805635433979e-08,6.133078313595445e-08,1.549298664401981e-07,1.549298664401981e-07,-1.3518985088301635e-16,3.098597340940348e-07,-1.4360012137346086e-16,2.6120215025180184e-19,-1.237810752082273e-15,3.098597383122126e-07,1.0527069203296086e-13,4.61941338506025e-12,6.211699638621422e-11,-1.5663166372030215e-11,-9.326517973028247e-20,3.096782993175745e-07,4.61941338506025e-12,6.211699638621422e-11,-1.4925291291469766e-07,1.8143341920108562e-10,-1.5482353032515956e-07,-5.752050829663067e-09,-5.752050829526821e-09,-1.6760094681788541e-16,3.08605766942295e-09,9.632197730318776e-21,-1.4205457737722372e-12,3.0843943501538065e-09,1.6612457455664817e-12,4.689564592192562e-13,9.53495244956731e-13,2.409539483705114e-21,1.6760093624174726e-16
6.425999999999999,548,101324.99999999999,2.771e-08,0.066,0.29999999999999993,0.6339999999999998,0.22000000000000003,548.0,1e-11,1e-22,IdealGasReactor,off,0.6298569084307294,0.0,0.0,0.2775513939321296,0.04045922370486208,0.013483557919711982,1.048092071878577e-11,0.03864891600208609,0.0,0.0027501755511083067,3.344977999359105e-11,0.5940545640825409,5.248475357015267e-09,1.7054498939300072e-07,1.2123598011793578e-07,1.1082122942252167e-05,0.4025454497211988,4.192259659122898e-05,3.297521437369484e-05,0.00047520503580325774,4.709795761446842e-06,2.1114171228340768e-13,1.9711069060645314e-09,8.361684546736065e-05,0.0,0.0,0.0,0.0,0.0,0.0,0.0,0.0,0.0,0.0,0.0,0.0,-2.3233699910496794e-07,4.6467399801864467e-07,1.548913326410752e-07,1.351384683723244e-16,-3.0978266534859455e-07,0.0,8.061376829644204e-15,-8.373433784405059e-22,3.376276614310898e-17,3.4511130720404716e-22,5.634812566226348e-17,-1.8806778407005637e-19,1.8093996873168693e-19,8.048654557731025e-15,2.036340145727259e-21,-3.474282745618916e-17,2.443946822130814e-20,-5.164915744781105e-21,-1.1501836017945278e-21,8.500768472250851e-23,-8.082611922910252e-15,3.0670264358106155e-07,2.3233699910496794e-07,4.2910866874659257e-07,-4.6467257934252205e-07,-3.981585319464709e-07,1.263927515523006e-10,1.210093975770494e-07,6.126242619895441e-08,6.62635767212357e-08,6.126242619895441e-08,1.5481633717856736e-07,1.5481633717856736e-07,-1.351384683723244e-16,3.0963267556952766e-07,-1.4338925322006988e-16,2.608660182956155e-19,-1.2366522893059841e-15,3.0963266617334284e-07,1.0519355189705208e-13,4.6122590532039826e-12,6.203898967038436e-11,-1.563109319529348e-11,-9.313739147644153e-20,3.0945143454240413e-07,4.6122590532039826e-12,6.203898967038436e-11,-1.491417112711272e-07,1.8123971355062962e-10,-1.5471009292751747e-07,-5.74962136994801e-09,-5.74962137012895e-09,-1.6747953986501978e-16,3.0816829347424267e-09,9.619519941916e-21,-1.4186761226028376e-12,3.0800217675330088e-09,1.6588902855224472e-12,4.685436844808562e-13,9.5224188876824e-13,2.4063937739426925e-21,1.674796248727045e-16
6.434999999999999,548,101324.99999999999,2.771e-08,0.066,0.29999999999999993,0.6339999999999998,0.22000000000000003,548.0,1e-11,1e-22,IdealGasReactor,off,0.6298522517822208,0.0,0.0,0.2775271623890438,0.04050328369102138,0.013498244602829168,1.0493748495632779e-11,0.0386190575243911,0.0,0.0027492868238856573,3.342083138960965e-11,0.5942085280327914,5.24708796902024e-09,1.7067522165628747e-07,1.2122613897788948e-07,1.1084805383983553e-05,0.40239296305023603,4.1899215117839916e-05,3.293908369254732e-05,0.0004747336011253878,4.7080691687394325e-06,2.1093865857161743e-13,1.9715080049301757e-09,8.355816500996445e-05,0.0,0.0,0.0,0.0,0.0,0.0,0.0,0.0,0.0,0.0,0.0,0.0,-2.3216661885792268e-07,4.643332376923949e-07,1.547777457841056e-07,1.3508709485655637e-16,-3.0955549173721886e-07,0.0,3.276552650073011e-15,2.0019715599658889e-22,-1.707216169920181e-17,1.5577872484269506e-20,-1.1173719826999828e-16,-2.3751333236602615e-19,2.3732887108942683e-19,3.19860346537445e-15,3.3179222091976706e-21,1.678045325199405e-17,-1.853305533541357e-20,-1.2919785686254024e-21,-3.947451620693293e-21,-6.280385259405574e-23,-3.181442409273329e-15,3.064798373623827e-07,2.3216661885792268e-07,4.2874940491227887e-07,-4.6433182088385407e-07,-3.978725575909922e-07,1.2622013486014753e-10,1.2097326636792196e-07,6.11941170770811e-08,6.620912091200921e-08,6.11941170770811e-08,1.5470285208580732e-07,1.5470285208580732e-07,-1.3508709485655637e-16,3.094057053827635e-07,-1.4317866004472722e-16,2.605302621281101e-19,-1.2354945274015e-15,3.0940570083792807e-07,1.0511644177279748e-13,4.605114087507139e-12,6.196106699259172e-11,-1.5599080244763372e-11,-9.30097579586824e-20,3.092246578697456e-07,4.605114087507139e-12,6.196106699259172e-11,-1.49030553462767e-07,1.8104614962485133e-10,-1.5459669963448058e-07,-5.7471923213386105e-09,-5.7471923215759394e-09,-1.6735842077100732e-16,3.0773133922594414e-09,9.606856186432107e-21,-1.4168085408349766e-12,3.0756543748361603e-09,1.6565376218321692e-12,4.681310920386103e-13,9.50989899290857e-13,2.403251445150394e-21,1.6735835796715472e-16
6.443999999999999,548,101325.00000000003,2.771e-08,0.066,0.29999999999999993,0.6339999999999998,0.22000000000000003,548.0,1e-11,1e-22,IdealGasReactor,off,0.6298475986185356,0.0,0.0,0.27750294897973926,0.0405473107046977,0.01351292029510279,1.0506571232826232e-11,0.03858922139141827,0.0,0.0027483979579048285,3.339190403691511e-11,0.5943624652655488,5.245700504880007e-09,1.708051867595456e-07,1.2121617028951298e-07,1.1087478452053288e-05,0.4022405027852042,4.187583697247457e-05,3.290298688283721e-05,0.0004742625675682355,4.706342616133055e-06,2.1073577733768918e-13,1.971909116276568e-09,8.34995062812051e-05,0.0,0.0,0.0,0.0,0.0,0.0,0.0,0.0,0.0,0.0,0.0,0.0,-2.3199630502706099e-07,4.639926098048633e-07,1.5466420325207167e-07,1.3503573040287952e-16,-3.093284067992117e-07,0.0,-2.33080996656869e-14,4.833349514937328e-22,2.625433121436759e-17,-4.984225499905211e-21,1.1435527123084292e-16,-6.032727469022737e-19,6.00742401408474e-19,-2.3034442941153165e-14,8.728435168182711e-21,1.8638730319357474e-16,2.3440781321485687e-20,-5.372021090649069e-22,-4.134637609325357e-22,-5.102726348222774e-22,2.300806255873428e-14,3.0625711463187896e-07,2.3199630502706099e-07,4.283903198783731e-07,-4.639911948618367e-07,-3.97586691875162e-07,1.2604772119961971e-10,1.2093710433635654e-07,6.112585576392253e-08,6.615468892301316e-08,6.112585576392253e-08,1.5458941114657002e-07,1.5458941114657002e-07,-1.3503573040287952e-16,3.091788235030394e-07,-1.429683416253925e-16,2.601948814248421e-19,-1.2343374668359565e-15,3.091788451925481e-07,1.0503936164976847e-13,4.5979784781885956e-12,6.188322827370109e-11,-1.5567127418509175e-11,-9.288227906435071e-20,3.0899796945698165e-07,4.5979784781885956e-12,6.188322827370109e-11,-1.489194395652403e-07,1.8085272750391319e-10,-1.5448335052456522e-07,-5.744763686831362e-09,-5.744763687432104e-09,-1.6723764578412967e-16,3.0729490372448236e-09,9.594206451239803e-21,-1.414943026606314e-12,3.071292167332742e-09,1.6541877519463232e-12,4.677186819297279e-13,9.497392753541025e-13,2.4001124945158115e-21,1.6723713551149485e-16
6.452999999999999,548,101325.00000000004,2.771e-08,0.066,0.29999999999999993,0.6339999999999998,0.22000000000000003,548.0,1e-11,1e-22,IdealGasReactor,off,0.6298429489381854,0.0,0.0,0.2774787536964733,0.04059130475996889,0.01352758500122565,1.0519388931529486e-11,0.03855940759362728,0.0,0.002747508954379605,3.3362997938595715e-11,0.5945163758456365,5.244312966437641e-09,1.7093488494445065e-07,1.2120607428917176e-07,1.1090142154502671e-05,0.402088068860069,4.185246217728136e-05,3.2866923936330445e-05,0.00047379193508303443,4.704616104304287e-06,2.1053306851942314e-13,1.972310239397758e-09,8.34408693037287e-05,0.0,0.0,0.0,0.0,0.0,0.0,0.0,0.0,0.0,0.0,0.0,0.0,-2.318260577975164e-07,4.6365211545992973e-07,1.545507050864951e-07,1.3498437498897902e-16,-3.0910141030801375e-07,0.0,2.6482510895669006e-15,-1.4152301349220195e-21,1.2708719668493035e-18,1.255983121779653e-20,1.2202568396382264e-19,3.263988522685243e-19,-3.1560166373286963e-19,2.6487227984101957e-15,7.840408010070431e-22,1.3087618011250908e-18,-1.1694516325974182e-21,-3.834602524642698e-21,8.127796946784862e-23,1.125510343499325e-22,-2.6500098864285457e-15,3.060344751649579e-07,2.318260577975164e-07,4.2803141398988346e-07,-4.636507023803504e-07,-3.97300935112831e-07,1.2587551048390628e-10,1.2090091157607822e-07,6.105764230785602e-08,6.610028080990761e-08,6.105764230785602e-08,1.544760144841177e-07,1.544760144841177e-07,-1.3498437498897902e-16,3.0895203017688925e-07,-1.4275829769741795e-16,2.598598760053175e-19,-1.2331811078125256e-15,3.08952026184528e-07,1.0496231161171835e-13,4.590852219607405e-12,6.180547349025494e-11,-1.5535234629327483e-11,-9.275495466123892e-20,3.0877136938733003e-07,4.590852219607405e-12,6.180547349025494e-11,-1.4880836962093506e-07,1.806594472078517e-10,-1.5437004563929804e-07,-5.742335465560039e-09,-5.742335465244437e-09,-1.6711584509329247e-16,3.0685898677327688e-09,9.581570732351785e-21,-1.4130795793294522e-12,3.0669351430558492e-09,1.651840674805331e-12,4.673064546115359e-13,9.48490016643482e-13,2.3969769214218075e-21,1.6711595764432682e-16
6.461999999999999,548,101325.0,2.771e-08,0.066,0.29999999999999993,0.6339999999999998,0.22000000000000003,548.0,1e-11,1e-22,IdealGasReactor,off,0.6298383027396813,0.0,0.0,0.27745457653149536,0.040635265870928125,0.01354223872589546,1.0532201592907312e-11,0.03852961612146756,0.0,0.0027466198136385277,3.333411308685267e-11,0.5946702596492749,5.2429253538540135e-09,1.7106431639728213e-07,1.21195851177946e-07,1.1092796499719217e-05,0.4019356613984494,4.18290907409383e-05,3.283089483410038e-05,0.0004733217034667882,4.702889634326844e-06,2.1033053204246647e-13,1.972711374526695e-09,8.338225411259678e-05,0.0,0.0,0.0,0.0,0.0,0.0,0.0,0.0,0.0,0.0,0.0,0.0,-2.3165587720476772e-07,4.633117542611542e-07,1.544372513549611e-07,1.349330286563244e-16,-3.08874502855768e-07,0.0,-9.969608303875912e-16,2.2900533612184724e-22,-4.780550104493354e-18,4.910408163471565e-21,1.3414143148311134e-17,1.6765958399714807e-19,-1.4123116342607884e-19,-9.724592931390591e-16,1.357728724058606e-21,6.054801997984394e-18,-6.157560146774406e-21,-4.888120432305548e-23,1.2956054580550861e-21,-2.258589502686721e-22,9.772681220282487e-16,3.0581191955771385e-07,2.3165587720476772e-07,4.276726873164511e-07,-4.6331034304295665e-07,-3.970152873625981e-07,1.257035025447485e-10,1.208646881035872e-07,6.098947671783365e-08,6.604589658580125e-08,6.098947671783365e-08,1.5436266212233399e-07,1.5436266212233399e-07,-1.349330286563244e-16,3.0872532545207654e-07,-1.4254852802608487e-16,2.5952524558525453e-19,-1.2320254507184216e-15,3.087253250821931e-07,1.0488529167487525e-13,4.583735303146024e-12,6.172780257879054e-11,-1.5503401779600544e-11,-9.262778463076654e-20,3.085448577961263e-07,4.583735303146024e-12,6.172780257879054e-11,-1.4869734369555143e-07,1.8046630879866644e-10,-1.5425678504618886e-07,-5.7399076594096625e-09,-5.739907659268431e-09,-1.6699505025408012e-16,3.0642358797648007e-09,9.568949019568766e-21,-1.4112181975002447e-12,3.0625832980541343e-09,1.6494963882775545e-12,4.668944102397174e-13,9.472421222287375e-13,2.3938447236719005e-21,1.6699482439512985e-16
6.470999999999999,548,101324.99999999999,2.771e-08,0.066,0.29999999999999993,0.6339999999999998,0.22000000000000003,548.0,1e-11,1e-22,IdealGasReactor,off,0.629833660021532,0.0,0.0,0.27743041747704633,0.04067919405168331,0.01355688147381482,1.0545009218125965e-11,0.038499846965378455,0.0,0.0027457305363796586,3.3305249478418994e-11,0.5948241166312807,5.241537667992401e-09,1.7119348132784772e-07,1.2118550117171685e-07,1.1095441495960492e-05,0.40178328044493083,4.180572267774327e-05,3.2794899561665315e-05,0.0004728518725806874,4.70116320710969e-06,2.1012816783751398e-13,1.973112521504498e-09,8.332366073765483e-05,0.0,0.0,0.0,0.0,0.0,0.0,0.0,0.0,0.0,0.0,0.0,0.0,-2.3148576334652724e-07,4.629715266911138e-07,1.543238421141624e-07,1.3488169141980396e-16,-3.086476843780326e-07,0.0,5.208956042486858e-15,4.515765493740375e-23,-8.824009461934031e-18,-9.40868956593115e-21,-1.3298835494410222e-16,-5.657650692066692e-19,5.654069000014338e-19,5.090276005488611e-15,-3.639978700100209e-21,5.956028031459662e-18,-5.1649611831692455e-21,-1.845569193576516e-21,1.0060447024167314e-21,-6.056028684968742e-22,-5.081394827012191e-15,3.055894477488352e-07,2.3148576334652724e-07,4.273141400421105e-07,-4.629701173322338e-07,-3.9672974878924547e-07,1.2553169724777432e-10,1.2082843396767258e-07,6.092135901913296e-08,6.599153628149839e-08,6.092135901913296e-08,1.5424935412644779e-07,1.5424935412644779e-07,-1.3488169141980396e-16,3.084987094590613e-07,-1.4233903236426545e-16,2.5919098992356303e-19,-1.2308704958630167e-15,3.084987030277375e-07,1.0480830188356048e-13,4.576627721425914e-12,6.1650215492492e-11,-1.5471628776203173e-11,-9.250076884869279e-20,3.083184347968118e-07,4.576627721425914e-12,6.1650215492492e-11,-1.4858636184504074e-07,1.8027331232053105e-10,-1.541435688018415e-07,-5.737480269121639e-09,-5.737480269687046e-09,-1.6687434144165148e-16,3.0598870702151826e-09,9.556341305271865e-21,-1.4093588799954713e-12,3.0582366291974463e-09,1.6471548906761156e-12,4.664825490951864e-13,9.459955914351808e-13,2.3907158997247482e-21,1.6687373583878299e-16
6.4799999999999995,548,101325.0,2.771e-08,0.066,0.29999999999999993,0.6339999999999998,0.22000000000000003,548.0,1e-11,1e-22,IdealGasReactor,off,0.6298290207822451,0.0,0.0,0.2774062765253595,0.04072308931635702,0.01357151324969127,1.055781180835322e-11,0.03847010011578945,0.0,0.002744841123150861,3.3276407108160864e-11,0.5949779467144769,5.240149909429987e-09,1.7132237993644318e-07,1.2117502448032957e-07,1.1098077151543859e-05,0.40163092607627,4.178235799970191e-05,3.2758938102710564e-05,0.0004723824422595317,4.699436823628868e-06,2.0992597583309835e-13,1.9735136803320406e-09,8.326508921081127e-05,0.0,0.0,0.0,0.0,0.0,0.0,0.0,0.0,0.0,0.0,0.0,0.0,-2.3131571629501504e-07,4.6263143243983405e-07,1.5421047742499893e-07,1.3483036330512635e-16,-3.084209549565563e-07,0.0,3.2939473476291467e-15,2.318728983716095e-22,1.4566759041008766e-17,5.966423459572607e-23,1.5444322304202082e-17,-7.639178393049721e-20,7.203667800540552e-20,3.2809687738031682e-15,-3.054432367485874e-21,-1.3631906617821029e-17,1.3010729711349933e-20,4.048790604505648e-21,5.361259382880348e-22,2.2240586834356442e-23,-3.2956147862178457e-15,3.053670598235402e-07,2.3131571629501504e-07,4.269557723038784e-07,-4.626300249382085e-07,-3.9644431951404663e-07,1.2536009444471133e-10,1.2079214920406239e-07,6.085328923026393e-08,6.593719992053762e-08,6.085328923026393e-08,1.5413609054475355e-07,1.5413609054475355e-07,-1.3483036330512635e-16,3.0827218229443106e-07,-1.4212981046985807e-16,2.5885710876138865e-19,-1.2297162435858206e-15,3.082721776737074e-07,1.0473134227058867e-13,4.569529466561226e-12,6.15727121777165e-11,-1.5439915524327153e-11,-9.237390719304711e-20,3.0809210051149773e-07,4.569529466561226e-12,6.15727121777165e-11,-1.4847542412909922e-07,1.8008045782446132e-10,-1.540303969671701e-07,-5.7350532958996965e-09,-5.735053295971733e-09,-1.6675266979098983e-16,3.0555434356109205e-09,9.543747580780072e-21,-1.4075016255349214e-12,3.0538951330161305e-09,1.6448161801307017e-12,4.660708714073022e-13,9.447504234828127e-13,2.3875904477688054e-21,1.6675269203157667e-16
6.488999999999999,548,101324.99999999997,2.771e-08,0.066,0.29999999999999993,0.6339999999999998,0.22000000000000003,548.0,1e-11,1e-22,IdealGasReactor,off,0.6298243850203259,0.0,0.0,0.2773821536686596,0.0407669516790865,0.013586134058237219,1.0570609364758319e-11,0.038440375563119994,0.0,0.0027439515748239043,3.324758597486874e-11,0.5951317498914519,5.238762079360413e-09,1.714510124442206e-07,1.2116442132655278e-07,1.1100703474665666e-05,0.4014785982990758,4.175899672372151e-05,3.272301044475332e-05,0.00047191341239353097,4.6977104847103975e-06,2.0972395596172125e-13,1.9739148506643064e-09,8.32065395592132e-05,0.0,0.0,0.0,0.0,0.0,0.0,0.0,0.0,0.0,0.0,0.0,0.0,-2.3114573617688636e-07,4.6229147222402575e-07,1.5409715733851007e-07,1.3477904431440759e-16,-3.08194314812419e-07,0.0,-2.3190156455535717e-16,-5.457315193821258e-23,-8.568132146481846e-19,4.779502167869413e-22,-5.036510843933273e-18,-1.3578996935670502e-20,1.3521921473404343e-20,-2.363272546292986e-16,6.576429182062522e-23,-2.4024678260805353e-19,-7.251946552421379e-22,5.624828165360588e-23,-2.2011123874040224e-22,1.6641033614626954e-23,2.3718832348737945e-16,3.051447560056624e-07,2.3114573617688636e-07,4.265975843386351e-07,-4.622900665775926e-07,-3.9615899975117385e-07,1.2518869401667252e-10,1.2075583387688358e-07,6.078526738393079e-08,6.588288754190693e-08,6.078526738393079e-08,1.54022871461675e-07,1.54022871461675e-07,-1.3477904431440759e-16,3.080457441270334e-07,-1.4192086208938997e-16,2.585236018770663e-19,-1.2285626941548768e-15,3.080457430248984e-07,1.0465441289332333e-13,4.5624405317376026e-12,6.149529259526977e-11,-1.5408261933042175e-11,-9.224719953658276e-20,3.0786585504236484e-07,4.5624405317376026e-12,6.149529259526977e-11,-1.4836453059857829e-07,1.7988774534523145e-10,-1.539172695931648e-07,-5.732626739931785e-09,-5.732626739945307e-09,-1.6663167642843048e-16,3.051204973198522e-09,9.531167839651974e-21,-1.4056464331691195e-12,3.049558806756607e-09,1.6424802551563162e-12,4.656593775146607e-13,9.435066178132343e-13,2.384468366560702e-21,1.666316930694641e-16
6.497999999999999,548,101325.0,2.771e-08,0.066,0.29999999999999993,0.6339999999999998,0.22000000000000003,548.0,1e-11,1e-22,IdealGasReactor,off,0.6298197527342795,0.0,0.0,0.2773580488991638,0.04081078115402345,0.013600743904170005,1.0583401888512077e-11,0.03841067329777984,0.0,0.0027430618919372447,3.3218786073252103e-11,0.5952855260832297,5.237374178343408e-09,1.7157937905150037e-07,1.2115369191989717e-07,1.1103320473661053e-05,0.40132629719191576,4.1735638861648444e-05,3.268711657131065e-05,0.0004714447828151951,4.6959841913331825e-06,2.095221081515268e-13,1.9743160325117453e-09,8.3148011814769e-05,0.0,0.0,0.0,0.0,0.0,0.0,0.0,0.0,0.0,0.0,0.0,0.0,-2.3097582306243555e-07,4.6195164617487606e-07,1.5398388191568066e-07,1.3472773447396421e-16,-3.079677640239231e-07,0.0,5.417612534810275e-15,2.475058289921653e-22,-2.7094121986342796e-17,2.9778480852707137e-21,-1.8488701653443886e-16,-1.5228064204856218e-19,1.5380596309810997e-19,5.290558405013491e-15,-1.0226408063598939e-21,3.060440778728711e-17,-2.4822405387048132e-20,7.090307867468988e-21,1.6490507504087784e-21,1.1549846644346625e-22,-5.263314871464428e-15,3.049225363770049e-07,2.3097582306243555e-07,4.2623957627958597e-07,-4.619502423815745e-07,-3.9587378961864263e-07,1.25017495814253e-10,1.2071948802116117e-07,6.071729349800385e-08,6.582859916858093e-08,6.071729349800385e-08,1.539096969242287e-07,1.539096969242287e-07,-1.3472773447396421e-16,3.078193950508986e-07,-1.4171218698093e-16,2.581904690101764e-19,-1.2274098479086877e-15,3.0781938842316947e-07,1.04577513783711e-13,4.555360909027614e-12,6.141795669096098e-11,-1.537666790760705e-11,-9.212064575735192e-20,3.0763969851155076e-07,4.555360909027614e-12,6.141795669096098e-11,-1.482536813132306e-07,1.7969517493358042e-10,-1.538041867407486e-07,-5.730200602450073e-09,-5.730200602603879e-09,-1.6651062350886702e-16,3.0468716794750826e-09,9.518602073115156e-21,-1.4037933016045746e-12,3.045227646918188e-09,1.6401471138659405e-12,4.652480676423144e-13,9.422641736370706e-13,2.38134965426447e-21,1.6651073900733346e-16
6.506999999999999,548,101325.0,2.771e-08,0.066,0.29999999999999993,0.6339999999999998,0.22000000000000003,548.0,1e-11,1e-22,IdealGasReactor,off,0.6298151239226081,0.0,0.0,0.27733396220908085,0.0408545777553347,0.013615342792211759,1.0596189380786645e-11,0.03838099331016841,0.0,0.0027421720749050507,3.3190007396491315e-11,0.5954392751841011,5.2359862067021915e-09,1.717074799507462e-07,1.2114283646491815e-07,1.1105928156920095e-05,0.4011740228602387,4.171228442344067e-05,3.265125646440116e-05,0.0004709765533354124,4.694257944533846e-06,2.0932043232898542e-13,1.9747172260185103e-09,8.308950601113908e-05,0.0,0.0,0.0,0.0,0.0,0.0,0.0,0.0,0.0,0.0,0.0,0.0,-2.3080597700090313e-07,4.6161195386705115e-07,1.5387065122117732e-07,1.3467643381915456e-16,-3.0774130257807266e-07,0.0,-5.74226291420668e-17,2.803346875861585e-23,-1.0462056053526107e-18,2.1841425661652363e-22,7.284483346386983e-20,5.029258124322408e-21,-4.896909226313924e-21,-5.629735000754253e-17,6.644829102343702e-23,-9.787170917417055e-21,-8.435356050062063e-22,-1.224227306578481e-22,-5.022941807252422e-23,-5.4023692520376044e-24,5.734941654927247e-17,3.047004009283519e-07,2.3080597700090313e-07,4.2588174822118316e-07,-4.616105519248217e-07,-3.9558868919859023e-07,1.2484649967667938e-10,1.2068311166110842e-07,6.064936758478798e-08,6.577433481755024e-08,6.064936758478798e-08,1.5379656696545705e-07,1.5379656696545705e-07,-1.3467643381915456e-16,3.0759313513211756e-07,-1.4150378490682637e-16,2.57857709885837e-19,-1.2262577052113965e-15,3.0759313385253506e-07,1.0450064496420287e-13,4.548290590089543e-12,6.134070440500594e-11,-1.5345133351933384e-11,-9.19942457353578e-20,3.074136310485396e-07,4.548290590089543e-12,6.134070440500594e-11,-1.481428763361001e-07,1.7950274664603715e-10,-1.5369114847453142e-07,-5.727774885077205e-09,-5.727774885072308e-09,-1.6638983528709957e-16,3.042543550660294e-09,9.506050271527581e-21,-1.4019422294193044e-12,3.0409016497207656e-09,1.6378167542223345e-12,4.648369419728218e-13,9.410230900785665e-13,2.378234308822468e-21,1.6638982988473032e-16
6.515999999999999,548,101324.99999999999,2.771e-08,0.066,0.29999999999999993,0.6339999999999998,0.22000000000000003,548.0,1e-11,1e-22,IdealGasReactor,off,0.6298104985838131,0.0,0.0,0.2773098935906117,0.04089834149720105,0.013629930727089552,1.0608971842755832e-11,0.0383513355906757,0.0,0.002741282124627281,3.316124994364924e-11,0.5955929971930972,5.234598165683966e-09,1.718353153655307e-07,1.2113185518551213e-07,1.1108526532645025e-05,0.40102177530417915,4.1688933426404893e-05,3.2615430111790136e-05,0.000470508723848203,4.6925317451226e-06,2.0911892842652496e-13,1.975118430808323e-09,8.30310221748467e-05,0.0,0.0,0.0,0.0,0.0,0.0,0.0,0.0,0.0,0.0,0.0,0.0,-2.3063619812317413e-07,4.6127239610220904e-07,1.537574653047179e-07,1.34625142349916e-16,-3.0751493073952575e-07,0.0,6.569305544761728e-16,2.278692851418479e-23,2.8891675454713336e-18,-3.056418751108603e-21,9.531132359860608e-18,2.0011153378882846e-20,-2.0025215449296247e-20,6.619296990902952e-16,7.787745927957284e-23,-1.6340419257444154e-18,1.888829972209151e-21,7.697949575571614e-23,8.178687677727114e-23,-2.8325073683383564e-23,-6.648327713409307e-16,3.0447834992706774e-07,2.3063619812317413e-07,4.255241004076474e-07,-4.6127099600899333e-07,-3.9530369871240724e-07,1.2467570548717973e-10,1.2064670486349696e-07,6.058148967788341e-08,6.572009452896448e-08,6.058148967788341e-08,1.5368348167259116e-07,1.5368348167259116e-07,-1.34625142349916e-16,3.0736696454514715e-07,-1.412956556123762e-16,2.575253242848545e-19,-1.2251062663202406e-15,3.073669625486275e-07,1.0442380649407016e-13,4.541229568186202e-12,6.12635356992654e-11,-1.5313658175681755e-11,-9.186799934270036e-20,3.071876527529454e-07,4.541229568186202e-12,6.12635356992654e-11,-1.4803211571681193e-07,1.7931046051484947e-10,-1.5357815484420301e-07,-5.725349587905944e-09,-5.725349587885919e-09,-1.6626899412577293e-16,3.038220584046351e-09,9.493512428602122e-21,-1.400093215686623e-12,3.0365808124580002e-09,1.635489174765801e-12,4.644260008525965e-13,9.39783366594241e-13,2.3751223290290397e-21,1.6626896580069924e-16
6.5249999999999995,548,101325.0,2.771e-08,0.066,0.29999999999999993,0.6339999999999998,0.22000000000000003,548.0,1e-11,1e-22,IdealGasReactor,off,0.6298058767163941,0.0,0.0,0.27728584303594916,0.040942072393818384,0.013644507713535231,1.0621749275594779e-11,0.03832170012968148,0.0,0.002740392041598046,3.31325137088349e-11,0.595746692021921,5.233210055763996e-09,1.719628854937917e-07,1.2112074828942094e-07,1.1111115609205702e-05,0.40086955461167867,4.166558588169381e-05,3.257963749639351e-05,0.0004700412941775593,4.690805594097602e-06,2.0891759637135385e-13,1.975519646939576e-09,8.297256033825617e-05,0.0,0.0,0.0,0.0,0.0,0.0,0.0,0.0,0.0,0.0,0.0,0.0,-2.3046648649163858e-07,4.609329726636164e-07,1.536443242282751e-07,1.3457386009571856e-16,-3.0728864854240074e-07,0.0,-5.81930031922272e-15,-5.0566529872043455e-22,2.5066573941428026e-17,2.7220709996439063e-21,1.8523122954837933e-16,5.799528710731788e-20,-6.739123168530772e-20,-5.6828698374479356e-15,7.33898227029201e-22,-2.350504773865879e-17,1.8711497742145577e-20,-5.190584193164391e-21,-3.3712627937801463e-22,2.089068860307969e-22,5.657656240794241e-15,3.042563834108826e-07,2.3046648649163858e-07,4.2516663295731457e-07,-4.6093157441735736e-07,-3.9501881826467085e-07,1.2450511309199503e-10,1.2061026765965492e-07,6.051365979290488e-08,6.566587832352423e-08,6.051365979290488e-08,1.5357044108740232e-07,1.5357044108740232e-07,-1.3457386009571856e-16,3.0714088337353233e-07,-1.4108779885698353e-16,2.5719331194110496e-19,-1.2239555315790515e-15,3.071408877231008e-07,1.0434699840169517e-13,4.534177835231922e-12,6.11864505174117e-11,-1.528224228387905e-11,-9.174190645796988e-20,3.0696176374885265e-07,4.534177835231922e-12,6.11864505174117e-11,-1.4792139951597037e-07,1.79118316591884e-10,-1.5346520591167382e-07,-5.722924712304726e-09,-5.722924712237335e-09,-1.6614793789748702e-16,3.033902776021028e-09,9.480988535227061e-21,-1.398246259062846e-12,3.032265131518147e-09,1.6331643735496434e-12,4.640152444901972e-13,9.385450023606107e-13,2.3720137129602336e-21,1.6614814680437305e-16
6.533999999999999,548,101324.99999999999,2.771e-08,0.066,0.29999999999999993,0.6339999999999998,0.22000000000000003,548.0,1e-11,1e-22,IdealGasReactor,off,0.6298012583188493,0.0,0.0,0.27726181053727794,0.04098577045939691,0.01365907375628551,1.0634521680480168e-11,0.038292086917555805,0.0,0.002739501826625921,3.310379868995549e-11,0.5959003596501734,5.231821878015931e-09,1.720901905538484e-07,1.2110951599690936e-07,1.111369539485217e-05,0.40071736080241155,4.164224180521081e-05,3.254387860483153e-05,0.00046957426420108354,4.6890794923097695e-06,2.0871643609447303e-13,1.975920874133067e-09,8.291412052907839e-05,0.0,0.0,0.0,0.0,0.0,0.0,0.0,0.0,0.0,0.0,0.0,0.0,-2.3029684222143466e-07,4.6059368441960985e-07,1.53531228044041e-07,1.3452258706307104e-16,-3.070624562054972e-07,0.0,7.310787780856037e-16,-2.2059933611104397e-22,1.690129965475998e-17,-1.8235461162681002e-21,-1.1116995089313392e-16,6.040403705107229e-20,-6.168203109746672e-20,6.027713431021686e-16,-3.9152945386579036e-21,-1.2926027244612909e-19,1.1634974871896528e-20,9.60082687596157e-21,-1.8893692113682906e-21,1.4058953335537674e-22,-6.197624525941454e-16,3.0403450160151587e-07,2.3029684222143466e-07,4.248093460851951e-07,-4.605922880182513e-07,-3.9473404804992847e-07,1.2433472236574685e-10,1.2057380010847387e-07,6.044587795918828e-08,6.561168623688657e-08,6.044587795918828e-08,1.5345744528666093e-07,1.5345744528666093e-07,-1.3452258706307104e-16,3.069148917708145e-07,-1.4088021438898768e-16,2.568616726243568e-19,-1.2228055012617744e-15,3.0691488983602966e-07,1.042702207392413e-13,4.527135384175204e-12,6.110944881708074e-11,-1.5250885585292144e-11,-9.161596695461101e-20,3.0673596414087897e-07,4.527135384175204e-12,6.110944881708074e-11,-1.47810727785392e-07,1.789263149131383e-10,-1.533523017291266e-07,-5.7205002586490236e-09,-5.7205002585873415e-09,-1.6602723239378083e-16,3.0295901236622737e-09,9.468478584453893e-21,-1.3964013585237844e-12,3.027954603981336e-09,1.6308423489992834e-12,4.636046731999249e-13,9.373079967683358e-13,2.368908459241179e-21,1.6602737298331418e-16
6.542999999999999,548,101324.99999999999,2.771e-08,0.066,0.29999999999999993,0.6339999999999998,0.22000000000000003,548.0,1e-11,1e-22,IdealGasReactor,off,0.6297966433896753,0.0,0.0,0.27723779608677535,0.0410294357081607,0.01367362886008197,1.064728905859029e-11,0.038262495944659324,0.0,0.0027386114802298257,3.3075104881377365e-11,0.5960539999950851,5.230433632961941e-09,1.722172307453168e-07,1.2109815851671983e-07,1.111626589795714e-05,0.40056519395876333,4.1618901208470256e-05,3.250815342026627e-05,0.0004691076337464317,4.6873534407447155e-06,2.0851544752314827e-13,1.976322112420523e-09,8.285570277918556e-05,0.0,0.0,0.0,0.0,0.0,0.0,0.0,0.0,0.0,0.0,0.0,0.0,-2.3012726537881512e-07,4.6025453060468695e-07,1.5341817681300724e-07,1.3447132327957424e-16,-3.068363537268756e-07,0.0,2.3029098517289293e-15,1.1848688325621397e-21,1.1571297200345685e-17,-4.825721859799104e-22,1.8554997863434296e-17,2.7337988372632543e-19,-2.821926659724654e-19,2.2880625553036435e-15,1.6453938077451884e-21,-2.1954358189625256e-17,9.027106237270545e-21,4.612023053471833e-21,-6.957179911779056e-21,-2.5307750683014726e-22,-2.299708791100591e-15,3.038127045005938e-07,2.3012726537881512e-07,4.244522399165017e-07,-4.602531360461742e-07,-3.9444938817939453e-07,1.2416453315669167e-10,1.205373022435759e-07,6.037814419323419e-08,6.555751829082608e-08,6.037814419323419e-08,1.5334449431470997e-07,1.5334449431470997e-07,-1.3447132327957424e-16,3.0668898982568193e-07,-1.406729019668002e-16,2.5653040607091353e-19,-1.2216561757039845e-15,3.0668898620689333e-07,1.0419347353683828e-13,4.520102207004329e-12,6.103253054293849e-11,-1.5219587985422904e-11,-9.149018071070093e-20,3.065102540510736e-07,4.520102207004329e-12,6.103253054293849e-11,-1.4770010058477945e-07,1.78734455528547e-10,-1.5323944235746988e-07,-5.718076228227795e-09,-5.718076227945602e-09,-1.6590689746698906e-16,3.0252826234028616e-09,9.455982567320008e-21,-1.3945585127474958e-12,3.023649226281841e-09,1.6285230991929451e-12,4.631942871976981e-13,9.36072349008399e-13,2.3658065659846864e-21,1.6590664438948223e-16
6.552,548,101324.99999999997,2.771e-08,0.066,0.29999999999999993,0.6339999999999998,0.22000000000000003,548.0,1e-11,1e-22,IdealGasReactor,off,0.6297920319273673,0.0,0.0,0.2772137996766104,0.041073068154348934,0.01368817302967094,1.0660051411104776e-11,0.038232927201342484,0.0,0.00273772100310479,3.3046432279585276e-11,0.5962076130119918,5.229045321459571e-09,1.7234400627974514e-07,1.2108667606458737e-07,1.1118827126826418e-05,0.4004130541248082,4.159556410563739e-05,3.247246192791218e-05,0.0004686414026710385,4.685627440304759e-06,2.0831463058667286e-13,1.976723361644188e-09,8.279730711780738e-05,0.0,0.0,0.0,0.0,0.0,0.0,0.0,0.0,0.0,0.0,0.0,0.0,-2.2995775605948942e-07,4.599155119731803e-07,1.5330517059055118e-07,1.3442006875994326e-16,-3.06610341331092e-07,0.0,-3.856905724361433e-15,1.0422545589625035e-21,-7.435785350142468e-18,-8.482316604279334e-21,1.1337112482525183e-17,1.402898318889935e-21,-9.85999290163209e-22,-3.829955533149216e-15,-1.1985267484009087e-21,8.084523980884696e-18,-2.5171887580264653e-21,2.306179547797841e-21,-2.939909173526622e-22,4.3756944038849016e-23,3.837441350266295e-15,3.035909923358531e-07,2.2995775605948942e-07,4.2409531463025926e-07,-4.5991411925545974e-07,-3.941648388144491e-07,1.2399454532887697e-10,1.2050077411403255e-07,6.031045851915765e-08,6.550337451545841e-08,6.031045851915765e-08,1.5323158823541258e-07,1.5323158823541258e-07,-1.3442006875994326e-16,3.064631776658457e-07,-1.404658613425616e-16,2.561995120370028e-19,-1.2205075552012205e-15,3.0646318016636087e-07,1.041167568378793e-13,4.51307829628262e-12,6.095569564742892e-11,-1.5188349391898585e-11,-9.136454760138789e-20,3.0628463359044055e-07,4.51307829628262e-12,6.095569564742892e-11,-1.4758951796878118e-07,1.785427384789677e-10,-1.5312662785207262e-07,-5.715652621769999e-09,-5.715652621769013e-09,-1.657859173393195e-16,3.0209802720636918e-09,9.443500476065952e-21,-1.3927177205901504e-12,3.019348995238879e-09,1.6262066224154579e-12,4.627840867583206e-13,9.348380583908268e-13,2.3627080316085593e-21,1.6578596109626355e-16
6.560999999999999,548,101324.99999999999,2.771e-08,0.066,0.29999999999999993,0.6339999999999998,0.22000000000000003,548.0,1e-11,1e-22,IdealGasReactor,off,0.6297874239304188,0.0,0.0,0.277189821298944,0.041116667812214965,0.013702706269803574,1.067280873920476e-11,0.038203380677946056,0.0,0.0027368303957724343,3.30177808789378e-11,0.5963611986188792,5.22765694403629e-09,1.7247051735734034e-07,1.2107506884934085e-07,1.1121379089841858e-05,0.4002609413821746,4.157223050825224e-05,3.243680411091362e-05,0.0004681755708024534,4.6839014919728535e-06,2.0811398521210278e-13,1.9771246218332707e-09,8.273893357665083e-05,0.0,0.0,0.0,0.0,0.0,0.0,0.0,0.0,0.0,0.0,0.0,0.0,-2.297883143298701e-07,4.595766278941372e-07,1.5319220943730247e-07,1.3436882353152324e-16,-3.06384419021246e-07,0.0,8.783663261807881e-15,1.47575766509158e-21,-7.865952503864685e-18,3.549292665608882e-21,6.31183276607691e-16,-7.845642673942957e-20,7.402852892043321e-20,9.427089890124876e-15,3.499564993067724e-21,4.362734910503175e-18,-1.2679652084814325e-20,1.3154989323554649e-20,9.418148328323279e-21,-1.0500414459219675e-21,-9.419183789621293e-15,3.033693651139616e-07,2.297883143298701e-07,4.237385703517309e-07,-4.5957523701515646e-07,-3.9388040006660823e-07,1.2382475873059167e-10,1.204642157538228e-07,6.024282095337525e-08,6.544925493258514e-08,6.024282095337525e-08,1.5311872709322873e-07,1.5311872709322873e-07,-1.3436882353152324e-16,3.0623745538023447e-07,-1.4025909227443824e-16,2.5586899025885674e-19,-1.219359640085527e-15,3.062374446249905e-07,1.0404007067257371e-13,4.5060636440000826e-12,6.087894407524155e-11,-1.515716971044418e-11,-9.123906750458951e-20,3.060591028803608e-07,4.5060636440000826e-12,6.087894407524155e-11,-1.4747897999674972e-07,1.7835116381348055e-10,-1.5301385827348456e-07,-5.713229440552752e-09,-5.7132294406267805e-09,-1.6566637319719335e-16,3.0166830660734086e-09,9.431032301726366e-21,-1.3908789807294603e-12,3.0150539072844145e-09,1.6238929167437862e-12,4.623740720976195e-13,9.336051241060865e-13,2.359612854224005e-21,1.6566532315574742e-16
6.569999999999999,548,101324.99999999999,2.771e-08,0.066,0.29999999999999993,0.6339999999999998,0.22000000000000003,548.0,1e-11,1e-22,IdealGasReactor,off,0.6297828193973216,0.0,0.0,0.27716586094592927,0.04116023469602691,0.01371722858523577,1.0685561044072788e-11,0.03817385636480089,0.0,0.002735939658897567,3.298915067551964e-11,0.5965147567647402,5.226268501493485e-09,1.7259676418871877e-07,1.2106333708551465e-07,1.1123921795333586e-05,0.4001088557813158,4.1548900430008335e-05,3.240117995407946e-05,0.0004677101379923229,4.682175596664583e-06,2.0791351132813572e-13,1.9775258928623357e-09,8.26805821852554e-05,0.0,0.0,0.0,0.0,0.0,0.0,0.0,0.0,0.0,0.0,0.0,0.0,-2.296189402802805e-07,4.592378804142048e-07,1.5307929340933976e-07,1.3431758761117518e-16,-3.0615858694912227e-07,0.0,2.0520841475540769e-16,5.470792895188525e-23,2.1468222360352595e-18,4.322641797940578e-22,1.2049202493370033e-17,-1.0137925587449907e-20,7.636531415089551e-21,2.1336467119398982e-16,3.383344400442694e-22,-1.714684979795425e-18,1.816565971400484e-21,6.252709949076621e-22,-2.4545191854836077e-24,4.563450731876344e-23,-2.1552247085086335e-16,3.031478229899602e-07,2.296189402802805e-07,4.233820072498439e-07,-4.592364913719128e-07,-3.9359607208812803e-07,1.236551732229606e-10,1.204276272094982e-07,6.017523151846987e-08,6.539515957079132e-08,6.017523151846987e-08,1.5300591094844736e-07,1.5300591094844736e-07,-1.3431758761117518e-16,3.0601182308944823e-07,-1.4005259451550417e-16,2.555388404888989e-19,-1.21821243065616e-15,3.0601182154921247e-07,1.0396341508188604e-13,4.4990582426124675e-12,6.080227577738161e-11,-1.5126048848523824e-11,-9.111374029582852e-20,3.058336620331612e-07,4.4990582426124675e-12,6.080227577738161e-11,-1.4736848672394079e-07,1.7815973157373153e-10,-1.529011336777635e-07,-5.710806685398959e-09,-5.710806685406595e-09,-1.6554468500291944e-16,3.012391002177076e-09,9.418578036311664e-21,-1.389042291988241e-12,3.010763959162108e-09,1.6215819804223068e-12,4.619642434791745e-13,9.32373545441006e-13,2.3565210321892654e-21,1.6554473063742676e-16
6.578999999999999,548,101325.00000000003,2.771e-08,0.066,0.29999999999999993,0.6339999999999998,0.22000000000000003,548.0,1e-11,1e-22,IdealGasReactor,off,0.6297782183265666,0.0,0.0,0.27714191860971166,0.04120376882006669,0.013731739980728248,1.0698308326892976e-11,0.038144354252228424,0.0,0.002735048793193461,3.2960541665960646e-11,0.5966682874091785,5.2248799947219246e-09,1.7272274698605902e-07,1.2105148098958326e-07,1.11264552516187e-05,0.39995679736201684,4.1525573885326216e-05,3.2365589442766175e-05,0.0004672451041003185,4.680449755271544e-06,2.0771320886388868e-13,1.977927174553715e-09,8.26222529723807e-05,0.0,0.0,0.0,0.0,0.0,0.0,0.0,0.0,0.0,0.0,0.0,0.0,-2.294496340090063e-07,4.588992678833889e-07,1.5296642256111038e-07,1.3426636101217106e-16,-3.059328452551688e-07,0.0,1.914019365338402e-16,4.109210381583045e-23,6.466201023756199e-19,1.681081065778777e-21,3.6078309597112855e-19,-6.731264952711518e-20,6.690981256880186e-20,1.903744036779401e-16,1.028807502449962e-21,-6.65119423292349e-19,-8.343168628718232e-22,-6.944181242382667e-22,-2.331719542656575e-22,-1.7567036287239312e-23,-1.9102592372447287e-16,3.0292636610745145e-07,2.294496340090063e-07,4.2302562550804063e-07,-4.5889788067573567e-07,-3.933118550448695e-07,1.234857886712827e-10,1.2039100853191897e-07,6.010769023904199e-08,6.534108846087722e-08,6.010769023904199e-08,1.5289313986666674e-07,1.5289313986666674e-07,-1.3426636101217106e-16,3.0578628092465525e-07,-1.3984636781707767e-16,2.552090624847439e-19,-1.217065927200294e-15,3.0578627940869296e-07,1.038867901103885e-13,4.492062084730525e-12,6.072569070691508e-11,-1.5094986714252386e-11,-9.098856584979222e-20,3.056083111579203e-07,4.492062084730525e-12,6.072569070691508e-11,-1.472580382041337e-07,1.7796844179858385e-10,-1.527884541193114e-07,-5.708384356976672e-09,-5.708384357043582e-09,-1.6542420118361742e-16,3.008104077215897e-09,9.406137672152299e-21,-1.3872076532348364e-12,3.006479147717395e-09,1.6192738117502702e-12,4.615546011823586e-13,9.311433217141532e-13,2.353432563943481e-21,1.6542418361658113e-16
6.587999999999999,548,101325.0,2.771e-08,0.066,0.29999999999999993,0.6339999999999998,0.22000000000000003,548.0,1e-11,1e-22,IdealGasReactor,off,0.6297736207166428,0.0,0.0,0.27711799428242867,0.04124727019863077,0.013746240461046482,1.0711050588850877e-11,0.0381148743305403,0.0,0.002734157799234314,3.2931953845199695e-11,0.5968217904818185,5.2234914243498085e-09,1.728484659540369e-07,1.210395007724736e-07,1.11289794670759e-05,0.3998047661942072,4.150225088651304e-05,3.233003256065909e-05,0.000466780468961983,4.678723968750251e-06,2.075130777466693e-13,1.9783284668795895e-09,8.256394596876543e-05,0.0,0.0,0.0,0.0,0.0,0.0,0.0,0.0,0.0,0.0,0.0,0.0,-2.2928039559082973e-07,4.585607909837057e-07,1.5285359695126018e-07,1.3421514375792216e-16,-3.057071940281318e-07,0.0,1.928349989450246e-14,-1.1492020352946351e-21,4.987818087757242e-18,-4.884129296124693e-21,6.376839897800717e-17,4.0583466085321665e-19,-4.493468426153436e-19,1.9339082882234014e-14,9.912615300886261e-21,-3.522175653004176e-18,-1.1334640252931764e-21,8.738310141616042e-21,9.438949769584185e-22,-3.693939060204708e-22,-1.9344095609102095e-14,3.027049945586468e-07,2.2928039559082973e-07,4.2266942526648995e-07,-4.5855940560864247e-07,-3.930277490626088e-07,1.2331660492823954e-10,1.2035435975983098e-07,6.004019713348678e-08,6.528704162698807e-08,6.004019713348678e-08,1.527804138978728e-07,1.527804138978728e-07,-1.3421514375792216e-16,3.0556082898583515e-07,-1.396404119352683e-16,2.5487965598799095e-19,-1.2159201300340056e-15,3.0556080832244703e-07,1.0381019579204511e-13,4.485075162503596e-12,6.064918881069912e-11,-1.5063983214234298e-11,-9.086354404336013e-20,3.053830503720092e-07,4.485075162503596e-12,6.064918881069912e-11,-1.4714763449486652e-07,1.7777729453344716e-10,-1.5267581965668322e-07,-5.705962456393662e-09,-5.7059624559443155e-09,-1.6530405154528287e-16,3.0038222877260356e-09,9.393711200610662e-21,-1.3853750631958831e-12,3.0021994694849967e-09,1.6169684088597052e-12,4.611451454391208e-13,9.299144521479083e-13,2.350347447679126e-21,1.6530368215137685e-16
6.5969999999999995,548,101324.99999999999,2.771e-08,0.066,0.29999999999999993,0.6339999999999998,0.22000000000000003,548.0,1e-11,1e-22,IdealGasReactor,off,0.6297690265660375,0.0,0.0,0.2770940879562099,0.04129073884602962,0.013760730030960695,1.0723787831133542e-11,0.038085416590038605,0.0,0.0027332666777309554,3.290338720980242e-11,0.596975265941969,5.222102791264818e-09,1.7297392130598216e-07,1.21027396650523e-07,1.1131494450030885e-05,0.3996527623179708,4.1478931447935564e-05,3.2294509293031284e-05,0.00046631623243589983,4.676998237992171e-06,2.0731311790532428e-13,1.9787297696641376e-09,8.250566120305838e-05,0.0,0.0,0.0,0.0,0.0,0.0,0.0,0.0,0.0,0.0,0.0,0.0,-2.2911122512329487e-07,4.5822245005857495e-07,1.527408166339295e-07,1.3416393586180061e-16,-3.054816334151663e-07,0.0,7.681403837466379e-16,-8.50292997981698e-23,-6.249492846275371e-18,1.000241242089186e-20,5.3813803084078616e-17,9.836170099990563e-20,-1.1519648082658485e-19,8.352490877578251e-16,9.834423206012363e-22,6.904588054550812e-18,-4.5196831610922406e-21,-4.1317671597023732e-22,4.0527357232841183e-22,9.203323926876642e-23,-8.289731279330787e-16,3.0248370849387087e-07,2.2911122512329487e-07,4.2231340670699415e-07,-4.582210665140542e-07,-3.927437543059522e-07,1.231476218586772e-10,1.2031768094400158e-07,5.997275222607715e-08,6.523301909971006e-08,5.997275222607715e-08,1.5266773310716471e-07,1.5266773310716471e-07,-1.3416393586180061e-16,3.053354674031894e-07,-1.3943472662133435e-16,2.545506207555722e-19,-1.2147750394419731e-15,3.0533546524491584e-07,1.0373363217108887e-13,4.478097468524801e-12,6.057277004158273e-11,-1.5033038256734626e-11,-9.073867475113481e-20,3.051578797840724e-07,4.478097468524801e-12,6.057277004158273e-11,-1.4703727564961163e-07,1.7758628981656352e-10,-1.525632303440961e-07,-5.7035409843178586e-09,-5.703540984202662e-09,-1.6518313428333987e-16,2.9995456305336066e-09,9.381298613975371e-21,-1.3835445207344547e-12,2.9979249212954384e-09,1.6146657700418063e-12,4.60735876526907e-13,9.286869360563754e-13,2.3472656818237897e-21,1.6518322631657914e-16
6.605999999999999,548,101325.00000000003,2.771e-08,0.066,0.29999999999999993,0.6339999999999998,0.22000000000000003,548.0,1e-11,1e-22,IdealGasReactor,off,0.6297644358732367,0.0,0.0,0.27707019962317686,0.0413341747765882,0.01377520869524582,1.0736520054929433e-11,0.038055981021015595,0.0,0.002732375429163643,3.287484175353085e-11,0.5971287136990706,5.220714095916196e-09,1.7309911324072795e-07,1.2101516883088845e-07,1.113400020891037e-05,0.3995007858235326,4.1455615580464704e-05,3.225901962241064e-05,0.0004658523943410008,4.67527256399698e-06,2.0711332926576465e-13,1.9791310829815475e-09,8.244739870726296e-05,0.0,0.0,0.0,0.0,0.0,0.0,0.0,0.0,0.0,0.0,0.0,0.0,-2.2894212266512453e-07,4.5788424519576156e-07,1.526280816704266e-07,1.3411273735404185e-16,-3.052561634508105e-07,0.0,1.0696462992346466e-15,-1.3590990562590593e-22,1.0794379998991933e-17,-7.683700350625003e-21,4.425747149403719e-19,-1.7470054537119944e-20,2.561612920954216e-20,1.0458387433589893e-15,-2.0042529696610174e-22,-1.3326037646599628e-17,8.684189386269381e-21,5.624311177477743e-22,7.979885306667906e-22,1.6569460562984281e-22,-1.0566944854511166e-15,3.0226250795134177e-07,2.2894212266512453e-07,4.219575699400103e-07,-4.578828634797371e-07,-3.924598708733159e-07,1.2297883930660626e-10,1.202809721150672e-07,5.990535553089122e-08,6.517902089860927e-08,5.990535553089122e-08,1.5255509753387225e-07,1.5255509753387225e-07,-1.3411273735404185e-16,3.051101962553749e-07,-1.3922931163454573e-16,2.5422195651799125e-19,-1.2136306557579711e-15,3.0511019388779204e-07,1.0365709927424329e-13,4.471128994628453e-12,6.049643434215936e-11,-1.5002151747471215e-11,-9.061395785141544e-20,3.049327995167892e-07,4.471128994628453e-12,6.049643434215936e-11,-1.4692696172827445e-07,1.773954276973139e-10,-1.5245068624273743e-07,-5.701119942152147e-09,-5.7011199421777635e-09,-1.6506265046403784e-16,2.99527410196074e-09,9.368899902942801e-21,-1.3817160244787034e-12,2.9936554994687375e-09,1.6123658933131173e-12,4.603267946450065e-13,9.274607725956259e-13,2.3441872643994243e-21,1.6506281615864347e-16
6.614999999999999,548,101324.99999999999,2.771e-08,0.066,0.29999999999999993,0.6339999999999998,0.22000000000000003,548.0,1e-11,1e-22,IdealGasReactor,off,0.6297598486367255,0.0,0.0,0.27704632927544404,0.04137757800464555,0.013789676458681567,1.0749247261428531e-11,0.0380265676137541,0.0,0.002731484054357145,3.284631747428169e-11,0.5972821337373663,5.219325339408095e-09,1.7322404197910829e-07,1.2100281753451317e-07,1.1136496752011986e-05,0.399348836725908,4.143230330017017e-05,3.2223563535359436e-05,0.00046538895455463456,4.67354694760061e-06,2.0691371175794048e-13,1.9795324065320542e-09,8.238915850820443e-05,0.0,0.0,0.0,0.0,0.0,0.0,0.0,0.0,0.0,0.0,0.0,0.0,-2.2877308833264155e-07,4.575461765540459e-07,1.5251539211123544e-07,1.3406154823958784e-16,-3.0503078435184924e-07,0.0,-4.967947497319978e-16,-8.423398414534251e-23,2.363132843369489e-18,2.1299217205059743e-21,-2.2812132516775207e-17,1.2001398071409368e-19,-1.199535965293773e-19,-5.241827792229673e-16,-6.085921782083339e-22,-2.307564541978165e-18,1.4945798595124658e-21,9.34042007937222e-22,5.337684087619872e-22,-7.552947188899051e-23,5.218048638582625e-16,3.020413931507731e-07,2.2877308833264155e-07,4.2160191518151506e-07,-4.575447966644725e-07,-3.921760989613439e-07,1.2281025714684232e-10,1.202442333338855e-07,5.98380070769575e-08,6.512504705956598e-08,5.98380070769575e-08,1.5244250725555153e-07,1.5244250725555153e-07,-1.3406154823958784e-16,3.048850156975055e-07,-1.390241667220274e-16,2.5389366304465616e-19,-1.212486979238544e-15,3.048850149012239e-07,1.0358059715420552e-13,4.464169733770711e-12,6.042018167019028e-11,-1.497132359619206e-11,-9.048939321682436e-20,3.047078096712115e-07,4.464169733770711e-12,6.042018167019028e-11,-1.4681669278102902e-07,1.772047082075332e-10,-1.5233818740302795e-07,-5.698699330206414e-09,-5.69869933008646e-09,-1.649425272954829e-16,2.9910076990766225e-09,9.356515060558506e-21,-1.3798895734032428e-12,2.989391201076149e-09,1.6100687770942886e-12,4.599179001080885e-13,9.262359611544435e-13,2.3411121940247834e-21,1.64942451766011e-16
6.624,548,101325.0,2.771e-08,0.066,0.29999999999999993,0.6339999999999998,0.22000000000000003,548.0,1e-11,1e-22,IdealGasReactor,off,0.6297552648549863,0.0,0.0,0.2770224769051174,0.04142094854455479,0.013804133326052315,1.0761969451822253e-11,0.03799717635852724,0.0,0.002730592553824567,3.2817814366171054e-11,0.5974355259736208,5.217936522252283e-09,1.7334870772239151e-07,1.209903429698187e-07,1.1138984087756717e-05,0.39919691510796057,4.140899461840512e-05,3.218814101474271e-05,0.000464925912900731,4.671821389785951e-06,2.0671426530790755e-13,1.979933740353968e-09,8.233094063726142e-05,0.0,0.0,0.0,0.0,0.0,0.0,0.0,0.0,0.0,0.0,0.0,0.0,-2.286041221897663e-07,4.5720824420015927e-07,1.5240274801627476e-07,1.3401036854619765e-16,-3.0480549616150346e-07,0.0,-9.430132540004893e-16,2.5900924371293093e-22,2.852663900443664e-18,-3.022845006925829e-22,4.5379101934879497e-17,3.382837833096862e-20,-3.4007876523892627e-20,-9.026718846553078e-16,-3.497075676216983e-22,-2.1889892607919e-18,2.2197579549864813e-21,-2.510751653039862e-22,-5.461739587147255e-22,-6.240191746113483e-24,8.998039085923884e-16,3.018203641390023e-07,2.286041221897663e-07,4.2124644255125227e-07,-4.572068661349931e-07,-3.918924386773429e-07,1.226418752261178e-10,1.2020746463409397e-07,5.977070687958497e-08,6.5071097603601e-08,5.977070687958497e-08,1.523299623149847e-07,1.523299623149847e-07,-1.3401036854619765e-16,3.0465992581514557e-07,-1.3881929164176505e-16,2.5356574006939166e-19,-1.2113440102073311e-15,3.046599253986315e-07,1.0350412584004484e-13,4.457219677885524e-12,6.034401196961305e-11,-1.494055370917716e-11,-9.036498072501145e-20,3.0448291036743337e-07,4.457219677885524e-12,6.034401196961305e-11,-1.4670646886650273e-07,1.7701413139423757e-10,-1.5222573388488035e-07,-5.696279149772022e-09,-5.696279149738014e-09,-1.6482213942913192e-16,2.986746418263285e-09,9.344144077721444e-21,-1.3780651661660902e-12,2.985132022501113e-09,1.6077744194360034e-12,4.595091931254662e-13,9.250125009087071e-13,2.3380404687723282e-21,1.6482213318894018e-16
6.632999999999999,548,101325.0,2.771e-08,0.066,0.29999999999999993,0.6339999999999998,0.22000000000000003,548.0,1e-11,1e-22,IdealGasReactor,off,0.6297506845265008,0.0,0.0,0.2769986425042952,0.041464286410683344,0.013818579302147152,1.0774686627303451e-11,0.03796780724559858,0.0,0.0027297009282480833,3.278933242533487e-11,0.5975888903613694,5.216547645282089e-09,1.7347311068287996e-07,1.2097774535201484e-07,1.1141462224507532e-05,0.3990450210155825,4.1385689549067474e-05,3.215275204539065e-05,0.0004644632692317134,4.670095891455023e-06,2.0651498984363592e-13,1.980335084301942e-09,8.227274512323919e-05,0.0,0.0,0.0,0.0,0.0,0.0,0.0,0.0,0.0,0.0,0.0,0.0,-2.2843522432859808e-07,4.568704485232206e-07,1.52290149440145e-07,1.3395919828919776e-16,-3.045802990156258e-07,0.0,3.1930668014274977e-17,2.5280142723007587e-23,-1.2316046780573885e-18,-2.902375621776879e-22,9.846758011831241e-21,5.770411953169921e-21,-5.825833054210974e-21,3.3329426294199084e-17,-9.14141609518716e-23,1.3942997986367693e-19,-1.0694411344544957e-21,4.3452831553176235e-23,4.628698201277698e-23,6.3650404474997374e-24,-3.209102620425209e-17,3.0159942105513265e-07,2.2843522432859808e-07,4.2089115222050364e-07,-4.56869072280419e-07,-3.916088901766674e-07,1.2247369340621178e-10,1.201706660641856e-07,5.970345496135544e-08,6.501717255970908e-08,5.970345496135544e-08,1.522174627736518e-07,1.522174627736518e-07,-1.3395919828919776e-16,3.044349267312528e-07,-1.3861468614575533e-16,2.5323818734499424e-19,-1.2102017489492695e-15,3.0443492538001493e-07,1.0342768537353513e-13,4.450278819454539e-12,6.026792519177655e-11,-1.4909841994728603e-11,-9.024072025081383e-20,3.042581017148103e-07,4.450278819454539e-12,6.026792519177655e-11,-1.465962900385392e-07,1.7682369729565446e-10,-1.521133257428493e-07,-5.693859401605814e-09,-5.693859401599988e-09,-1.6470185413317691e-16,2.9824902562701066e-09,9.331786946476841e-21,-1.3762428015944464e-12,2.9808779604931665e-09,1.6054828185858654e-12,4.591006739627613e-13,9.237903911477577e-13,2.3349720870053417e-21,1.6470186049821736e-16
6.6419999999999995,548,101325.0,2.771e-08,0.066,0.29999999999999993,0.6339999999999998,0.22000000000000003,548.0,1e-11,1e-22,IdealGasReactor,off,0.6297461076497494,0.0,0.0,0.27697482606506874,0.04150759161741228,0.013833014391759902,1.0787398789066553e-11,0.0379384602652224,0.0,0.0027288091782247644,3.2760871646859844e-11,0.5977422268357848,5.215158709168738e-09,1.7359725106745172e-07,1.209650248928865e-07,1.1143931170665363e-05,0.3988931545131306,4.136238810476242e-05,3.211739661110668e-05,0.00046400102338521045,4.668370453549593e-06,2.0631588529193927e-13,1.9807364383230652e-09,8.22145719961383e-05,0.0,0.0,0.0,0.0,0.0,0.0,0.0,0.0,0.0,0.0,0.0,0.0,-2.282663948268226e-07,4.565327894445156e-07,1.5217759643994501e-07,1.3390803749012307e-16,-3.043551930107388e-07,0.0,-1.3485515062617261e-15,-7.027032173114629e-22,6.169154535132368e-19,9.619657797343627e-21,7.522388431491114e-17,3.044554049787176e-19,-3.077831525830184e-19,-1.2760814261471928e-15,-1.3685841569338182e-21,-2.4227564092937405e-18,-2.421452093697864e-22,5.111459197694865e-22,-6.005275692345288e-22,-6.412326559886864e-23,1.2754532588310691e-15,3.013785639991275e-07,2.282663948268226e-07,4.205360443339954e-07,-4.565314150220372e-07,-3.913254535901025e-07,1.223057115411561e-10,1.201338376652652e-07,5.963625134103404e-08,6.49632719527868e-08,5.963625134103404e-08,1.5210500868346803e-07,1.5210500868346803e-07,-1.3390803749012307e-16,3.0421001854966044e-07,-1.3841034998890918e-16,2.52911004614398e-19,-1.2090601957665591e-15,3.042100185091101e-07,1.0335127578995134e-13,4.443347150677973e-12,6.019192128421651e-11,-1.4879188360271592e-11,-9.011661167039889e-20,3.0403338382770296e-07,4.443347150677973e-12,6.019192128421651e-11,-1.4648615635321268e-07,1.7663340595389471e-10,-1.520009630339878e-07,-5.691440086732331e-09,-5.6914400864245475e-09,-1.6458169787739746e-16,2.978239209654851e-09,9.319443658276352e-21,-1.374422478427768e-12,2.9766290116112827e-09,1.6031939726889442e-12,4.586923428564729e-13,9.225696311019714e-13,2.331907046935733e-21,1.6458163375413186e-16
6.650999999999999,548,101325.00000000004,2.771e-08,0.066,0.29999999999999993,0.6339999999999998,0.22000000000000003,548.0,1e-11,1e-22,IdealGasReactor,off,0.62974153422321,0.0,0.0,0.2769510275795202,0.04155086417913759,0.013847438599688962,1.0800105938307205e-11,0.03790913540764281,0.0,0.002727917304284399,3.273243202500112e-11,0.5978955353175086,5.2137697144556055e-09,1.737211290788356e-07,1.2095218180149477e-07,1.1146390934661316e-05,0.3987413156795723,4.1339090297072565e-05,3.208207469488007e-05,0.00046353917518710984,4.666645077043068e-06,2.061169515787027e-13,1.981137802437958e-09,8.215642128689479e-05,0.0,0.0,0.0,0.0,0.0,0.0,0.0,0.0,0.0,0.0,0.0,0.0,-2.2809763375072652e-07,4.561952667772349e-07,1.520650890747199e-07,1.3385688617542273e-16,-3.041301782090617e-07,0.0,-3.745644138648194e-14,5.799271732647162e-21,3.788577668154639e-17,-2.3964625411571445e-20,5.906048397804936e-16,1.6394322694106983e-18,-1.6269368790774723e-18,-3.693866204150978e-14,-1.268020623120125e-20,-3.615838973900505e-17,4.32211547425889e-20,-2.754658781348193e-20,-1.9003739098613047e-20,-6.775655395760154e-22,3.690057707872982e-14,3.0115779303679794e-07,2.2809763375072652e-07,4.2018111901543837e-07,-4.5619389417303957e-07,-3.910421290290273e-07,1.221379294788769e-10,1.2009697947261254e-07,5.956909603435999e-08,6.490939580449341e-08,5.956909603435999e-08,1.5199260008877997e-07,1.5199260008877997e-07,-1.3385688617542273e-16,3.039852013590782e-07,-1.3820628292842928e-16,2.5258419161276073e-19,-1.2079193509748288e-15,3.039852369823848e-07,1.0327489711942568e-13,4.43642466353406e-12,6.011600019146013e-11,-1.4848592712563227e-11,-8.999265486097444e-20,3.038087568243936e-07,4.43642466353406e-12,6.011600019146013e-11,-1.463760678683324e-07,1.7644325741408263e-10,-1.5188864581731832e-07,-5.689021206387506e-09,-5.689021204760569e-09,-1.6446213057421415e-16,2.973993274816887e-09,9.307114204102506e-21,-1.3726041953362822e-12,2.972385172263763e-09,1.6009078798092534e-12,4.582842000200429e-13,9.213502199550675e-13,2.328845346655744e-21,1.6446145300867457e-16
6.659999999999999,548,101325.0,2.771e-08,0.066,0.29999999999999993,0.6339999999999998,0.22000000000000003,548.0,1e-11,1e-22,IdealGasReactor,off,0.6297369642453604,0.0,0.0,0.27692724703972593,0.04159410411026769,0.01386185193073756,1.0812808076222897e-11,0.03787983266309559,0.0,0.0027270253074582525,3.270401356004326e-11,0.5980488158362954,5.212380662640744e-09,1.7384474495276127e-07,1.2093921630707145e-07,1.1148841524741649e-05,0.39858950448417,4.1315796145133265e-05,3.2046786285560056e-05,0.0004630777245482175,4.664919762668258e-06,2.0591818863567615e-13,1.9815391761193213e-09,8.209829301891111e-05,0.0,0.0,0.0,0.0,0.0,0.0,0.0,0.0,0.0,0.0,0.0,0.0,-2.2792894125030072e-07,4.558578823458189e-07,1.5195262738780692e-07,1.3380574433464942e-16,-3.0390525491313155e-07,0.0,3.0217168040670035e-15,1.346485471403363e-23,-1.751617409793246e-18,3.1123677726732404e-21,2.0965018356609594e-17,-1.929646932963703e-20,2.5070190005257163e-20,3.046379260204721e-15,-9.636467333980416e-22,1.942046097715544e-18,-1.49585839478055e-21,5.329628084255726e-22,1.217112760929328e-21,2.5653174951477317e-23,-3.0446201559937795e-15,3.0093710847318425e-07,2.2792894125030072e-07,4.1982637654180383e-07,-4.558565115578674e-07,-3.907589167475099e-07,1.2197034711194726e-10,1.2006009156542932e-07,5.950198907875567e-08,6.485554416018895e-08,5.950198907875567e-08,1.5188023708948402e-07,1.5188023708948402e-07,-1.3380574433464942e-16,3.037604753592425e-07,-1.3800248470389092e-16,2.522577481316134e-19,-1.2067792147771801e-15,3.037604709987818e-07,1.0319854942983497e-13,4.429511351623931e-12,6.004016188003793e-11,-1.4818054964133816e-11,-8.98688496915076e-20,3.0358422079170606e-07,4.429511351623931e-12,6.004016188003793e-11,-1.4626602462759186e-07,1.762532516958835e-10,-1.5177637413611682e-07,-5.68660276021506e-09,-5.68660276024013e-09,-1.6434129272160995e-16,2.969752449271814e-09,9.294798578345187e-21,-1.370787951493597e-12,2.968146439947313e-09,1.5986245385963686e-12,4.578762458344439e-13,9.201321572282415e-13,2.3257869851222264e-21,1.643413183747849e-16
6.669,548,101325.0,2.771e-08,0.066,0.29999999999999993,0.6339999999999998,0.22000000000000003,548.0,1e-11,1e-22,IdealGasReactor,off,0.6297323977146759,0.0,0.0,0.276903484437753,0.041637311425226455,0.013876254389713436,1.0825505204012221e-11,0.037850552021805976,0.0,0.0027261331879534184,3.267561624230721e-11,0.5982020682428575,5.210991553653101e-09,1.7396809887116163e-07,1.2092612860568753e-07,1.1151282949472092e-05,0.3984377210762023,4.1292505655645275e-05,3.2011531362298355e-05,0.00046261667123898627,4.663194511551399e-06,2.0571959638463608e-13,1.9819405597399207e-09,8.204018722779213e-05,0.0,0.0,0.0,0.0,0.0,0.0,0.0,0.0,0.0,0.0,0.0,0.0,-2.2776031733754693e-07,4.5552063456158445e-07,1.518402114480335e-07,1.3375461201789896e-16,-3.036804230237228e-07,0.0,-3.180518803234494e-15,1.6183787406003654e-22,2.245255286452901e-18,-3.555692744512266e-21,-2.0231064307813743e-17,1.3160774417963692e-19,-1.302644028648508e-19,-3.2067330195956782e-15,1.7701925622060132e-21,-3.846951193208927e-18,1.8527524978705863e-21,-2.136090534341625e-21,5.581036881565585e-22,2.3915926336122653e-23,3.204476423037405e-15,3.0071651021336453e-07,2.2776031733754693e-07,4.1947181693706647e-07,-4.555192655878392e-07,-3.904758167643972e-07,1.218029642592471e-10,1.2002317395088785e-07,5.943493047572408e-08,6.480171702613007e-08,5.943493047572408e-08,1.517679196939057e-07,1.517679196939057e-07,-1.3375461201789896e-16,3.0353584056686386e-07,-1.3779895508367954e-16,2.519316738692766e-19,-1.2056397875577299e-15,3.0353584246078924e-07,1.0312223272683609e-13,4.422607205870751e-12,5.996440628016989e-11,-1.4787575018270246e-11,-8.974519604436804e-20,3.0335977586745297e-07,4.422607205870751e-12,5.996440628016989e-11,-1.461560266975608e-07,1.7606338885984877e-10,-1.51664148059175e-07,-5.6841847504727254e-09,-5.684184750342461e-09,-1.6422120594900195e-16,2.965516728696111e-09,9.282496769764157e-21,-1.3689737452415217e-12,2.9639128103582245e-09,1.596343946731257e-12,4.574684804038916e-13,9.189154418846898e-13,2.3227319598618654e-21,1.6422122986492829e-16
6.677999999999999,548,101325.0,2.771e-08,0.066,0.29999999999999993,0.6339999999999998,0.22000000000000003,548.0,1e-11,1e-22,IdealGasReactor,off,0.6297278346296303,0.0,0.0,0.27687973976566116,0.041680486138451336,0.013890645981428987,1.08381973228753e-11,0.03782129347399002,0.0,0.0027252409465042295,3.264724006845528e-11,0.5983552925025947,5.209602388425385e-09,1.740911910507315e-07,1.2091291891460364e-07,1.1153715217221778e-05,0.39828596548963824,4.126921884325045e-05,3.197630991040954e-05,0.00046215601511916116,4.661469324566096e-06,2.055211747535326e-13,1.9823419530966795e-09,8.19821039412344e-05,0.0,0.0,0.0,0.0,0.0,0.0,0.0,0.0,0.0,0.0,0.0,0.0,-2.2759176211249614e-07,4.5518352413679704e-07,1.517278413076951e-07,1.3370348923648665e-16,-3.034556827057822e-07,0.0,1.4579259867754683e-14,-9.355369186188997e-22,2.1379183416543627e-17,1.444374107209084e-20,-4.5400436577238464e-17,8.555032767268433e-20,-8.665709533228029e-20,1.449053051210721e-14,-1.878297858709109e-21,-2.1824575826868216e-17,2.305602843775559e-20,-3.957774887730672e-21,-5.5754152400186426e-21,4.4226490561481385e-22,-1.451202726728718e-14,3.0049599842544433e-07,2.2759176211249614e-07,4.1911744038637534e-07,-4.551821569752216e-07,-3.901928292485831e-07,1.2163578078662116e-10,1.1998622668233443e-07,5.936792024957671e-08,6.474791443350006e-08,5.936792024957671e-08,1.5165564796878158e-07,1.5165564796878158e-07,-1.3370348923648665e-16,3.033112971154e-07,-1.3759569381764965e-16,2.5160596858337273e-19,-1.2045010695824123e-15,3.033112813133343e-07,1.0304594705577464e-13,4.415712218904756e-12,5.98887333452194e-11,-1.4757152784326753e-11,-8.962169379326299e-20,3.0313542215642175e-07,4.415712218904756e-12,5.98887333452194e-11,-1.4604607412995234e-07,1.7587366893980886e-10,-1.5155196763875418e-07,-5.681767177742751e-09,-5.681767177656094e-09,-1.6410074529075708e-16,2.9612861099373337e-09,9.270208770703207e-21,-1.3671615754514293e-12,2.9596842803378502e-09,1.5940661025108903e-12,4.570609040088031e-13,9.177000732425924e-13,2.3196802693108628e-21,1.641011875556627e-16
6.686999999999999,548,101324.99999999999,2.771e-08,0.066,0.29999999999999993,0.6339999999999998,0.22000000000000003,548.0,1e-11,1e-22,IdealGasReactor,off,0.6297232749886966,0.0,0.0,0.27685601301550355,0.04172362826439199,0.013905026710701414,1.0850884434014079e-11,0.03779205700985549,0.0,0.0027243485839206823,3.261888503603092e-11,0.5985084885975973,5.208213168034414e-09,1.742140217129239e-07,1.2089958745413038e-07,1.1156138336338207e-05,0.39813423774166673,4.12459357237233e-05,3.1941121916065776e-05,0.0004616957560609851,4.659744202548332e-06,2.05322923671057e-13,1.982743355903002e-09,8.192404318570355e-05,0.0,0.0,0.0,0.0,0.0,0.0,0.0,0.0,0.0,0.0,0.0,0.0,-2.2742327568762733e-07,4.54846551177057e-07,1.5161551701657624e-07,1.336523759960835e-16,-3.0323103415715864e-07,0.0,2.0483681576834725e-14,3.5721286630976046e-22,5.620339573193284e-18,-2.395851007419854e-21,6.45722861845107e-17,3.970202242458516e-19,-4.219415217408492e-19,2.053898789912116e-14,-7.616471376467378e-21,-3.928779926253604e-18,4.652124955360924e-21,-2.0363816663166e-20,1.6327205963110933e-20,-6.382732692997797e-22,-2.054464794243315e-14,3.002755733102721e-07,2.2742327568762733e-07,4.1876324709758396e-07,-4.548451858256159e-07,-3.8990995439029983e-07,1.2146879656649234e-10,1.1994924981981046e-07,5.9300958427789704e-08,6.469413641699771e-08,5.9300958427789704e-08,1.5154342198912716e-07,1.5154342198912716e-07,-1.336523759960835e-16,3.0308684515484846e-07,-1.373927006529227e-16,2.5128063203977294e-19,-1.203363061098648e-15,3.0308682330559833e-07,1.0296969246762159e-13,4.4088263835953955e-12,5.981314303179705e-11,-1.472678817259566e-11,-8.949834281059324e-20,3.029111597582809e-07,4.4088263835953955e-12,5.981314303179705e-11,-1.4593616697421045e-07,1.7568409196535816e-10,-1.5143983292458597e-07,-5.679350042365802e-09,-5.67935004194386e-09,-1.6398182980589646e-16,2.9570605899913205e-09,9.257934574006633e-21,-1.3653514410682304e-12,2.955460846886554e-09,1.5917910043177968e-12,4.566535169543167e-13,9.164860506695553e-13,2.3166319120319933e-21,1.6398119153262716e-16
6.695999999999999,548,101324.99999999997,2.771e-08,0.066,0.29999999999999993,0.6339999999999998,0.22000000000000003,548.0,1e-11,1e-22,IdealGasReactor,off,0.6297187187903462,0.0,0.0,0.2768323041793241,0.0417667378175157,0.013919396582352188,1.0863566538631137e-11,0.037762842619598294,0.0,0.0027234561006436527,3.259055113812442e-11,0.598661656429614,5.206823892854643e-09,1.7433659105596691e-07,1.208861344296651e-07,1.115855231530935e-05,0.3979825379302558,4.122265630726198e-05,3.19059673610909e-05,0.00046123589387374916,4.658019146510519e-06,2.0512484306143755e-13,1.9831447682763804e-09,8.186600499314334e-05,0.0,0.0,0.0,0.0,0.0,0.0,0.0,0.0,0.0,0.0,0.0,0.0,-2.2725485811360673e-07,4.545097160733261e-07,1.5150323863576418e-07,1.3360127232952825e-16,-3.03006477392532e-07,0.0,-5.318343272748972e-15,-3.621679814850082e-22,9.3155855612347e-18,-1.9543355642847328e-21,2.0335778755918056e-17,1.997674266540064e-19,-1.9724121706326945e-19,-5.310459020592757e-15,2.571214698603206e-21,-3.2450135222776627e-18,3.917036040614044e-21,-7.568185616977358e-22,7.797801335770529e-22,1.1091680892269173e-22,5.301094762279655e-15,3.000552348863335e-07,2.2725485811360673e-07,4.1840923716510873e-07,-4.545083525299854e-07,-3.8962719227426223e-07,1.2130201143832387e-10,1.1991224339109343e-07,5.923404502171265e-08,6.464038299379989e-08,5.923404502171265e-08,1.5143124178890293e-07,1.5143124178890293e-07,-1.3360127232952825e-16,3.028624847531957e-07,-1.3718997534952402e-16,2.509556639626532e-19,-1.202225762434449e-15,3.028624887546627e-07,1.0289346898545205e-13,4.401949691613815e-12,5.973763528026592e-11,-1.469648108929839e-11,-8.937514297475468e-20,3.0268698879558364e-07,4.401949691613815e-12,5.973763528026592e-11,-1.4582630528991494e-07,1.754946579843089e-10,-1.513277439777824e-07,-5.676933345849232e-09,-5.676933345651991e-09,-1.6386113091963517e-16,2.9528401650552905e-09,9.245674169998249e-21,-1.3635433406652708e-12,2.9512425061984785e-09,1.589518650100776e-12,4.5624631942146e-13,9.1527337328323e-13,2.3135868859474043e-21,1.638612418364441e-16
6.704999999999999,548,101324.99999999999,2.771e-08,0.066,0.29999999999999993,0.6339999999999998,0.22000000000000003,548.0,1e-11,1e-22,IdealGasReactor,off,0.6297141660330486,0.0,0.0,0.27680861324915995,0.04180981481230053,0.013933755601207654,1.0876243637931141e-11,0.03773365029340693,0.0,0.002722563497268936,3.2562238369665705e-11,0.5988147959342224,5.205434563555031e-09,1.7445889928790376e-07,1.2087256005289995e-07,1.1160957162577203e-05,0.39783086611935975,4.1199380606397774e-05,3.1870846229102794e-05,0.00046077642839282174,4.656294157391093e-06,2.0492693285058493e-13,1.983546190165157e-09,8.180798939311729e-05,0.0,0.0,0.0,0.0,0.0,0.0,0.0,0.0,0.0,0.0,0.0,0.0,-2.2708650946684292e-07,4.541730187390837e-07,1.513910062215955e-07,1.3355017825821976e-16,-3.027820124902867e-07,0.0,1.9020491271606675e-17,-8.387851035515109e-22,4.2939824573903434e-17,-1.297620716228548e-22,6.128691007990729e-17,3.0884938839259926e-19,-3.133145093391605e-19,-6.069990301257026e-18,7.305011521576041e-21,-4.330856354799636e-17,3.1520406289245725e-20,-5.401489399971271e-22,-1.7811842187870864e-22,2.811445333385513e-22,-3.71050784224703e-17,2.998349832354858e-07,2.2708650946684292e-07,4.1805541073045146e-07,-4.5417165700181077e-07,-3.8934454302913934e-07,1.211354252552805e-10,1.1987520743759455e-07,5.9167180049333774e-08,6.458665418836771e-08,5.9167180049333774e-08,1.5131910741918112e-07,1.5131910741918112e-07,-1.3355017825821976e-16,3.026382160125341e-07,-1.369875176619908e-16,2.5063106409340788e-19,-1.2010891738820876e-15,3.026382147108819e-07,1.0281727664396817e-13,4.395082135130638e-12,5.966221003774744e-11,-1.4666231442505828e-11,-8.925209416156504e-20,3.024629093809506e-07,4.395082135130638e-12,5.966221003774744e-11,-1.4571648913237972e-07,1.7530536703638352e-10,-1.5121570085455465e-07,-5.674517089215773e-09,-5.674517088902458e-09,-1.6374105738191697e-16,2.948624831653153e-09,9.233427550045912e-21,-1.3617372729696465e-12,2.9470292548009328e-09,1.587249037987904e-12,4.558393116426919e-13,9.140620403047128e-13,2.3105451892435537e-21,1.637413385264503e-16
6.7139999999999995,548,101325.0,2.771e-08,0.066,0.29999999999999993,0.6339999999999998,0.22000000000000003,548.0,1e-11,1e-22,IdealGasReactor,off,0.6297096167152721,0.0,0.0,0.27678494021704103,0.04185285926323865,0.01394810377209872,1.0888915733120152e-11,0.03770448002146036,0.0,0.0027216707747268736,3.2533946729577403e-11,0.5989679071201784,5.204045181441583e-09,1.745809466385431e-07,1.2085886454893875e-07,1.1163352886456899e-05,0.39767922229936337,4.11761086386904e-05,3.1835758507597636e-05,0.0004603173595097978,4.654569235964957e-06,2.0472919296820842e-13,1.983947621149223e-09,8.174999641006032e-05,0.0,0.0,0.0,0.0,0.0,0.0,0.0,0.0,0.0,0.0,0.0,0.0,-2.269182298793866e-07,4.5383645943518807e-07,1.5127881981955453e-07,1.3349909377881383e-16,-3.0255763973178495e-07,0.0,2.853843200321247e-16,5.076900667698862e-22,2.2248698960487174e-17,-1.7367812217471752e-20,1.90214483195754e-16,2.278518628114068e-19,-2.301812034163561e-19,4.3487836182338254e-16,5.109602282232848e-22,-1.8484428913018548e-17,1.8280399923944244e-20,6.2492978290498395e-21,3.243583711234956e-22,-4.550536990604062e-22,-4.572375179841109e-16,2.996148186418441e-07,2.269182298793866e-07,4.1770176803688786e-07,-4.5383509950195104e-07,-3.8906200687857057e-07,1.2096903790006376e-10,1.1983814203006568e-07,5.910036354299822e-08,6.453295004090358e-08,5.910036354299822e-08,1.5120701896795198e-07,1.5120701896795198e-07,-1.3349909377881383e-16,3.024140391088573e-07,-1.367853273330154e-16,2.5030683221072363e-19,-1.1999532956574557e-15,3.024140373675266e-07,1.0274111550295684e-13,4.388223707388703e-12,5.958686726592552e-11,-1.46360391441257e-11,-8.912919624126542e-20,3.0223892160562013e-07,4.388223707388703e-12,5.958686726592552e-11,-1.456067185471412e-07,1.7511621914397847e-10,-1.5110370360040822e-07,-5.672101272413335e-09,-5.672101272183154e-09,-1.6362193675626443e-16,2.9444145870295098e-09,9.221194707772549e-21,-1.3599332370411588e-12,2.9428210899408567e-09,1.5849821664942692e-12,4.554324939616582e-13,9.128520511782453e-13,2.3075068206795978e-21,1.6362148170256537e-16
6.722999999999999,548,101325.0,2.771e-08,0.066,0.29999999999999993,0.6339999999999998,0.22000000000000003,548.0,1e-11,1e-22,IdealGasReactor,off,0.6297050708354838,0.0,0.0,0.2767612850749894,0.04189587118483626,0.013962441099860865,1.0901582825405605e-11,0.03767533179392809,0.0,0.0027207779335135596,3.250567621155382e-11,0.5991209899015716,5.202655746994068e-09,1.7470273331026715e-07,1.208450481254019e-07,1.116573949543509e-05,0.3975276065558281,4.1152840415147415e-05,3.180070417897439e-05,0.0004598586870425008,4.652844383216528e-06,2.0453162333880844e-13,1.984349061285342e-09,8.169202607488896e-05,0.0,0.0,0.0,0.0,0.0,0.0,0.0,0.0,0.0,0.0,0.0,0.0,-2.2675001941066543e-07,4.5350003877968717e-07,1.51166679488716e-07,1.3344801891997607e-16,-3.023333591418973e-07,0.0,1.592871699616645e-15,-1.9146618609816531e-22,-1.4247452854749714e-17,3.194649350175938e-21,-9.188327538194952e-17,-1.6517142471458857e-20,2.1450447644725114e-20,1.5320638354720662e-15,-1.7428740944880434e-21,1.6698706099637285e-17,-1.0924224171476565e-20,-2.0056544914996693e-21,-6.244428064513469e-22,-1.256323162678478e-22,-1.5177396975418993e-15,2.9939474113397724e-07,2.2675001941066543e-07,4.173483091945274e-07,-4.5349868064845566e-07,-3.8877958392224507e-07,1.208028492167336e-10,1.198010472012982e-07,5.903359551614111e-08,6.447927057103646e-08,5.903359551614111e-08,1.5109497647500748e-07,1.5109497647500748e-07,-1.3344801891997607e-16,3.0218995412175217e-07,-1.365834041205211e-16,2.499829680443883e-19,-1.1988181280719087e-15,3.021899512845039e-07,1.0266498558945558e-13,4.381374400227247e-12,5.951160690743711e-11,-1.4605904101286456e-11,-8.900644909119975e-20,3.020150255878925e-07,4.381374400227247e-12,5.951160690743711e-11,-1.4549699359194233e-07,1.7492721435108703e-10,-1.5099175227436983e-07,-5.669685896773669e-09,-5.66968589679512e-09,-1.6350179704409723e-16,2.9402094274887296e-09,9.208975633844997e-21,-1.358131231503841e-12,2.938618007920017e-09,1.582718033626621e-12,4.550258665763086e-13,9.116434050551308e-13,2.3044717782629883e-21,1.6350167141178096e-16
6.731999999999999,548,101324.99999999999,2.771e-08,0.066,0.29999999999999993,0.6339999999999998,0.22000000000000003,548.0,1e-11,1e-22,IdealGasReactor,off,0.6297005283921487,0.0,0.0,0.27673764781501914,0.04193885059161401,0.013976767589334057,1.0914244915996202e-11,0.03764620560096976,0.0,0.002719884973992177,3.247742680767334e-11,0.5992740441634831,5.2012662604385505e-09,1.7482425949649743e-07,1.208311109845114e-07,1.1168116998051921e-05,0.39737601900348213,4.112957594476903e-05,3.176568322406145e-05,0.00045940041078606673,4.65111960019415e-06,2.043342238852195e-13,1.984750510777746e-09,8.163407842047371e-05,0.0,0.0,0.0,0.0,0.0,0.0,0.0,0.0,0.0,0.0,0.0,0.0,-2.2658187809784416e-07,4.531637561344181e-07,1.510545852922202e-07,1.333969537201821e-16,-3.0210917070254104e-07,0.0,-9.343941564256509e-15,2.4850878827552237e-21,9.549100246335121e-18,1.2761824716749186e-20,-7.207932743778876e-17,-6.792674841387455e-19,6.8643583132713e-19,-9.432045396825783e-15,5.439329732308402e-21,-5.690739515394231e-18,-5.884546519882508e-21,-1.0731479375744989e-20,-2.0715381578939923e-21,-5.735189634423761e-22,9.42243939164409e-15,2.9917475069779053e-07,2.2658187809784416e-07,4.1699503427258163e-07,-4.5316239980316324e-07,-3.8849727422191297e-07,1.206368590375183e-10,1.1976392297250984e-07,5.896687597637332e-08,6.442561579207635e-08,5.896687597637332e-08,1.5098297996536374e-07,1.5098297996536374e-07,-1.333969537201821e-16,3.0196596110125e-07,-1.3638174778704572e-16,2.496594713091959e-19,-1.1976836714652333e-15,3.0196596922937857e-07,1.0258888692046205e-13,4.374534205057283e-12,5.943642889908499e-11,-1.4575826219736876e-11,-8.888385259085635e-20,3.017912214542311e-07,4.374534205057283e-12,5.943642889908499e-11,-1.453873143281693e-07,1.747383527080882e-10,-1.508798469395193e-07,-5.667270964050918e-09,-5.667270964737354e-09,-1.6338248120382013e-16,2.936009349036046e-09,9.19677031802491e-21,-1.3563312548476773e-12,2.934420004750494e-09,1.5804566372357846e-12,4.546194296398321e-13,9.104361009968297e-13,2.3014400597705965e-21,1.633819076848567e-16
6.741,548,101324.99999999997,2.771e-08,0.066,0.29999999999999993,0.6339999999999998,0.22000000000000003,548.0,1e-11,1e-22,IdealGasReactor,off,0.6296959893837312,0.0,0.0,0.2767140284291374,0.04198179749810524,0.013991083245362912,1.0926902006102313e-11,0.03761710143273648,0.0,0.002718991897115944,3.24491985170718e-11,0.5994270699200713,5.199876723124954e-09,1.7494552542922855e-07,1.2081705335228447e-07,1.117048540263251e-05,0.3972244596272797,4.110631524543407e-05,3.173069563054395e-05,0.0004589425306349636,4.649394887659168e-06,2.0413699453700753e-13,1.9851519691797315e-09,8.157615347069155e-05,0.0,0.0,0.0,0.0,0.0,0.0,0.0,0.0,0.0,0.0,0.0,0.0,-2.2641380607627512e-07,4.528276120620809e-07,1.5094253727445884e-07,1.3334589817426055e-16,-3.018850746783086e-07,0.0,-1.0329614396010445e-15,-2.0098371142159302e-22,2.7763873789633727e-18,3.1419471383408952e-22,-4.286473757051431e-17,-5.545418826555498e-20,5.64716204189952e-20,-1.079849369431238e-15,2.0731345873435864e-21,-1.1705825843847182e-18,1.2655656374959793e-21,-1.245578906140006e-21,-1.5249416378235166e-22,-2.844482303996705e-23,1.0770610180067276e-15,2.98954847600594e-07,2.2641380607627512e-07,4.166419435199818e-07,-4.528262575287747e-07,-3.8821507800686896e-07,1.2047106724676434e-10,1.1972676941663685e-07,5.890020495669491e-08,6.437198574512897e-08,5.890020495669491e-08,1.5087102952919003e-07,1.5087102952919003e-07,-1.3334589817426055e-16,3.0174206022768543e-07,-1.361803580743076e-16,2.4933634178569703e-19,-1.1965499260436244e-15,3.017420600048837e-07,1.0251281955724375e-13,4.367703115181251e-12,5.936133320336552e-11,-1.4545805411906271e-11,-8.876140660992799e-20,3.0156750929358753e-07,4.367703115181251e-12,5.936133320336552e-11,-1.452776808003418e-07,1.745496342351331e-10,-1.5076798764022471e-07,-5.664856474117018e-09,-5.664856474173489e-09,-1.6326221906892227e-16,2.9318143489617748e-09,9.18457875405375e-21,-1.3545333061500844e-12,2.9302270777146033e-09,1.5781979758559663e-12,4.5421318350181757e-13,9.09230138458754e-13,2.2984116639894755e-21,1.6326219062409923e-16
6.749999999999999,548,101324.99999999999,2.771e-08,0.066,0.29999999999999993,0.6339999999999998,0.22000000000000003,548.0,1e-11,1e-22,IdealGasReactor,off,0.6296914538086932,0.0,0.0,0.27669042690934353,0.042024711918857344,0.014005388072796545,1.0939554096935642e-11,0.03758801927936977,0.0,0.002718098703392442,3.242099133351895e-11,0.599580067088207,5.198487135554716e-09,1.7506653131184988e-07,1.2080287543673802e-07,1.117284471767252e-05,0.39707292850999076,4.108305832829987e-05,3.16957413808851e-05,0.00045848504640816465,4.647670246588631e-06,2.0393993521845556e-13,1.9855534365359682e-09,8.151825125608941e-05,0.0,0.0,0.0,0.0,0.0,0.0,0.0,0.0,0.0,0.0,0.0,0.0,-2.26245803406877e-07,4.5249160668535156e-07,1.5083053549373843e-07,1.332948523099381e-16,-3.016610711202679e-07,0.0,3.633581787011776e-16,-3.784542822393123e-23,4.614894068353837e-19,-4.787499315113669e-23,-4.889921204499076e-18,1.0587911840678754e-22,-2.663521572420749e-22,3.5796226118981247e-16,2.0870826074027547e-22,-3.997109345341486e-20,2.4510890299271656e-22,1.7008901345621632e-23,-1.612529085504297e-22,7.478207444972024e-24,-3.5842605774035577e-16,2.9873503189713994e-07,2.26245803406877e-07,4.162890370491912e-07,-4.524902539479675e-07,-3.8793299537939317e-07,1.2030547368926545e-10,1.19689586567655e-07,5.883358247074117e-08,6.431838045021044e-08,5.883358247074117e-08,1.5075912520728094e-07,1.5075912520728094e-07,-1.332948523099381e-16,3.0151825158265297e-07,-1.3597923473964891e-16,2.490135792044548e-19,-1.1954168921115227e-15,3.015182499233049e-07,1.0243678352751947e-13,4.360881122466765e-12,5.928631976328565e-11,-1.4515841585345048e-11,-8.863911102542374e-20,3.0134388922275637e-07,4.360881122466765e-12,5.928631976328565e-11,-1.451680930654769e-07,1.7436105897457736e-10,-1.5065617443476369e-07,-5.662442428261531e-09,-5.662442428261264e-09,-1.6314251279939605e-16,2.9276244235720576e-09,9.172400932647016e-21,-1.352737384042049e-12,2.9260392231279585e-09,1.5759420475012863e-12,4.5380712836257014e-13,9.080255165967156e-13,2.29538658893823e-21,1.631425202776035e-16
6.7589999999999995,548,101325.0,2.771e-08,0.066,0.29999999999999993,0.6339999999999998,0.22000000000000003,548.0,1e-11,1e-22,IdealGasReactor,off,0.6296869216654963,0.0,0.0,0.2766668432476296,0.042067593868431265,0.014019682076488633,1.0952201189709359e-11,0.03755895913100203,0.0,0.002717205393457712,3.2392805252307226e-11,0.5997330356129389,5.197097498473865e-09,1.7518727735620882e-07,1.2078857745105916e-07,1.117519495162559e-05,0.3969214257060533,4.1059805206450386e-05,3.16608204590219e-05,0.00045802795794598465,4.645945677896397e-06,2.0374304585519752e-13,1.9859549127492182e-09,8.146037180520649e-05,0.0,0.0,0.0,0.0,0.0,0.0,0.0,0.0,0.0,0.0,0.0,0.0,-2.260778701718236e-07,4.521557402152147e-07,1.50718580004187e-07,1.3324381614541243e-16,-3.0143716014015e-07,0.0,2.154658538793011e-16,-1.9063896055683393e-23,1.3376974450980997e-18,5.0238329639774956e-23,-4.804264997707985e-18,4.102815838263017e-21,-4.102815838263017e-21,2.091907740713289e-16,8.050137473340621e-23,-1.2399956914602466e-19,9.592506198325239e-22,7.560947786617519e-23,-3.3208014711365225e-23,2.40046063319983e-23,-2.105356656259805e-16,2.9851530370257054e-07,2.260778701718236e-07,4.159363150114693e-07,-4.5215438927172745e-07,-3.8765102647804557e-07,1.2014007822107533e-10,1.19652374470844e-07,5.876700853759307e-08,6.42647999333439e-08,5.876700853759307e-08,1.506472670545143e-07,1.506472670545143e-07,-1.3324381614541243e-16,3.012945352759062e-07,-1.3577837753584037e-16,2.4869118331017223e-19,-1.1942845699431493e-15,3.01294533766594e-07,1.0236077886857707e-13,4.354068219189869e-12,5.921138852739729e-11,-1.4485934649127617e-11,-8.851696571217121e-20,3.0112036135016773e-07,4.354068219189869e-12,5.921138852739729e-11,-1.4505855117682307e-07,1.741726269619183e-10,-1.5054440737722506e-07,-5.660028827363924e-09,-5.660028827359821e-09,-1.6302287270431883e-16,2.9234395694577193e-09,9.160236845379192e-21,-1.3509434872812698e-12,2.9218564375795036e-09,1.5736888503329164e-12,4.5340126446474064e-13,9.068222346512439e-13,2.292364832852433e-21,1.6302289670892516e-16
6.767999999999999,548,101325.0,2.771e-08,0.066,0.29999999999999993,0.6339999999999998,0.22000000000000003,548.0,1e-11,1e-22,IdealGasReactor,off,0.6296823929525999,0.0,0.0,0.2766432774359799,0.042110443361401795,0.01403396526129732,1.0964843285637973e-11,0.03752992097775623,0.0,0.0027163119679464083,3.236464026869084e-11,0.5998859754391331,5.19570781262581e-09,1.7530776377419908e-07,1.2077415960836118e-07,1.1177536112950728e-05,0.39676995127009285,4.1036555892940666e-05,3.162593284885082e-05,0.00045757126508823,4.64422118249626e-06,2.0354632637273258e-13,1.9863563977236257e-09,8.14025151465333e-05,0.0,0.0,0.0,0.0,0.0,0.0,0.0,0.0,0.0,0.0,0.0,0.0,-2.2591000645289887e-07,4.5182001276670296e-07,1.5060667085983814e-07,1.3319278969894343e-16,-3.0121334184398705e-07,0.0,5.1363566831415694e-15,1.4652846914781349e-22,4.425542731239013e-18,3.26060498146854e-21,5.923671977063746e-18,2.964615315390051e-20,-3.0643732972639463e-20,5.133408415396625e-15,1.5285812034097825e-22,-4.432214156686739e-18,2.1183714814764615e-21,4.415852001326054e-22,-1.4095231811536281e-21,1.767076141857781e-22,-5.1378577563220384e-15,2.9829566312633603e-07,2.2591000645289887e-07,4.155837775572381e-07,-4.518186636150883e-07,-3.8736917144073704e-07,1.199748806980145e-10,1.1961513317142238e-07,5.870048317616649e-08,6.42112442204311e-08,5.870048317616649e-08,1.5053545512551755e-07,1.5053545512551755e-07,-1.3319278969894343e-16,3.010709114167017e-07,-1.355777862156437e-16,2.4836915384720667e-19,-1.1931529598115326e-15,3.010709049844351e-07,1.022848056175344e-13,4.347264397618658e-12,5.913653944414138e-11,-1.4456084512407498e-11,-8.839497054497203e-20,3.008969257840605e-07,4.347264397618658e-12,5.913653944414138e-11,-1.4494905518753195e-07,1.7398433823236203e-10,-1.5043268652160478e-07,-5.657615672306178e-09,-5.657615672275535e-09,-1.6290314327373545e-16,2.9192597831991293e-09,9.148086483804282e-21,-1.3491516146223824e-12,2.9176787176510183e-09,1.57143838250819e-12,4.529955920499844e-13,9.05620291860757e-13,2.289346393962123e-21,1.6290331998134964e-16
6.776999999999999,548,101325.00000000003,2.771e-08,0.066,0.29999999999999993,0.6339999999999998,0.22000000000000003,548.0,1e-11,1e-22,IdealGasReactor,off,0.6296778676684625,0.0,0.0,0.27661972946637126,0.04215326041235784,0.014048237632085228,1.0977480385937325e-11,0.03750090480974584,0.0,0.002715418427557782,3.233649637867579e-11,0.6000388865259481,5.19431807887712e-09,1.7542799078210702e-07,1.2075962212435112e-07,1.1179868210087632e-05,0.3966185052423644,4.1013310401788754e-05,3.159107853499363e-05,0.00045711496768527073,4.642496761269491e-06,2.0334977669716576e-13,1.986757891291472e-09,8.134468130750211e-05,0.0,0.0,0.0,0.0,0.0,0.0,0.0,0.0,0.0,0.0,0.0,0.0,-2.257422123424769e-07,4.514844245515597e-07,1.5049480811252567e-07,1.3314177298395934e-16,-3.0098961636786946e-07,0.0,-2.9913776356871836e-16,-3.075924722268626e-23,-9.601455902361308e-18,6.56007456349465e-22,2.00587989821659e-19,7.596826745687006e-21,-7.65803811101593e-21,-2.8920140369857415e-16,-5.56036775333121e-22,3.197067708775853e-20,-7.334586560623276e-21,3.921353091384197e-23,-1.0803672203254812e-22,-4.180359171167449e-24,2.9885397415982033e-16,2.980761103078106e-07,2.257422123424769e-07,4.152314248561793e-07,-4.5148307718979484e-07,-3.870874304234672e-07,1.1980988098148082e-10,1.195778627203283e-07,5.863400640805068e-08,6.415771334036014e-08,5.863400640805068e-08,1.5042368948194545e-07,1.5042368948194545e-07,-1.3314177298395934e-16,3.008473801283447e-07,-1.3537746052948714e-16,2.480474905668917e-19,-1.1920220619736267e-15,3.0084737911995063e-07,1.0220886381628406e-13,4.340469650223567e-12,5.90617724647111e-11,-1.4426291085145646e-11,-8.827312539750299e-20,3.006735826282792e-07,4.340469650223567e-12,5.90617724647111e-11,-1.4483960514876423e-07,1.73796192817457e-10,-1.5032101191970816e-07,-5.6552029637614525e-09,-5.6552029637537944e-09,-1.6278379434623385e-16,2.915085061512076e-09,9.135949839900138e-21,-1.3473617648825698e-12,2.913506060058844e-09,1.5691906422568328e-12,4.52590111380922e-13,9.044196875054841e-13,2.2863312706043584e-21,1.6278379016587468e-16
6.786,548,101325.0,2.771e-08,0.066,0.29999999999999993,0.6339999999999998,0.22000000000000003,548.0,1e-11,1e-22,IdealGasReactor,off,0.6296733458115404,0.0,0.0,0.27659619933077356,0.04219604503589976,0.01406249919371964,1.0990112491825107e-11,0.03747191061707645,0.0,0.0027145247728088263,3.23083735760699e-11,0.6001917687926837,5.192928297747218e-09,1.7554795858458144e-07,1.2074496520734744e-07,1.1182191251548843e-05,0.396467087703199,4.099006874426244e-05,3.155625749993095e-05,0.00045665906555651176,4.6407724151860145e-06,2.0315339675240058e-13,1.9871593934870315e-09,8.128687031826145e-05,0.0,0.0,0.0,0.0,0.0,0.0,0.0,0.0,0.0,0.0,0.0,0.0,-2.2557448790246212e-07,4.51148975672024e-07,1.5038299181975017e-07,1.3309076602736562e-16,-3.007659837811393e-07,0.0,1.1411057135331503e-16,-6.082252297039789e-23,-8.559956178002236e-18,4.0565564372122515e-22,-2.3648101096155998e-19,-9.60852999541597e-21,9.474526736182379e-21,1.224587758802207e-16,-7.288666323619862e-22,-4.994384868243769e-20,-6.553649706397224e-21,2.0211641279850386e-22,6.668242168605538e-24,8.589084995534036e-25,-1.1385340495922718e-16,2.978566453200153e-07,2.2557448790246212e-07,4.148792570220541e-07,-4.5114763009808725e-07,-3.868058035302295e-07,1.1964507891672073e-10,1.1954056315259473e-07,5.856757824688644e-08,6.41042073133831e-08,5.856757824688644e-08,1.5031197016522812e-07,1.5031197016522812e-07,-1.3309076602736562e-16,3.0062394149369935e-07,-1.3517740023417e-16,2.4772619320011984e-19,-1.1908918767259833e-15,3.0062394007490667e-07,1.0213295349297664e-13,4.333683968889696e-12,5.898708753233378e-11,-1.4396554275379206e-11,-8.815143014641332e-20,3.004503319980024e-07,4.333683968889696e-12,5.898708753233378e-11,-1.4473020111676565e-07,1.736081907576897e-10,-1.5020938362899235e-07,-5.652790702984524e-09,-5.652790702993999e-09,-1.6266430645238934e-16,2.910915400715804e-09,9.123826904407646e-21,-1.345573936696553e-12,2.9093384611239746e-09,1.566945627595802e-12,4.5218482265898466e-13,9.032204207430051e-13,2.2833194608014777e-21,1.6266430731129784e-16
6.794999999999999,548,101324.99999999999,2.771e-08,0.066,0.29999999999999993,0.6339999999999998,0.22000000000000003,548.0,1e-11,1e-22,IdealGasReactor,off,0.6296688273802893,0.0,0.0,0.2765726870211496,0.042238797246641736,0.01407674995107231,1.1002739604520375e-11,0.03744293838984435,0.0,0.0027136310043500904,3.22802718562585e-11,0.6003446221880173,5.1915384700099634e-09,1.7566766739508064e-07,1.207301890710491e-07,1.1184505245802175e-05,0.39631569870339123,4.096683093363102e-05,3.1521469727672576e-05,0.0004562035585435667,4.639048145149678e-06,2.029571864637508e-13,1.987560904196453e-09,8.12290822068556e-05,0.0,0.0,0.0,0.0,0.0,0.0,0.0,0.0,0.0,0.0,0.0,0.0,-2.2540683321682453e-07,4.508136662884479e-07,1.502712220346322e-07,1.330397688461339e-16,-3.0054244419814487e-07,0.0,1.2544494462724175e-15,-1.8064859522171142e-22,1.88074237639709e-18,2.5589597305314894e-22,1.2172498726754737e-17,3.9387032047324966e-20,-3.950780041675771e-20,1.2624910075016242e-15,1.6692988427718308e-22,-2.269395234297256e-18,2.0550237041113562e-21,3.889299842647767e-22,-2.184230218485673e-22,4.961522800618431e-23,-1.2643829454676601e-15,2.9763726828069444e-07,2.2540683321682453e-07,4.1452727420890353e-07,-4.5081232250031907e-07,-3.865242909026953e-07,1.1948047436064505e-10,1.195032345150085e-07,5.8501198711961354e-08,6.405072616598715e-08,5.8501198711961354e-08,1.5020029723144103e-07,1.5020029723144103e-07,-1.330397688461339e-16,3.0040059562491577e-07,-1.349776050817386e-16,2.474052614924503e-19,-1.1897624043336212e-15,3.0040059306735145e-07,1.0205707468571385e-13,4.326907345925437e-12,5.891248459599075e-11,-1.4366873992720162e-11,-8.802988466609213e-20,3.00227173999648e-07,4.326907345925437e-12,5.891248459599075e-11,-1.4462084314383082e-07,1.7342033208639037e-10,-1.500978017025457e-07,-5.650378890801374e-09,-5.650378890761866e-09,-1.6254482186726728e-16,2.9067507974134467e-09,9.111717668956751e-21,-1.3437881288301857e-12,2.9051759174504136e-09,1.564703336694376e-12,4.517797261295446e-13,9.020224908187952e-13,2.280310962801057e-21,1.625448714824953e-16
6.803999999999999,548,101325.0,2.771e-08,0.066,0.29999999999999993,0.6339999999999998,0.22000000000000003,548.0,1e-11,1e-22,IdealGasReactor,off,0.629664312373163,0.0,0.0,0.27654919252945387,0.04228151705921313,0.0140909899090193,1.1015361725243222e-11,0.0374139881181356,0.0,0.002712737122887636,3.225219121526864e-11,0.6004974466729418,5.190148596545002e-09,1.7578711743085997e-07,1.2071529393138764e-07,1.1186810201300065e-05,0.3961643382813553,4.0943596983989204e-05,3.148671520284632e-05,0.00045574844649707647,4.637323952036183e-06,2.027611457570355e-13,1.9879624232437973e-09,8.117131700040897e-05,0.0,0.0,0.0,0.0,0.0,0.0,0.0,0.0,0.0,0.0,0.0,0.0,-2.2523924837859357e-07,4.5047849659793834e-07,1.501594988083851e-07,1.3298878145307224e-16,-3.003189977485821e-07,0.0,1.897706830954542e-15,-2.860126987859777e-22,2.889740076192309e-19,3.8808780165645528e-22,2.6262150650501175e-17,1.4426029882924803e-20,-1.49173751667813e-20,1.9228040714201907e-15,-5.953912662243951e-22,-8.846923532194811e-19,-9.673428938378003e-24,9.204969254066661e-22,4.342289856632389e-22,-1.996731975707097e-23,-1.923096032287866e-15,2.9741797932282543e-07,2.2523924837859357e-07,4.141754765872103e-07,-4.5047715459359825e-07,-3.8624289269800486e-07,1.1931606717491946e-10,1.1946587685927542e-07,5.8434867824836675e-08,6.399726992721041e-08,5.8434867824836675e-08,1.5008867074267296e-07,1.5008867074267296e-07,-1.3298878145307224e-16,3.001773426461703e-07,-1.3477807482222975e-16,2.4708469519538795e-19,-1.1886336450474992e-15,3.001773394295526e-07,1.0198122743668322e-13,4.320139773811796e-12,5.883796360701266e-11,-1.4337250147484208e-11,-8.790848882995785e-20,3.0000410873581494e-07,4.320139773811796e-12,5.883796360701266e-11,-1.4451153128052673e-07,1.7323261683369607e-10,-1.499862661915509e-07,-5.647967527858359e-09,-5.647967527843442e-09,-1.6242550271826773e-16,2.902591248322328e-09,9.099622125538488e-21,-1.3420043401025883e-12,2.9010184257566307e-09,1.5624637677834525e-12,4.513748220558655e-13,9.008258970139677e-13,2.2773057749419125e-21,1.6242548275094798e-16
6.813,548,101324.99999999996,2.771e-08,0.066,0.29999999999999993,0.6339999999999998,0.22000000000000003,548.0,1e-11,1e-22,IdealGasReactor,off,0.6296598007886139,0.0,0.0,0.2765257158476336,0.04232420448825588,0.014105219072441194,1.1027978855215325e-11,0.03738505979202763,0.0,0.0027118431288853384,3.2224131646212384e-11,0.6006502421553249,5.18875867776951e-09,1.7590630889296727e-07,1.207002799945249e-07,1.1189106126595077e-05,0.3960130065289187,4.092036690578457e-05,3.14519939072501e-05,0.0004552937292266938,4.635599836839961e-06,2.0256527455519666e-13,1.9883639507228028e-09,8.111357472969397e-05,0.0,0.0,0.0,0.0,0.0,0.0,0.0,0.0,0.0,0.0,0.0,0.0,-2.2507173344041918e-07,4.5014346525331844e-07,1.500478222000061e-07,1.3293780387895248e-16,-3.0009564445667386e-07,0.0,-4.4653462649352747e-14,3.768914406095968e-21,3.3781675937953765e-17,-3.057707219317771e-20,1.4947377073773048e-15,7.896199952982198e-19,-9.721026558723181e-19,-4.323418163131067e-14,-2.9201496066294103e-20,-4.2017863196570323e-17,4.4306979647142394e-20,-3.02169077765621e-21,3.764590377676475e-21,-1.4651612347208348e-21,4.320027395409536e-14,2.971987784744349e-07,2.2507173344041918e-07,4.138238642534042e-07,-4.5014212503074937e-07,-3.8596160900437583e-07,1.1915185719983593e-10,1.1942849021594854e-07,5.836858559658019e-08,6.394383861464319e-08,5.836858559658019e-08,1.4997709073419516e-07,1.4997709073419516e-07,-1.3293780387895248e-16,2.999541826280036e-07,-1.345788092141859e-16,2.467644940334039e-19,-1.1875055991720509e-15,2.9995422456963183e-07,1.0190541176985057e-13,4.313381244256361e-12,5.87635245061797e-11,-1.4307682647412857e-11,-8.778724251540818e-20,2.997811363243161e-07,4.313381244256361e-12,5.87635245061797e-11,-1.4440226558442256e-07,1.7304504504178179e-10,-1.4987477715478182e-07,-5.645556615583524e-09,-5.6455566146114216e-09,-1.6230760631992178e-16,2.898436749633314e-09,9.087540264509465e-21,-1.3402225690911641e-12,2.8968659822389654e-09,1.5602269188129864e-12,4.5097011062025373e-13,8.996306384475468e-13,2.274303895146925e-21,1.6230614115868706e-16
6.821999999999999,548,101324.99999999997,2.771e-08,0.066,0.29999999999999993,0.6339999999999998,0.22000000000000003,548.0,1e-11,1e-22,IdealGasReactor,off,0.6296552926250933,0.0,0.0,0.2765022569676291,0.04236685954842488,0.014119437446223073,1.1040590995659884e-11,0.03735615340158917,0.0,0.0027109490232739824,3.2196093147770455e-11,0.6008030086460091,5.18736871499511e-09,1.7602524201557947e-07,1.2068514748525602e-07,1.119139303004726e-05,0.3958617034343818,4.089714071646607e-05,3.1417305828061254e-05,0.00045483940662016914,4.63387580032317e-06,2.023695727863299e-13,1.9887654862057357e-09,8.105585541821469e-05,0.0,0.0,0.0,0.0,0.0,0.0,0.0,0.0,0.0,0.0,0.0,0.0,-2.2490428853231698e-07,4.4980857684976134e-07,1.499361922526371e-07,1.328868361197272e-16,-2.998723846081169e-07,0.0,1.501535599577688e-14,-8.413026716842179e-22,1.683294993483556e-17,-1.9914456146509183e-21,8.208606879753265e-17,5.565535859052787e-19,-5.599632243902223e-19,1.5067848660728174e-14,1.982282196330428e-21,-1.3120958745002299e-17,1.0658730294899371e-20,3.00152825022523e-21,6.3843691146384495e-21,8.989000642318905e-22,-1.5084788150427615e-14,2.9697966602402906e-07,2.2490428853231698e-07,4.134724374454818e-07,-4.498072384069465e-07,-3.856804400421503e-07,1.1898784431659683e-10,1.193910746565539e-07,5.830235205815783e-08,6.389043226780125e-08,5.830235205815783e-08,1.4986555729268986e-07,1.4986555729268986e-07,-1.328868361197272e-16,2.997311157437835e-07,-1.3437980799952143e-16,2.464446577825125e-19,-1.186378266903518e-15,2.9973109938463693e-07,1.01829627744114e-13,4.306631750445302e-12,5.868916725447423e-11,-1.4278171405476075e-11,-8.766614559197524e-20,2.995582568526966e-07,4.306631750445302e-12,5.868916725447423e-11,-1.442930460987616e-07,1.7285761672846126e-10,-1.497633346359052e-07,-5.6431461538754875e-09,-5.643146153315524e-09,-1.6218594790414993e-16,2.8942872985488406e-09,9.075472079343332e-21,-1.3384428148356379e-12,2.892718584087818e-09,1.557992788267597e-12,4.505655921594196e-13,8.984367145472567e-13,2.2713053221305713e-21,1.6218684680421416e-16
6.8309999999999995,548,101325.0,2.771e-08,0.066,0.29999999999999993,0.6339999999999998,0.22000000000000003,548.0,1e-11,1e-22,IdealGasReactor,off,0.6296507878810508,0.0,0.0,0.27647881588137335,0.04240948225438835,0.014133645035254442,1.1053198147801504e-11,0.03732726893687987,0.0,0.002710054806497485,3.2168075712768826e-11,0.6009557460485307,5.1859787085985085e-09,1.7614391699753265e-07,1.2066989660903382e-07,1.1193670920239358e-05,0.3957104290939255,4.087391842616744e-05,3.138265094680145e-05,0.00045438547848324345,4.632151843489429e-06,2.0217404037293331e-13,1.989167029808911e-09,8.099815909693768e-05,0.0,0.0,0.0,0.0,0.0,0.0,0.0,0.0,0.0,0.0,0.0,0.0,-2.2473691370331667e-07,4.494738272738025e-07,1.4982460902605266e-07,1.3283587820763287e-16,-2.996492181827396e-07,0.0,1.4925641927105095e-16,3.763712937184867e-23,2.39025349639276e-18,-1.9050962332793327e-22,7.517417406881916e-21,1.164670302474663e-20,-1.1507736681837721e-20,1.4706124818863834e-16,1.9620412119492583e-22,1.9877526268723704e-19,1.7538200002427536e-21,-3.6499344528902346e-23,3.502060176183979e-23,-1.7926768668281768e-24,-1.4946404421559057e-16,2.9676064195529065e-07,2.2473691370331667e-07,4.131211962529028e-07,-4.4947249060872663e-07,-3.853993858933313e-07,1.1882402836349233e-10,1.1935363020998895e-07,5.82361672195808e-08,6.383705090320088e-08,5.82361672195808e-08,1.4975407045098532e-07,1.4975407045098532e-07,-1.3283587820763287e-16,2.995081420591749e-07,-1.3418107093746009e-16,2.461251861645778e-19,-1.1852516485485048e-15,2.9950814062207343e-07,1.0175387538177938e-13,4.299891284016393e-12,5.861489179168626e-11,-1.424871632938464e-11,-8.75451979373342e-20,2.9933547043960116e-07,4.299891284016393e-12,5.861489179168626e-11,-1.4418387288181434e-07,1.7267033193630711e-10,-1.4965193869411648e-07,-5.640736144238308e-09,-5.6407361442268006e-09,-1.6206760151955074e-16,2.8901428911991844e-09,9.063417560242838e-21,-1.3366650758894867e-12,2.8885762274489724e-09,1.5557613740701571e-12,4.501612668480205e-13,8.972441244165593e-13,2.268310053775601e-21,1.6206759972687387e-16
6.839999999999999,548,101325.00000000003,2.771e-08,0.066,0.29999999999999993,0.6339999999999998,0.22000000000000003,548.0,1e-11,1e-22,IdealGasReactor,off,0.6296462865549347,0.0,0.0,0.27645539258079166,0.04245207262082852,0.014147841844429172,1.1065800312866052e-11,0.03729840638794993,0.0,0.002709160479184004,3.214007933622939e-11,0.601108454307355,5.184588659312512e-09,1.7626233405229416e-07,1.2065452757847294e-07,1.119593980566509e-05,0.395559183562586,4.085070004777784e-05,3.1348029247098936e-05,0.0004539319446523065,4.630427967249131e-06,2.0197867723942874e-13,1.9895685814418946e-09,8.094048579388868e-05,0.0,0.0,0.0,0.0,0.0,0.0,0.0,0.0,0.0,0.0,0.0,0.0,-2.245696090328863e-07,4.491392179453119e-07,1.4971307257318884e-07,1.3278493016106682e-16,-2.994261452987254e-07,0.0,-2.5214987318011886e-15,-2.7829912189730596e-22,-9.41517875328126e-18,-4.040911083853748e-21,-1.2370439738616226e-17,7.292424280267492e-20,-7.22641526738576e-20,-2.514187857257358e-15,-3.919029473188876e-21,1.0104089986636656e-17,-5.9066653213842405e-21,1.827319521312065e-21,-7.251231078753133e-22,2.466579205707041e-22,2.523653792921548e-15,2.9654170638986716e-07,2.245696090328863e-07,4.12770140820874e-07,-4.491378830559609e-07,-3.851184466919964e-07,1.186604091949599e-10,1.1931615692139203e-07,5.8170031098644257e-08,6.378369454601303e-08,5.8170031098644257e-08,1.4964263026219364e-07,1.4964263026219364e-07,-1.3278493016106682e-16,2.992852616803873e-07,-1.33982597780534e-16,2.4580607892172777e-19,-1.184125744369247e-15,2.992852629057907e-07,1.0167815471893484e-13,4.293159837188836e-12,5.854069806558568e-11,-1.4219317328971076e-11,-8.742439942597357e-20,2.9911277719143897e-07,4.293159837188836e-12,5.854069806558568e-11,-1.440747459856358e-07,1.7248319069795032e-10,-1.4954058938249156e-07,-5.63832658755304e-09,-5.638326587480776e-09,-1.6194815333037563e-16,2.8860035241256983e-09,9.051376698634717e-21,-1.3348893509891602e-12,2.884438908858241e-09,1.5535326743531957e-12,4.497571349213059e-13,8.960528672800684e-13,2.2653180882750298e-21,1.619483999882962e-16
6.848999999999999,548,101325.0,2.771e-08,0.066,0.29999999999999993,0.6339999999999998,0.22000000000000003,548.0,1e-11,1e-22,IdealGasReactor,off,0.6296417886451923,0.0,0.0,0.27643198705780236,0.042494630662440365,0.014162027878645598,1.1078397492080923e-11,0.03726956574484091,0.0,0.002708266041882075,3.2112104012203815e-11,0.6012611333493856,5.1831985677168244e-09,1.7638049338774856e-07,1.20639040602997e-07,1.119819969485752e-05,0.3954079669130552,4.0827485592982105e-05,3.131344071164066e-05,0.00045347880495012614,4.628704172552236e-06,2.0178348330925487e-13,1.989970141103956e-09,8.088283553827449e-05,0.0,0.0,0.0,0.0,0.0,0.0,0.0,0.0,0.0,0.0,0.0,0.0,-2.2440237458714766e-07,4.488047490328815e-07,1.4960158294959848e-07,1.327339920043649e-16,-2.99203166027301e-07,0.0,-2.700912766542494e-16,-8.171741966271159e-22,4.248283124947475e-18,5.8339783137586414e-21,8.693893231058935e-18,1.1490531325096618e-19,-8.842891620436887e-20,-2.6595194079194215e-16,-2.5400611804390605e-21,-4.165467438937289e-19,3.1327871317893163e-21,9.766935082719874e-22,-1.5076723775460327e-21,-2.0196341095796114e-22,2.6168557482881455e-16,2.9632285940262276e-07,2.2440237458714766e-07,4.1241927126998475e-07,-4.488034159172427e-07,-3.848376225493785e-07,1.1849698665836384e-10,1.192786548289602e-07,5.8103943709635786e-08,6.373036321760435e-08,5.8103943709635786e-08,1.495312367705317e-07,1.495312367705317e-07,-1.327339920043649e-16,2.990624746958602e-07,-1.3378438828409426e-16,2.454873357871387e-19,-1.183000554645021e-15,2.9906247367428307e-07,1.0160246578562451e-13,4.286437401926913e-12,5.846658602044661e-11,-1.4189974313292556e-11,-8.730374993369102e-20,2.9889017721954766e-07,4.286437401926913e-12,5.846658602044661e-11,-1.439656654646369e-07,1.7229619304983154e-10,-1.4942928675657514e-07,-5.635917484961589e-09,-5.63591748487316e-09,-1.6182944960375182e-16,2.8818691936887875e-09,9.039349485404211e-21,-1.3331156387906956e-12,2.880306624678238e-09,1.551306687156091e-12,4.49353196587628e-13,8.948629423086211e-13,2.2623294236839548e-21,1.6182924764034087e-16
6.858,548,101324.99999999999,2.771e-08,0.066,0.29999999999999993,0.6339999999999998,0.22000000000000003,548.0,1e-11,1e-22,IdealGasReactor,off,0.6296372941502688,0.0,0.0,0.27640859930431655,0.04253715639393167,0.014176203142806475,1.1090989686675001e-11,0.03724074699758564,0.0,0.0027073714953833802,3.208414973761631e-11,0.6014137831552573,5.18180843485483e-09,1.76498395227778e-07,1.2062343590191025e-07,1.1200450596269208e-05,0.3952567791640073,4.0804275077109485e-05,3.1278885325897094e-05,0.00045302605923990463,4.626980460226786e-06,2.0158845850843324e-13,1.9903717085215735e-09,8.082520835546854e-05,0.0,0.0,0.0,0.0,0.0,0.0,0.0,0.0,0.0,0.0,0.0,0.0,-2.2423521047236792e-07,4.4847042074115344e-07,1.4949014020296508e-07,1.3268306374369447e-16,-2.9898028054363957e-07,0.0,-1.924650896067142e-15,-3.6758208023173255e-22,-2.725016562390996e-18,-1.2508300286793701e-21,7.088342279538409e-17,4.65100497381416e-19,-4.631119551888385e-19,-1.8482618434870273e-15,-2.281332070114062e-21,2.2839771374404976e-18,1.0157166018524218e-22,-1.4497891198640347e-21,-6.716128552865578e-22,-3.40127138974551e-23,1.85100465207892e-15,2.9610410117185447e-07,2.2423521047236792e-07,4.1206858779416837e-07,-4.484690893972153e-07,-3.845569136453097e-07,1.1833376062219372e-10,1.192411239922579e-07,5.803790507713766e-08,6.367705695069066e-08,5.803790507713766e-08,1.494198900468776e-07,1.494198900468776e-07,-1.3268306374369447e-16,2.98839781247348e-07,-1.3358644219483913e-16,2.451689565205685e-19,-1.1818760795981764e-15,2.988397818093347e-07,1.0152680863000804e-13,4.279723970960176e-12,5.839255561097589e-11,-1.4160687194156491e-11,-8.71832493321719e-20,2.986676706193145e-07,4.279723970960176e-12,5.839255561097589e-11,-1.4385663136613867e-07,1.7210933901550535e-10,-1.4931803086395157e-07,-5.633508836826407e-09,-5.633508836363295e-09,-1.6171017677686658e-16,2.8777398967623977e-09,9.02733591304938e-21,-1.3313439381879858e-12,2.8761793717850808e-09,1.5490834107945214e-12,4.4894945213536873e-13,8.93674348832625e-13,2.2593440584665748e-21,1.6171014276415268e-16
6.866999999999999,548,101324.99999999996,2.771e-08,0.066,0.29999999999999993,0.6339999999999998,0.22000000000000003,548.0,1e-11,1e-22,IdealGasReactor,off,0.6296328030686082,0.0,0.0,0.27638522931223775,0.04257964983002398,0.014190367641818897,1.1103576897878444e-11,0.03721195013620766,0.0,0.002706476840207103,3.20562165061309e-11,0.6015664036456566,5.180418261250575e-09,1.766160397787599e-07,1.2060771368337722e-07,1.120269251845137e-05,0.3951056203943863,4.0781068511387374e-05,3.124436307216892e-05,0.0004525737073389345,4.625256831235628e-06,2.013936027598319e-13,1.9907732837264175e-09,8.076760427499141e-05,0.0,0.0,0.0,0.0,0.0,0.0,0.0,0.0,0.0,0.0,0.0,0.0,-2.2406811674949622e-07,4.4813623336654724e-07,1.4937874438945625e-07,1.326321454054942e-16,-2.9875748891065767e-07,0.0,3.797820036190119e-17,-4.621659032683995e-23,6.313862426785023e-19,-8.817015701976382e-23,-1.8295911660692887e-19,7.411538288475128e-21,-7.583591855886158e-21,3.691184957421519e-17,5.997433045534163e-23,-2.5197363268908026e-19,2.7462759843865645e-22,2.2946507180103833e-22,3.604129022561447e-23,9.404279655493136e-24,-3.754712942868535e-17,2.9588543176418654e-07,2.2406811674949622e-07,4.117180905042968e-07,-4.4813490379229945e-07,-3.842763200822163e-07,1.1817073093105194e-10,1.1920356444703187e-07,5.797191521397451e-08,6.36237757651551e-08,5.797191521397451e-08,1.4930859013201996e-07,1.4930859013201996e-07,-1.326321454054942e-16,2.9861718141642983e-07,-1.333887592690542e-16,2.4485094085159845e-19,-1.1807523195116609e-15,2.986171800944959e-07,1.0145118327980007e-13,4.2730195361535976e-12,5.83186067800875e-11,-1.41314558804885e-11,-8.706289749760766e-20,2.984452575034108e-07,4.2730195361535976e-12,5.83186067800875e-11,-1.4374764374507834e-07,1.7192262863220192e-10,-1.4920682176082387e-07,-5.631100644377891e-09,-5.631100644370307e-09,-1.6159107600354874e-16,2.8736156296387214e-09,9.015335972239319e-21,-1.3295742478052497e-12,2.8720571464711206e-09,1.5468628432700403e-12,4.485459017621024e-13,8.924870860012189e-13,2.2563619906219163e-21,1.615910854078284e-16
6.8759999999999994,548,101324.99999999999,2.771e-08,0.066,0.29999999999999993,0.6339999999999998,0.22000000000000003,548.0,1e-11,1e-22,IdealGasReactor,off,0.6296283153986534,0.0,0.0,0.27636187707346294,0.042622110985451024,0.01420452138059442,1.1116159126923041e-11,0.03718317515072223,0.0,0.002705582077008468,3.202830431300899e-11,0.6017189947713704,5.179028047687248e-09,1.7673342725593223e-07,1.2059187416109552e-07,1.1204925469914311e-05,0.3949544906528765,4.075786590907863e-05,3.120987393430448e-05,0.00045212174908699533,4.623533286473239e-06,2.011989159877097e-13,1.99117486659753e-09,8.071002332419071e-05,0.0,0.0,0.0,0.0,0.0,0.0,0.0,0.0,0.0,0.0,0.0,0.0,-2.2390109350187484e-07,4.478021868711688e-07,1.4926739556082262e-07,1.3258123700602465e-16,-2.9853479124750237e-07,0.0,-2.6556789241406236e-16,-1.8100250683810512e-23,6.72421043974215e-18,1.9725105191554179e-22,3.578714202149419e-20,5.6910026143648304e-21,-5.626482526585694e-21,-2.722865064664855e-16,3.6113158619384486e-22,3.061366305905828e-20,5.242412733290646e-21,-8.680226552978334e-23,-1.7886569391374689e-22,-2.1648363216219995e-24,2.6552628952025037e-16,2.95666851302188e-07,2.2390109350187484e-07,4.1136777955209163e-07,-4.478008590646024e-07,-3.839958420007879e-07,1.1800789744131126e-10,1.1916597624100668e-07,5.7905974138685016e-08,6.357051968720246e-08,5.7905974138685016e-08,1.4919733708161047e-07,1.4919733708161047e-07,-1.3258123700602465e-16,2.983946753144098e-07,-1.331913392581728e-16,2.4453328852459313e-19,-1.1796292746359673e-15,2.9839467430292643e-07,1.0137558977281443e-13,4.2663240897987655e-12,5.824473947650577e-11,-1.410228028279354e-11,-8.694269430387e-20,2.9822293797547035e-07,4.2663240897987655e-12,5.824473947650577e-11,-1.4363870265241067e-07,1.7173606192979721e-10,-1.4909565949889288e-07,-5.628692908411932e-09,-5.628692908406306e-09,-1.6147207780062686e-16,2.8694963888947927e-09,9.003349654541074e-21,-1.3278065663989766e-12,2.867939945314348e-09,1.5446449827378994e-12,4.481425457099459e-13,8.91301153052289e-13,2.253383218376486e-21,1.6147207563579054e-16
6.885,548,101325.0,2.771e-08,0.066,0.29999999999999993,0.6339999999999998,0.22000000000000003,548.0,1e-11,1e-22,IdealGasReactor,off,0.6296238311388455,0.0,0.0,0.27633854257988083,0.04266453987496172,0.014218664364048764,1.112873637504151e-11,0.037154422031134345,0.0,0.0027046872065134273,3.200041315433169e-11,0.6018715564989446,5.1776377950830304e-09,1.7685055787942328e-07,1.2057591755160815e-07,1.120714945914614e-05,0.39480338997231895,4.0734667284497426e-05,3.117541789694085e-05,0.0004516701843353912,4.621809826797752e-06,2.010043981169806e-13,1.9915764569340015e-09,8.065246552924293e-05,0.0,0.0,0.0,0.0,0.0,0.0,0.0,0.0,0.0,0.0,0.0,0.0,-2.237341408243871e-07,4.474682814067509e-07,1.491560937663621e-07,1.3253033855621826e-16,-2.9831218769704773e-07,0.0,-1.4657840632147888e-17,-4.246809380752812e-22,-1.213421474882281e-17,-3.698842748319161e-21,1.0942823939534226e-16,-2.8920881192814017e-19,2.9286991331929987e-19,1.2633064620018137e-16,-5.418227740959063e-21,1.960295065180108e-17,-1.3105062430459181e-20,-8.795773344794335e-22,4.1892892689487e-21,9.01714553270201e-23,-1.1413250810561176e-16,2.9544835993200935e-07,2.237341408243871e-07,4.110176551102411e-07,-4.4746695536585814e-07,-3.837154795614249e-07,1.1784526001538043e-10,1.1912835942815967e-07,5.784008187271141e-08,6.351728874628902e-08,5.784008187271141e-08,1.4908613095896699e-07,1.4908613095896699e-07,-1.3253033855621826e-16,2.9817226306791815e-07,-1.3299418191107557e-16,2.442159992914712e-19,-1.178506945203852e-15,2.9817226165906874e-07,1.0130002815207374e-13,4.259637624405981e-12,5.817095365194097e-11,-1.4073160312436812e-11,-8.682263962360011e-20,2.980007121342671e-07,4.259637624405981e-12,5.817095365194097e-11,-1.4352980813686907e-07,1.7154963893415241e-10,-1.489845441274316e-07,-5.626285629493016e-09,-5.626285629785886e-09,-1.6135302334942333e-16,2.8653821712533087e-09,8.991376951980712e-21,-1.3260408927934314e-12,2.863827765038361e-09,1.5424298274317186e-12,4.477393842438334e-13,8.901165492690844e-13,2.2504077400729273e-21,1.6135311352087866e-16
6.893999999999999,548,101324.99999999997,2.771e-08,0.066,0.29999999999999993,0.6339999999999998,0.22000000000000003,548.0,1e-11,1e-22,IdealGasReactor,off,0.6296193502876251,0.0,0.0,0.2763152258233739,0.04270693651331612,0.01423279659710221,1.1141308643468429e-11,0.037125690767441495,0.0,0.002703792229139604,3.197254302250104e-11,0.6020240887269493,5.1762475037687695e-09,1.769674318494782e-07,1.205598440588978e-07,1.1209364494752349e-05,0.3946523184538951,4.071147264732382e-05,3.114099494114531e-05,0.0004512190128836229,4.620086453220731e-06,2.0081004906904382e-13,1.9919780548817505e-09,8.059493092104563e-05,0.0,0.0,0.0,0.0,0.0,0.0,0.0,0.0,0.0,0.0,0.0,0.0,-2.2356725876074617e-07,4.471345173179601e-07,1.4904483906523784e-07,1.3247945008999196e-16,-2.980896782670698e-07,0.0,-5.3345919239741245e-15,4.406018817808111e-21,3.5604791749375184e-18,-2.5685881288681913e-20,7.10708288349641e-17,5.207929136633862e-19,-5.546279094392553e-19,-5.2588639475221174e-15,6.567831380745631e-21,7.717801859179943e-18,3.465494380872042e-21,7.036515278258899e-21,-1.1002090751821913e-21,-1.9662478731235124e-22,5.255312668651989e-15,2.952299576653599e-07,2.2356725876074617e-07,4.1066771725775026e-07,-4.471331930407346e-07,-3.8343523283717874e-07,1.1768281848878778e-10,1.1909071403551833e-07,5.777423842425322e-08,6.346408295739534e-08,5.777423842425322e-08,1.4897497179342645e-07,1.4897497179342645e-07,-1.3247945008999196e-16,2.97949944735643e-07,-1.3279728698750722e-16,2.4389907287020487e-19,-1.1773853315171154e-15,2.9794994871323865e-07,1.0122449843751159e-13,4.2529601315124925e-12,5.809724924481758e-11,-1.404409587753099e-11,-8.670273333454625e-20,2.977785800982393e-07,4.2529601315124925e-12,5.809724924481758e-11,-1.4342096025605897e-07,1.713633596866871e-10,-1.4887347570551731e-07,-5.6238788091788716e-09,-5.623878808624244e-09,-1.6123439572341588e-16,2.861272972773925e-09,8.979417854524983e-21,-1.3242772255092804e-12,2.859720601709885e-09,1.5402173752316832e-12,4.473364175262697e-13,8.889332737306655e-13,2.2474355535301174e-21,1.6123419909862856e-16
6.903,548,101324.99999999999,2.771e-08,0.066,0.29999999999999993,0.6339999999999998,0.22000000000000003,548.0,1e-11,1e-22,IdealGasReactor,off,0.6296148728434301,0.0,0.0,0.27629192679581693,0.042749300915288224,0.014246918084679254,1.1153875933439539e-11,0.03709698134963163,0.0,0.0027028971455367898,3.194469391266023e-11,0.6021765914053407,5.174857174517718e-09,1.770840493816339e-07,1.2054365389631222e-07,1.1211570585253333e-05,0.3945012761471271,4.068828201071689e-05,3.1106605050633974e-05,0.0004507682345697835,4.6183631666372755e-06,2.0061586876774245e-13,1.9923796603255008e-09,8.053741952682386e-05,0.0,0.0,0.0,0.0,0.0,0.0,0.0,0.0,0.0,0.0,0.0,0.0,-2.234004473929477e-07,4.468008949083717e-07,1.4893363150884166e-07,1.3242857162388748e-16,-2.978672630940946e-07,0.0,2.318401401910205e-14,-3.94572485176954e-22,4.741148195911505e-17,-8.825223137711554e-21,-2.546530440537169e-16,-5.442716081700914e-19,5.463296335341233e-19,2.287254244335224e-14,-1.9730299358117265e-20,-8.384553988771353e-18,4.6313779085049014e-20,-8.859853992873053e-21,2.269662185587256e-21,1.7644873587187922e-22,-2.292019971298386e-14,2.9501164464221024e-07,2.234004473929477e-07,4.1031796614349793e-07,-4.467995723928084e-07,-3.831551019664595e-07,1.1752057271715444e-10,1.1905304011051975e-07,5.770844381131927e-08,6.341090234631912e-08,5.770844381131927e-08,1.4886385963976848e-07,1.4886385963976848e-07,-1.3242857162388748e-16,2.977277204271252e-07,-1.3260065423893456e-16,2.43582509004049e-19,-1.1762644338230372e-15,2.977276962745634e-07,1.0114900066634918e-13,4.246291603384589e-12,5.80236262034986e-11,-1.4015086888811875e-11,-8.658297531053477e-20,2.9755654197054663e-07,4.246291603384589e-12,5.80236262034986e-11,-1.4331215906057027e-07,1.7117722421649863e-10,-1.4876245428462724e-07,-5.621472448271401e-09,-5.621472448817731e-09,-1.6111515598375513e-16,2.857168790025788e-09,8.967472353676533e-21,-1.3225155632936683e-12,2.8556184518843324e-09,1.5380076242808213e-12,4.46933645796055e-13,8.877513256681375e-13,2.2444666569563448e-21,1.61115332432491e-16
6.911999999999999,548,101325.00000000003,2.771e-08,0.066,0.29999999999999993,0.6339999999999998,0.22000000000000003,548.0,1e-11,1e-22,IdealGasReactor,off,0.629610398804698,0.0,0.0,0.27626864548907837,0.0427916330956631,0.014261028831708912,1.1166438246192417e-11,0.0370682937676852,0.0,0.002702001956794885,3.1916865825142037e-11,0.6023290645814768,5.173466808941464e-09,1.7720041072004747e-07,1.2052734729518552e-07,1.121376773902597e-05,0.39435026300361725,4.0665095394417074e-05,3.107224821415715e-05,0.0004503178493049788,4.61663996771995e-06,2.004218571416234e-13,1.9927812726528843e-09,8.047993136687425e-05,0.0,0.0,0.0,0.0,0.0,0.0,0.0,0.0,0.0,0.0,0.0,0.0,-2.2323370687555722e-07,4.464674136647235e-07,1.4882247113435432e-07,1.3237770314151393e-16,-2.976449424259991e-07,0.0,2.368950706928341e-15,-4.897604646687593e-22,-1.1310266092467072e-17,-9.031847855350738e-21,-4.603835826563936e-17,-2.9857911390714087e-20,3.1058977640141083e-20,2.347844172030994e-15,-5.866444269944025e-22,1.35484140865029e-17,-8.248793601420914e-21,1.6365251431478807e-22,5.34382146416598e-22,2.4667013514504913e-22,-2.3364743416084115e-15,2.947934211129568e-07,2.2323370687555722e-07,4.099684020488967e-07,-4.464660929088182e-07,-3.8287508721160653e-07,1.1735852259412083e-10,1.1901533773917003e-07,5.764269807049632e-08,6.335774695933675e-08,5.764269807049632e-08,1.4875279460090704e-07,1.4875279460090704e-07,-1.3237770314151393e-16,2.975055903482065e-07,-1.3240428340127818e-16,2.4326630748412218e-19,-1.1751442522664512e-15,2.9750558672159144e-07,1.0107353490851369e-13,4.239632033662401e-12,5.795008449512058e-11,-1.3986133261854975e-11,-8.646336541798151e-20,2.9733459782553623e-07,4.239632033662401e-12,5.795008449512058e-11,-1.432034045881932e-07,1.7099123252955046e-10,-1.4865147990182596e-07,-5.6190665461611105e-09,-5.6190665461921694e-09,-1.609962669686741e-16,2.8530696204745216e-09,8.955540443842721e-21,-1.3207559053217266e-12,2.851521313042297e-09,1.53580057322024e-12,4.465310694365549e-13,8.865707046001685e-13,2.241501049297893e-21,1.6099651363880926e-16
6.920999999999999,548,101325.00000000003,2.771e-08,0.066,0.29999999999999993,0.6339999999999998,0.22000000000000003,548.0,1e-11,1e-22,IdealGasReactor,off,0.6296059281698647,0.0,0.0,0.2762453818950183,0.042833933069241784,0.014275128843124235,1.1178995582965376e-11,0.03703962801157191,0.0,0.002701106662956437,3.1889058747847625e-11,0.6024815080713387,5.172076406656258e-09,1.7731651604106833e-07,1.2051092444409742e-07,1.1215955964819339e-05,0.3941992792075791,4.0641912802459554e-05,3.1037924408402745e-05,0.0004498678568253768,4.614916857666936e-06,2.0022801410761574e-13,1.99318289243304e-09,8.042246647773847e-05,0.0,0.0,0.0,0.0,0.0,0.0,0.0,0.0,0.0,0.0,0.0,0.0,-2.2306703718986264e-07,4.461340743162481e-07,1.4871135801262925e-07,1.3232684470471376e-16,-2.9742271619473e-07,0.0,9.958555607520846e-18,5.127066502299362e-22,-7.275933988531875e-18,8.225959067133781e-21,-6.89009421823354e-17,2.0964065444543933e-20,-2.0593488530120177e-20,-2.1722050744495675e-17,2.579624637428684e-22,2.983247033177703e-17,-8.31376140878453e-21,2.7263356001864947e-22,-2.7059927596629646e-21,-2.8706430662221395e-22,2.904427169893916e-17,2.945752870142822e-07,2.2306703718986264e-07,4.09619024938416e-07,-4.461327553179984e-07,-3.8259518853908074e-07,1.1719666792243888e-10,1.189776069158355e-07,5.757700119374551e-08,6.330461679375849e-08,5.757700119374551e-08,1.4864177666474923e-07,1.4864177666474923e-07,-1.3232684470471376e-16,2.9728355447469754e-07,-1.3220817424736982e-16,2.429504679869211e-19,-1.174024787230749e-15,2.9728355321889666e-07,1.0099810115578821e-13,4.232981412699928e-12,5.7876624041920984e-11,-1.3957234901012386e-11,-8.634390354077487e-20,2.9711274780516676e-07,4.232981412699928e-12,5.7876624041920984e-11,-1.4309469690702285e-07,1.7080538468562566e-10,-1.48540552627944e-07,-5.616661105606405e-09,-5.616661105585811e-09,-1.6087802977191578e-16,2.8489754593859266e-09,8.943622112476276e-21,-1.3189982497435562e-12,2.847429180447806e-09,1.5335962194979166e-12,4.4612868848502493e-13,8.853914093564017e-13,2.2385387277330616e-21,1.6087774270760916e-16
6.93,548,101325.0,2.771e-08,0.066,0.29999999999999993,0.6339999999999998,0.22000000000000003,548.0,1e-11,1e-22,IdealGasReactor,off,0.6296014609373647,0.0,0.0,0.27622213600549084,0.04287620085083608,0.01428921812386279,1.1191547944998602e-11,0.037010984071254124,0.0,0.0027002112648647253,3.186127267815462e-11,0.6026339218680068,5.170685968804318e-09,1.7743236557319767e-07,1.2049438556423947e-07,1.1218135271103223e-05,0.3940483247651831,4.061873425087755e-05,3.100363361924567e-05,0.00044941825700047975,4.613193837273477e-06,2.0003433959133957e-13,1.9935845193314597e-09,8.036502488342001e-05,0.0,0.0,0.0,0.0,0.0,0.0,0.0,0.0,0.0,0.0,0.0,0.0,-2.2290043844936751e-07,4.4580087669684467e-07,1.4860029218847557e-07,1.3227599631544864e-16,-2.9720058451238187e-07,0.0,9.654685887774846e-16,-1.2182581402756958e-21,-1.7437460989482933e-18,1.1273358181405567e-20,6.96029207373724e-17,-2.472277414798489e-20,2.4113969217145863e-20,1.038212399500324e-15,-1.8133265677357354e-21,1.414202297116601e-18,1.771277630914814e-21,-2.0805143369357183e-21,-3.5770481613258515e-22,1.2050521919052235e-22,-1.0364683932484167e-15,2.9435724246132866e-07,2.2290043844936751e-07,4.0926983501819866e-07,-4.457995594542492e-07,-3.8231540614117515e-07,1.1703500857421403e-10,1.1893984770506381e-07,5.751135320698272e-08,6.325151188425039e-08,5.751135320698272e-08,1.485308059069779e-07,1.485308059069779e-07,-1.3227599631544864e-16,2.9706161295795685e-07,-1.3201232652176004e-16,2.4263499027631547e-19,-1.1729060389144796e-15,2.970616106434676e-07,1.0092269945959713e-13,4.226339733359739e-12,5.78032448003986e-11,-1.3928391719390488e-11,-8.622458954937797e-20,2.9689099199923323e-07,4.226339733359739e-12,5.78032448003986e-11,-1.4298603606169077e-07,1.7061968070275285e-10,-1.484296725077722e-07,-5.614256126784807e-09,-5.614256126808921e-09,-1.607588992200959e-16,2.844886303715237e-09,8.931717352332679e-21,-1.317242595490844e-12,2.8433420510531817e-09,1.5313945614708104e-12,4.457265032424862e-13,8.842134392914966e-13,2.235579690786726e-21,1.6075901972531508e-16
6.938999999999999,548,101324.99999999999,2.771e-08,0.066,0.29999999999999993,0.6339999999999998,0.22000000000000003,548.0,1e-11,1e-22,IdealGasReactor,off,0.6295969971056309,0.0,0.0,0.2761989078123422,0.04291843645527165,0.014303296678866309,1.1204095333533443e-11,0.03698236193668479,0.0,0.002699315763154806,3.183350761093833e-11,0.602786305918701,5.1692954961299906e-09,1.7754795953099088e-07,1.204777308682776e-07,1.1220305666425169e-05,0.39389739972870635,4.0595559752570535e-05,3.0969375830137364e-05,0.0004489690496647476,4.611470907438457e-06,1.9984083351598317e-13,1.993986153248619e-09,8.030760661108886e-05,0.0,0.0,0.0,0.0,0.0,0.0,0.0,0.0,0.0,0.0,0.0,0.0,-2.227339107329986e-07,4.454678195672688e-07,1.4848927371327534e-07,1.3222515799118672e-16,-2.969785475196621e-07,0.0,2.6664747729745582e-14,1.100819557254804e-20,2.8547140776738147e-18,9.645712781399563e-21,1.7665515330632755e-15,5.634357286017199e-19,-5.3820341119640235e-19,2.839269680164637e-14,-3.853166782014377e-21,-3.6216225029873683e-17,-1.3651161779818827e-20,-2.0387959997294892e-20,-5.0733734044584975e-21,-2.6796980134556905e-21,-2.8395599160169385e-14,2.941392875982951e-07,2.227339107329986e-07,4.0892083243097787e-07,-4.454665040783275e-07,-3.820357401511122e-07,1.1687354440334855e-10,1.1890206015322386e-07,5.7445754127154076e-08,6.319843225567614e-08,5.7445754127154076e-08,1.4841988238032324e-07,1.4841988238032324e-07,-1.3222515799118672e-16,2.968397659034575e-07,-1.3181673997626489e-16,2.42319874093181e-19,-1.1717880075621861e-15,2.9683973623573223e-07,1.0084732985576909e-13,4.219706987847602e-12,5.772994671806735e-11,-1.389960362793689e-11,-8.610542331767802e-20,2.9666933051072204e-07,4.219706987847602e-12,5.772994671806735e-11,-1.4287742210273333e-07,1.704341206093559e-10,-1.483188395926912e-07,-5.611851610542003e-09,-5.6118516100038e-09,-1.6064302445116702e-16,2.840802149953143e-09,8.919826154773226e-21,-1.315488941289203e-12,2.8392599213669636e-09,1.5291955972566859e-12,4.453245139406664e-13,8.830367936221235e-13,2.2326239366299466e-21,1.6064034475315356e-16
6.9479999999999995,548,101324.99999999999,2.771e-08,0.066,0.29999999999999993,0.6339999999999998,0.22000000000000003,548.0,1e-11,1e-22,IdealGasReactor,off,0.6295925366730956,0.0,0.0,0.27617569730741204,0.04296063989738652,0.014317364513080891,1.1216637749812768e-11,0.036953761597808575,0.0,0.00269842015847152,3.1805763541203454e-11,0.6029386601729516,5.167904989399536e-09,1.7766329813240887e-07,1.204609605691816e-07,1.1222467159325086e-05,0.393746504148105,4.05723893205686e-05,3.0935151024617685e-05,0.0004485202346536718,4.609748069054768e-06,1.9964749580466563e-13,1.9943877940727847e-09,8.025021168767515e-05,0.0,0.0,0.0,0.0,0.0,0.0,0.0,0.0,0.0,0.0,0.0,0.0,-2.2256745412114264e-07,4.451349073659719e-07,1.4837830263775775e-07,1.3217432974861552e-16,-2.9675660537681053e-07,0.0,-5.522675966444557e-14,-5.5028595196388865e-21,1.3241405322611508e-18,2.567566406960709e-19,7.440392995218938e-16,-5.7640856758451155e-18,6.048948480834902e-18,-5.4519524585065305e-14,6.460658843474288e-20,-3.000660752514582e-17,7.690433621886675e-20,-1.0320990996765549e-19,-2.8393892511435863e-20,-6.474162732437791e-22,5.4518072989279586e-14,2.939214225888961e-07,2.2256745412114264e-07,4.085720173220188e-07,-4.4513359362868604e-07,-3.817561907043967e-07,1.1671227526455423e-10,1.1886424430758098e-07,5.7380203971495125e-08,6.314537793332761e-08,5.7380203971495125e-08,1.483090061383828e-07,1.483090061383828e-07,-1.3217432974861552e-16,2.966180134184061e-07,-1.3162141436231063e-16,2.420051191792168e-19,-1.1706706934144058e-15,2.966180666641449e-07,1.0077199238072214e-13,4.2130831683929145e-12,5.7656729742805653e-11,-1.3870870537777815e-11,-8.598640471928944e-20,2.96447763441639e-07,4.2130831683929145e-12,5.7656729742805653e-11,-1.4276885508007784e-07,1.702487044329523e-10,-1.4820805393360967e-07,-5.609447557679921e-09,-5.609447563728869e-09,-1.6052236526957513e-16,2.8367229946664604e-09,8.907948511213425e-21,-1.3137372858747657e-12,2.835182787914427e-09,1.5269993249822555e-12,4.449227208139006e-13,8.818614715695977e-13,2.229671463444977e-21,1.6052171785330189e-16
6.956999999999999,548,101325.00000000003,2.771e-08,0.066,0.29999999999999993,0.6339999999999998,0.22000000000000003,548.0,1e-11,1e-22,IdealGasReactor,off,0.6295880796381884,0.0,0.0,0.2761525044825327,0.04300281119203164,0.014331421631456856,1.1229175195080783e-11,0.036925183044561244,0.0,0.0026975244514224504,3.1778040463470756e-11,0.6030909845719363,5.166514449306135e-09,1.7777838158980677e-07,1.2044407487870604e-07,1.1224619758400036e-05,0.39359563808173104,4.054922296735106e-05,3.0900959185781595e-05,0.0004480718117971996,4.6080253230333615e-06,1.9945432638025495e-13,1.9947894417356213e-09,8.019284014069994e-05,0.0,0.0,0.0,0.0,0.0,0.0,0.0,0.0,0.0,0.0,0.0,0.0,-2.224010686878866e-07,4.4480213726931077e-07,1.4826737901471512e-07,1.3212351160724624e-16,-2.965347581617482e-07,0.0,1.1163202457121788e-15,-3.939084866969229e-22,-8.718540610953975e-19,6.416053179458275e-22,-2.5666315911666978e-17,-7.551828120364121e-20,7.53214122178536e-20,1.090776633772578e-15,5.344569740889337e-22,-6.818528817738745e-19,-1.1336966698404569e-21,8.98860982509576e-22,9.902679334206853e-22,8.303685178001616e-23,-1.0899014456910733e-15,2.937036475146094e-07,2.224010686878866e-07,4.082233898248551e-07,-4.448008252816828e-07,-3.8147675792641067e-07,1.1655120100921132e-10,1.1882640021219905e-07,5.731470275560395e-08,6.309234894070415e-08,5.731470275560395e-08,1.481981772308247e-07,1.481981772308247e-07,-1.3212351160724624e-16,2.963963556020677e-07,-1.3142634943267743e-16,2.4169072527232044e-19,-1.1695540967198784e-15,2.9639635323874813e-07,1.0069668706820428e-13,4.20646826711623e-12,5.7583593820951545e-11,-1.3842192359795306e-11,-8.586753362863453e-20,2.9622629089644677e-07,4.20646826711623e-12,5.7583593820951545e-11,-1.4266033504554947e-07,1.700634322028063e-10,-1.4809731558251214e-07,-5.6070439691656624e-09,-5.607043969240984e-09,-1.6040305604674293e-16,2.8326488342469087e-09,8.896084412823218e-21,-1.3119876279442207e-12,2.831110647138843e-09,1.5248057427303373e-12,4.4452112408390545e-13,8.806874723315849e-13,2.2267222693534034e-21,1.6040313908359471e-16
6.965999999999999,548,101325.00000000004,2.771e-08,0.066,0.29999999999999993,0.6339999999999998,0.22000000000000003,548.0,1e-11,1e-22,IdealGasReactor,off,0.6295836259993389,0.0,0.0,0.27612932932952966,0.04304495035407091,0.014345468038948777,1.124170767058306e-11,0.036896626266869896,0.0,0.002696628642584065,3.1750338371861204e-11,0.6032432790504062,5.16512387648149e-09,1.7789321011477433e-07,1.2042707400676764e-07,1.122676347220123e-05,0.3934448015944007,4.0526060704914306e-05,3.0866800296349134e-05,0.0004476237809187156,4.606302670300986e-06,1.992613251647735e-13,1.9951910962029816e-09,8.013549199799413e-05,0.0,0.0,0.0,0.0,0.0,0.0,0.0,0.0,0.0,0.0,0.0,0.0,-2.2223475450204216e-07,4.444695089142931e-07,1.4815650289626392e-07,1.320727035887641e-16,-2.963130059042433e-07,0.0,-2.2414762031170776e-15,-2.3151105293150653e-22,9.828600404958107e-18,1.6909342388241566e-21,-4.2225757090929347e-17,-1.4087216704023083e-19,1.3694636785305416e-19,-2.3042515452999352e-15,-1.601715803735226e-22,-1.0470915143622564e-17,7.522638075730894e-21,-6.72084247699335e-24,-6.71321454702727e-22,-1.5137594348983195e-23,2.2943662655645256e-15,2.934859624088284e-07,2.2223475450204216e-07,4.0787495006355894e-07,-4.4446819867432694e-07,-3.8119744193280756e-07,1.1639032148589241e-10,1.1878852790852043e-07,5.7249250493636765e-08,6.303934529976278e-08,5.7249250493636765e-08,1.480873957035304e-07,1.480873957035304e-07,-1.320727035887641e-16,2.9617479254628877e-07,-1.312315449411163e-16,2.41376692106191e-19,-1.1684382177317185e-15,2.9617479357924026e-07,1.0062141394939068e-13,4.1998622760271454e-12,5.7510538897305816e-11,-1.3813569004560836e-11,-8.574880992031966e-20,2.9600491298092475e-07,4.1998622760271454e-12,5.7510538897305816e-11,-1.4255186205027055e-07,1.6987830394924318e-10,-1.4798662459231076e-07,-5.604640845993375e-09,-5.604640846130322e-09,-1.6028462363536004e-16,2.828579665094439e-09,8.884233850542453e-21,-1.3102399661614197e-12,2.8270434954148304e-09,1.5226148485469287e-12,4.4411972396155837e-13,8.795147950821784e-13,2.2237763524166895e-21,1.602846084977657e-16
6.975,548,101325.0,2.771e-08,0.066,0.29999999999999993,0.6339999999999998,0.22000000000000003,548.0,1e-11,1e-22,IdealGasReactor,off,0.629579175754975,0.0,0.0,0.27610617184022146,0.04308705739838062,0.014359503740515507,1.125423517756664e-11,0.036868091254653214,0.0,0.002695732732621701,3.172265726155222e-11,0.6033955435626712,5.163733271729872e-09,1.7800778392538188e-07,1.2040995816724362e-07,1.1228898309293931e-05,0.3932939947312668,4.050290254657646e-05,3.0832674340028945e-05,0.000447176141856761,4.604580111737877e-06,1.9906849208134643e-13,1.9955927573400473e-09,8.007816728600056e-05,0.0,0.0,0.0,0.0,0.0,0.0,0.0,0.0,0.0,0.0,0.0,0.0,-2.2206851164692528e-07,4.441370229668347e-07,1.480456743325407e-07,1.3202190570824068e-16,-2.960913487537256e-07,0.0,-1.2452827847451349e-14,1.7692817645965594e-21,2.236781795746806e-17,1.4411624800515014e-21,1.9510620434526598e-16,-6.102078291579183e-19,6.085352699593361e-19,-1.2301815600845353e-14,-6.817332408823129e-22,-2.0906342284913964e-17,1.486635987282857e-20,-7.7013099968101105e-22,-2.6737980871235423e-21,-3.859395021581004e-23,1.227933683431635e-14,2.932683674244257e-07,2.2206851164692528e-07,4.0752669818829467e-07,-4.441357144725354e-07,-3.8091824286441674e-07,1.162296365507836e-10,1.1875062744577335e-07,5.718384720340808e-08,6.298636703658311e-08,5.718384720340808e-08,1.479766616121602e-07,1.479766616121602e-07,-1.3202190570824068e-16,2.9595332436235936e-07,-1.310370006382499e-16,2.410630194244523e-19,-1.1673230566818552e-15,2.9595333539411683e-07,1.0054617306210093e-13,4.193265187415261e-12,5.743756492052998e-11,-1.3785000383736364e-11,-8.563023346760155e-20,2.9578362979508225e-07,4.193265187415261e-12,5.743756492052998e-11,-1.424434361436245e-07,1.6969331969775292e-10,-1.478759810128413e-07,-5.602238188916214e-09,-5.6022381895247495e-09,-1.6016616475419755e-16,2.8245154837586626e-09,8.872396815898142e-21,-1.30849429927726e-12,2.8229813292999182e-09,1.5204266405761594e-12,4.4371852068644365e-13,8.783434390537327e-13,2.2208337108449694e-21,1.6016612616024733e-16
6.983999999999999,548,101324.99999999999,2.771e-08,0.066,0.29999999999999993,0.6339999999999998,0.22000000000000003,548.0,1e-11,1e-22,IdealGasReactor,off,0.6295747289035226,0.0,0.0,0.2760830320064195,0.04312913233984991,0.014373528741120101,1.1266757717279886e-11,0.03683957799782113,0.0,0.0026948367222706456,3.169499712852118e-11,0.6035477780788694,5.1623426359888204e-09,1.781221032445157e-07,1.2039272757674825e-07,1.1231024278213317e-05,0.39314321752157283,4.0479748506694936e-05,3.0798581301305654e-05,0.00044672889446101385,4.602857648187573e-06,1.9887582705364083e-13,1.995994424931651e-09,8.002086602995537e-05,0.0,0.0,0.0,0.0,0.0,0.0,0.0,0.0,0.0,0.0,0.0,0.0,-2.2190234021721206e-07,4.438046801460314e-07,1.4793489337096784e-07,1.3197111797539692e-16,-2.958697868625867e-07,0.0,-1.7202064727701137e-15,-7.839673738869392e-23,5.555447645122961e-18,-1.1552939207408218e-22,1.564534969236513e-16,7.887994321305672e-21,-5.025949401872196e-21,-1.5751007027106079e-15,-1.3600005929785446e-21,-5.737701115031609e-18,5.822535741844895e-21,-5.055288464223686e-21,2.7668329822062383e-22,2.377336052384957e-22,1.5695126347360125e-15,2.9305086271709264e-07,2.2190234021721206e-07,4.07178634369959e-07,-4.438033733954053e-07,-3.806391608814181e-07,1.1606914606597437e-10,1.1871269887940479e-07,5.7118492905583425e-08,6.293341418044076e-08,5.7118492905583425e-08,1.4786597501989233e-07,1.4786597501989233e-07,-1.3197111797539692e-16,2.9573195117663056e-07,-1.3084271627214483e-16,2.4074970697799467e-19,-1.1662086137841357e-15,2.9573195148291376e-07,1.0047096444926281e-13,4.1866769937822465e-12,5.736467184218164e-11,-1.3756486409809946e-11,-8.551180414245092e-20,2.955624414339314e-07,4.1866769937822465e-12,5.736467184218164e-11,-1.423350573725211e-07,1.6950847946974884e-10,-1.4776538489150095e-07,-5.599835998446735e-09,-5.599835998441709e-09,-1.6004745441012884e-16,2.820456286944145e-09,8.860573300864189e-21,-1.3067506261085648e-12,2.818924145494043e-09,1.5182411170388744e-12,4.4331751452058423e-13,8.771734035226256e-13,2.2178943429612307e-21,1.6004769214373407e-16
6.992999999999999,548,101324.99999999999,2.771e-08,0.066,0.29999999999999993,0.6339999999999998,0.22000000000000003,548.0,1e-11,1e-22,IdealGasReactor,off,0.6295702854434072,0.0,0.0,0.2760599098199283,0.04317117519338049,0.01438754304572985,1.1279275290972599e-11,0.0368110864862751,0.0,0.002693940612008917,3.166735796568713e-11,0.6036999825120035,5.160951969704442e-09,1.782361682778952e-07,1.2037538244134895e-07,1.1233141387588848e-05,0.3929924700519997,4.045659859576778e-05,3.076452116170598e-05,0.0004462820385382553,4.601135280624167e-06,1.9868333000249806e-13,1.9963960990557264e-09,7.996358825909711e-05,0.0,0.0,0.0,0.0,0.0,0.0,0.0,0.0,0.0,0.0,0.0,0.0,-2.2173624026504309e-07,4.434724803981054e-07,1.478241600672825e-07,1.3192034041927128e-16,-2.9564832026552754e-07,0.0,-2.9359864289534684e-17,-5.788957214585415e-24,1.0328967675488223e-18,-2.321521017185499e-22,6.606856988583543e-20,-1.826414792517085e-21,1.851230210893676e-21,-3.025913038374926e-17,1.0456483827336589e-22,7.964375686314743e-20,8.308396144887069e-22,-1.0735253387289762e-22,2.74184309146324e-23,-5.896661310817199e-26,2.922084485197021e-17,2.9283344832537264e-07,2.2173624026504309e-07,4.06830758701577e-07,-4.434711753891602e-07,-3.80360196071326e-07,1.1590884987133773e-10,1.1867474224235976e-07,5.70531876098531e-08,6.288048674857394e-08,5.70531876098531e-08,1.4775533596165695e-07,1.4775533596165695e-07,-1.3192034041927128e-16,2.955106730589709e-07,-1.306486915999859e-16,2.4043675448971687e-19,-1.16509488931075e-15,2.955106718216527e-07,1.003957881346104e-13,4.180097686828669e-12,5.7291859602832445e-11,-1.3728026992625026e-11,-8.539352182116236e-20,2.953413480091321e-07,4.180097686828669e-12,5.7291859602832445e-11,-1.4222672579135385e-07,1.6932378329975832e-10,-1.4765483628398277e-07,-5.597434275928667e-09,-5.597434275930518e-09,-1.5992930654887666e-16,2.8164020708014386e-09,8.848763295712728e-21,-1.3050089452208563e-12,2.8148719401548794e-09,1.5160582758641732e-12,4.429167056409501e-13,8.760046875966243e-13,2.2149582466559306e-21,1.5992930648991005e-16
7.002,548,101324.99999999999,2.771e-08,0.066,0.29999999999999993,0.6339999999999998,0.22000000000000003,548.0,1e-11,1e-22,IdealGasReactor,off,0.6295658453730522,0.0,0.0,0.2760368052725449,0.04321318597388773,0.01440154665931614,1.1291787899895687e-11,0.0367826167099073,0.0,0.002693044402514205,3.1639739768306825e-11,0.6038521568196278,5.159561273703884e-09,1.7834997924455494e-07,1.2035792297523433e-07,1.1235249645984022e-05,0.3928417523644429,4.0433452827274075e-05,3.0730493905013566e-05,0.00044583557392808567,4.599413009919155e-06,1.9849100085074266e-13,1.9967977795623867e-09,7.990633399943642e-05,0.0,0.0,0.0,0.0,0.0,0.0,0.0,0.0,0.0,0.0,0.0,0.0,-2.2157021187530758e-07,4.431404236239594e-07,1.4771347447051848e-07,1.3186957305383993e-16,-2.9542694907881635e-07,0.0,-5.1135569277283e-18,-3.245635200593597e-23,-6.206769993287973e-18,4.3738223592418375e-22,-5.246469135733933e-18,-8.787966827763366e-21,8.642383039954033e-21,-4.4262335316039005e-18,-3.043671749380582e-22,-3.2388433165264945e-19,-4.657614922390283e-21,1.6192060490725517e-22,-8.64915183294672e-23,2.4826131600721797e-24,1.0665181237389776e-17,2.9261612436896163e-07,2.2157021187530758e-07,4.064830713359035e-07,-4.43139120354704e-07,-3.8008134857761826e-07,1.1574874782382461e-10,1.1863675758515103e-07,5.6987931334247084e-08,6.282758476746349e-08,5.6987931334247084e-08,1.4764474449413016e-07,1.4764474449413016e-07,-1.3186957305383993e-16,2.952894901227292e-07,-1.3045492637181862e-16,2.401241617039399e-19,-1.1639818834860242e-15,2.9528948886081707e-07,1.0032064415665343e-13,4.173527258872111e-12,5.7219128151497694e-11,-1.36996220442478e-11,-8.527538637660241e-20,2.951203496189404e-07,4.173527258872111e-12,5.7219128151497694e-11,-1.4211844144846142e-07,1.6913923121151665e-10,-1.4754433523930683e-07,-5.595033022057074e-09,-5.5950330220657166e-09,-1.5981096678172238e-16,2.8123528319037133e-09,8.836966792020363e-21,-1.3032692553720045e-12,2.8108247098547025e-09,1.5138781152042464e-12,4.425160942896104e-13,8.748372905124807e-13,2.2120254201500817e-21,1.5981096926433554e-16
7.010999999999999,548,101324.99999999999,2.771e-08,0.066,0.29999999999999993,0.6339999999999998,0.22000000000000003,548.0,1e-11,1e-22,IdealGasReactor,off,0.6295614086908798,0.0,0.0,0.2760137183560611,0.04325516469629665,0.01441553958685486,1.1304295545302135e-11,0.03675416865860336,0.0,0.002692148094467436,3.1612142531656545e-11,0.6040043009601241,5.158170548820631e-09,1.7846353636409098e-07,1.2034034939271867e-07,1.1237349061967623e-05,0.3926910644999663,4.041031121473005e-05,3.0696499515023636e-05,0.0004453895004703548,4.59769083694146e-06,1.9829883952112897e-13,1.9971994662977158e-09,7.984910327686464e-05,0.0,0.0,0.0,0.0,0.0,0.0,0.0,0.0,0.0,0.0,0.0,0.0,-2.2140425513326095e-07,4.428085101305839e-07,1.4760283662952176e-07,1.3181881589279832e-16,-2.9520567346545327e-07,0.0,-1.978079731610244e-14,3.533308160474977e-21,-3.2067193512310154e-17,-1.604892235460079e-21,3.9225566391754615e-18,-4.317221053036762e-19,3.811830242379113e-19,-1.970245983131765e-14,-1.8096819091845792e-20,4.247025870905677e-17,-2.4798957563180382e-20,-7.335541069696819e-22,-4.723821454860578e-21,-2.0125336524438837e-22,1.9734730165644232e-14,2.9239889101428463e-07,2.2140425513326095e-07,4.0613557242617567e-07,-4.428072085990286e-07,-3.798026185443688e-07,1.1558883978054971e-10,1.1859874495861712e-07,5.6922724096815996e-08,6.277470826367861e-08,5.6922724096815996e-08,1.4753420067422045e-07,1.4753420067422045e-07,-1.3181881589279832e-16,2.950684024817271e-07,-1.3026142033754336e-16,2.3981192836515477e-19,-1.1628695965320529e-15,2.950684209190868e-07,1.0024553255405961e-13,4.1669657022363926e-12,5.7146477437277973e-11,-1.367127147687072e-11,-8.515739768154875e-20,2.948994463611284e-07,4.1669657022363926e-12,5.7146477437277973e-11,-1.4201020439200532e-07,1.689548232282423e-10,-1.4743388180624298e-07,-5.592632237516442e-09,-5.592632237897625e-09,-1.5969288178619676e-16,2.8083085668212796e-09,8.825183781373533e-21,-1.3015315553215095e-12,2.806782451168641e-09,1.5117006332126622e-12,4.421156807091057e-13,8.736712115078443e-13,2.209095861666924e-21,1.596926805328315e-16
7.02,548,101324.99999999999,2.771e-08,0.066,0.29999999999999993,0.6339999999999998,0.22000000000000003,548.0,1e-11,1e-22,IdealGasReactor,off,0.6295569753953116,0.0,0.0,0.2759906490622596,0.04329711137554844,0.014429521833325703,1.131679822844546e-11,0.03672574232223798,0.0,0.0026912516882575195,3.158456624756067e-11,0.6041564148270009,5.156779795331896e-09,1.7857683983684748e-07,1.2032266189604031e-07,1.1239439644207133e-05,0.39254040656485145,4.03871737672841e-05,3.0662537972198275e-05,0.00044494381795642937,4.5959687627089756e-06,1.9810684593323922e-13,1.997601159441618e-09,7.97918961218357e-05,0.0,0.0,0.0,0.0,0.0,0.0,0.0,0.0,0.0,0.0,0.0,0.0,-2.2123837007597934e-07,4.424767400370229e-07,1.4749224660240078e-07,1.3176806897177712e-16,-2.949844932622943e-07,0.0,8.185788324179034e-15,-1.600812902284119e-21,-1.016110572004699e-17,-1.5627884435008221e-21,-1.6856220348156594e-17,-6.198163591533343e-19,6.353359218060542e-19,8.094042993571936e-15,8.479051371146617e-21,-8.448594195291181e-17,-7.029540788601885e-21,-8.414624028166385e-21,4.620675250692443e-22,1.894746517843768e-22,-8.083857149773493e-15,2.9218174810223497e-07,2.2123837007597934e-07,4.0578826203772524e-07,-4.4247544024117935e-07,-3.7952400603351447e-07,1.154291255736079e-10,1.1856070438809822e-07,5.6857565903228576e-08,6.272185725019296e-08,5.6857565903228576e-08,1.4742370452689028e-07,1.4742370452689028e-07,-1.3176806897177712e-16,2.948474101858752e-07,-1.3006817325742664e-16,2.395000541862946e-19,-1.1617580287374829e-15,2.948474008279689e-07,1.0017045334379021e-13,4.160413008342138e-12,5.707390739688146e-11,-1.3642975199694983e-11,-8.503955561368657e-20,2.9467863835243794e-07,4.160413008342138e-12,5.707390739688146e-11,-1.4190201467847145e-07,1.6877055938810678e-10,-1.473234760430282e-07,-5.5902319239293196e-09,-5.5902319245646555e-09,-1.5957425085146685e-16,2.804269271527581e-09,8.813414253440244e-21,-1.299795843545881e-12,2.8027451600593035e-09,1.509525827714109e-12,4.4171546504581304e-13,8.725064496299807e-13,2.2061695689408313e-21,1.5957444032611864e-16
7.028999999999999,548,101325.0,2.771e-08,0.066,0.29999999999999993,0.6339999999999998,0.22000000000000003,548.0,1e-11,1e-22,IdealGasReactor,off,0.6295525454847669,0.0,0.0,0.2759675973829174,0.04333902602659524,0.014443493403712692,1.1329295950580923e-11,0.03669733769067843,0.0,0.002690355184730687,3.155701091319131e-11,0.6043084984158282,5.15538901438587e-09,1.7868988989361805e-07,1.203048607062345e-07,1.1241521401224674e-05,0.3923897785627811,4.036404050089778e-05,3.062860926214989e-05,0.0004444985262527665,4.59424678800317e-06,1.9791502001123312e-13,1.998002858650574e-09,7.973471255744888e-05,0.0,0.0,0.0,0.0,0.0,0.0,0.0,0.0,0.0,0.0,0.0,0.0,-2.2107255681561497e-07,4.4214511349950876e-07,1.4738170443235677e-07,1.317173322918994e-16,-2.9476340899973404e-07,0.0,-6.854409233017696e-17,-4.636500729894225e-23,-3.2174775532088324e-18,1.35537179280297e-22,-1.3287829360051837e-20,-7.067431153653068e-21,7.057504986302432e-21,-6.524433403626309e-17,-2.64370336699768e-22,7.124016911264105e-20,-2.41568707295896e-21,-2.874452628621771e-23,1.714813626667813e-22,1.555965273195061e-25,6.84787374103646e-17,2.9196469616629434e-07,2.2107255681561497e-07,4.054411403724587e-07,-4.421438154373898e-07,-3.7924551123495866e-07,1.152696050740009e-10,1.1852263593903e-07,5.679245677827091e-08,6.266903176112333e-08,5.679245677827091e-08,1.4731325612686512e-07,1.4731325612686512e-07,-1.317173322918994e-16,2.946265133846397e-07,-1.2987518487529325e-16,2.391885389291813e-19,-1.160647180282333e-15,2.946265121872571e-07,1.0009540657661904e-13,4.153869170015828e-12,5.7001417986291234e-11,-1.361473312684332e-11,-8.492186004284628e-20,2.944579256790735e-07,4.153869170015828e-12,5.7001417986291234e-11,-1.4179387235091367e-07,1.685864397048601e-10,-1.4721311799265192e-07,-5.587832081443111e-09,-5.587832081450168e-09,-1.5945624857400249e-16,2.8002349429193007e-09,8.801658200866464e-21,-1.2980621189607988e-12,2.798712833439705e-09,1.5073536970429286e-12,4.413154475953321e-13,8.713430042213504e-13,2.2032465404637606e-21,1.5945624872959901e-16
7.037999999999999,548,101325.0,2.771e-08,0.066,0.29999999999999993,0.6339999999999998,0.22000000000000003,548.0,1e-11,1e-22,IdealGasReactor,off,0.6295481189576645,0.0,0.0,0.27594456330980477,0.043380908664400857,0.014457454303004106,1.1341788712965344e-11,0.03666895475378408,0.0,0.0026894585844063927,3.1529476521881465e-11,0.6044605516492503,5.153998206508756e-09,1.7880268674362702e-07,1.2028694603086714e-07,1.1243594341655087e-05,0.3922391805707477,4.0340911426658866e-05,3.05947133667942e-05,0.0004440536251719462,4.592524913774627e-06,1.9772336167593115e-13,1.9984045639551514e-09,7.967755261198417e-05,0.0,0.0,0.0,0.0,0.0,0.0,0.0,0.0,0.0,0.0,0.0,0.0,-2.2090681541042767e-07,4.418136304986329e-07,1.4727121017308434e-07,1.316666058789449e-16,-2.9454242043591003e-07,0.0,1.4903519362125446e-15,-1.1372541771261033e-21,1.8185674841205796e-17,5.23407864166945e-21,1.9065816964143763e-16,-7.964756682150593e-20,6.73738608924441e-20,1.6389135312136765e-15,4.138581150875055e-21,-2.3626456139898287e-17,1.5069199462817882e-20,-6.146985927034687e-23,-1.9577928456710975e-22,3.392576645213369e-22,-1.657207189453435e-15,2.9174773496837194e-07,2.2090681541042767e-07,4.050942075341557e-07,-4.418123341682527e-07,-3.7896713424683704e-07,1.1511027812487185e-10,1.184845396482842e-07,5.672739673292283e-08,6.261623181540594e-08,5.672739673292283e-08,1.4720285551317155e-07,1.4720285551317155e-07,-1.316666058789449e-16,2.944057121560684e-07,-1.296824549468133e-16,2.3887738232061004e-19,-1.1595370514225762e-15,2.944057092557628e-07,1.0002039227906355e-13,4.147334179078231e-12,5.692900914767895e-11,-1.3586545169101853e-11,-8.48043108444891e-20,2.9423730844876075e-07,4.147334179078231e-12,5.692900914767895e-11,-1.4168577746182605e-07,1.684024642092541e-10,-1.4710280770886282e-07,-5.585432711258281e-09,-5.585432711325655e-09,-1.5933776653178284e-16,2.7962055772327007e-09,8.789915614160439e-21,-1.2963303801666192e-12,2.7946854675380895e-09,1.5051842391671994e-12,4.409156285458605e-13,8.70180874412188e-13,2.2003267741826357e-21,1.5933810578944736e-16
7.047,548,101324.99999999999,2.771e-08,0.066,0.29999999999999993,0.6339999999999998,0.22000000000000003,548.0,1e-11,1e-22,IdealGasReactor,off,0.6295436958124211,0.0,0.0,0.2759215468346848,0.04342275930394251,0.014471404536192245,1.1354276516856674e-11,0.03664059350140518,0.0,0.002688561888093726,3.150196307033711e-11,0.6046125745148316,5.152607372779143e-09,1.7891523061582506e-07,1.2026891808933026e-07,1.1245658474036697e-05,0.3920886126004837,4.0317786559960055e-05,3.056085027128663e-05,0.0004436091145738218,4.59080314082236e-06,1.9753187085091815e-13,1.998806275053156e-09,7.962041630899626e-05,0.0,0.0,0.0,0.0,0.0,0.0,0.0,0.0,0.0,0.0,0.0,0.0,-2.2074114596611575e-07,4.414822917552802e-07,1.4716076386853288e-07,1.316158897367437e-16,-2.943215278642328e-07,0.0,3.3146344655599823e-15,-5.469122101912426e-22,1.5868839615815777e-18,4.441154904565439e-21,4.533892080944412e-17,-7.612708613448024e-20,7.186710597983215e-20,3.355447778667753e-15,1.541030211044188e-21,-2.8494093793397652e-18,7.477761205093387e-22,1.7633939695982013e-21,6.306854595420923e-22,7.858721365695254e-23,-3.3570434949329287e-15,2.9153086480505127e-07,2.2074114596611575e-07,4.0474746371281367e-07,-4.4148099715465416e-07,-3.786888752481502e-07,1.149511445938899e-10,1.1844641557816151e-07,5.666238579019641e-08,6.256345744533087e-08,5.666238579019641e-08,1.4709250275627882e-07,1.4709250275627882e-07,-1.316158897367437e-16,2.9418500664109854e-07,-1.2948998321714493e-16,2.38566584118115e-19,-1.1584276423441083e-15,2.9418500202549325e-07,9.994541049900561e-14,4.140808028235222e-12,5.68566808353714e-11,-1.3558411240388722e-11,-8.468690788902759e-20,2.940167867496204e-07,4.140808028235222e-12,5.68566808353714e-11,-1.4157773005490152e-07,1.6821863291632e-10,-1.4699254523561231e-07,-5.583033813631358e-09,-5.583033813703225e-09,-1.5921993299916344e-16,2.792181171289528e-09,8.778186485706421e-21,-1.2946006260406773e-12,2.790663059181517e-09,1.503017452375775e-12,4.405160081797204e-13,8.690200595186023e-13,2.197410268521215e-21,1.592200115863771e-16
7.055999999999999,548,101324.99999999996,2.771e-08,0.066,0.29999999999999993,0.6339999999999998,0.22000000000000003,548.0,1e-11,1e-22,IdealGasReactor,off,0.6295392760474527,0.0,0.0,0.2758985479493138,0.04346457796020968,0.01448534410827358,1.1366759363514278e-11,0.03661225392338369,0.0,0.0026876650961955373,3.14744705504703e-11,0.6047645669096,5.151216513500321e-09,1.790275217118606e-07,1.2025077708433263e-07,1.124771380705372e-05,0.39193807475473624,4.0294665910123556e-05,3.052701995615855e-05,0.000443164994251021,4.589081470154201e-06,1.9734054745546822e-13,1.999207992108591e-09,7.956330367844784e-05,0.0,0.0,0.0,0.0,0.0,0.0,0.0,0.0,0.0,0.0,0.0,0.0,-2.2057554852149643e-07,4.4115109694901323e-07,1.4705036557600028e-07,1.3156518389973723e-16,-2.941007312656656e-07,0.0,-9.796332628395033e-15,-3.3791395362025307e-22,9.225421432806968e-18,1.5776295498994208e-21,-3.754732942544783e-17,3.61180142665154e-19,-3.5747933660459176e-19,-9.851462545316855e-15,-5.368148376827835e-21,-8.644343863720103e-18,6.358898250471157e-21,9.469150062200784e-22,1.4332731032246858e-21,-3.736122249811823e-23,9.842196089272165e-15,2.9131408566131613e-07,2.2057554852149643e-07,4.0440090897634164e-07,-4.4114980407615814e-07,-3.7841073430377066e-07,1.147922043140099e-10,1.1840826375544458e-07,5.659742395595478e-08,6.251070866430605e-08,5.659742395595478e-08,1.4698219788228163e-07,1.4698219788228163e-07,-1.3156518389973723e-16,2.939643968919207e-07,-1.2929776944589373e-16,2.382561440355234e-19,-1.15731895332651e-15,2.9396440548445923e-07,9.987046125417577e-14,4.1342907089416024e-12,5.678443298650486e-11,-1.3530331250443632e-11,-8.456965105374891e-20,2.9379636069640103e-07,4.1342907089416024e-12,5.678443298650486e-11,-1.4146973018586053e-07,1.6803494586211562e-10,-1.4688233063014186e-07,-5.580635390139756e-09,-5.580635389782276e-09,-1.5910200351359298e-16,2.7881617210698703e-09,8.766470805229329e-21,-1.2928728550676804e-12,2.7866456043494645e-09,1.500853334501934e-12,4.401165866458652e-13,8.678605585930248e-13,2.1944970212265992e-21,1.5910196615237048e-16
7.0649999999999995,548,101325.00000000004,2.771e-08,0.066,0.29999999999999993,0.6339999999999998,0.22000000000000003,548.0,1e-11,1e-22,IdealGasReactor,off,0.6295348596611734,0.0,0.0,0.27587556664544105,0.04350636464820403,0.014499273024248699,1.1379237254198914e-11,0.036583936009553286,0.0,0.002686768209492237,3.144699895861312e-11,0.604916528814993,5.149825629696293e-09,1.791395602588334e-07,1.2023252323403455e-07,1.1249760349263766e-05,0.39178756705139933,4.027154949209972e-05,3.0493222406202637e-05,0.0004427212640581739,4.587359902582352e-06,1.971493914126529e-13,1.999609714851436e-09,7.950621474421333e-05,0.0,0.0,0.0,0.0,0.0,0.0,0.0,0.0,0.0,0.0,0.0,0.0,-2.2041002317724644e-07,4.4082004621085663e-07,1.4694001534015146e-07,1.3151448837382783e-16,-2.9388003081336835e-07,0.0,1.2987129483267105e-14,-1.0371734497891628e-21,-3.495839978584218e-18,-9.881242244041825e-22,1.2108653618355444e-17,-1.0908196173859287e-19,9.941222037784797e-20,1.3000701277941182e-14,2.565778449846049e-21,-1.9417661802809322e-18,-3.8303634259517555e-21,3.3185193705920356e-21,2.0013930084368069e-22,1.800866091049844e-22,-1.2997191807932838e-14,2.910973977135662e-07,2.2041002317724644e-07,4.040545435054086e-07,-4.408187550637905e-07,-3.7813271158420863e-07,1.1463345715029583e-10,1.1837008424004696e-07,5.6532511251806504e-08,6.245798550318535e-08,5.6532511251806504e-08,1.4687194095833118e-07,1.4687194095833118e-07,-1.3151448837382783e-16,2.937438830428393e-07,-1.2910581337920518e-16,2.379460618269886e-19,-1.1562109845594953e-15,2.9374386878444625e-07,9.97955445902014e-14,4.1277822138100595e-12,5.671226555410905e-11,-1.350230511307456e-11,-8.445254020948365e-20,2.9357603037857556e-07,4.1277822138100595e-12,5.671226555410905e-11,-1.413617778990211e-07,1.6785140306249405e-10,-1.467721639370793e-07,-5.578237441130358e-09,-5.57823744122977e-09,-1.589837894778918e-16,2.7841472233334293e-09,8.754768564908911e-21,-1.2911470660945434e-12,2.7826330998021344e-09,1.498691883798928e-12,4.397173642161989e-13,8.66702370930924e-13,2.1915870306692127e-21,1.589839695645009e-16
7.074,548,101324.99999999999,2.771e-08,0.066,0.29999999999999993,0.6339999999999998,0.22000000000000003,548.0,1e-11,1e-22,IdealGasReactor,off,0.6295304466519972,0.0,0.0,0.27585260291480995,0.04354811938293942,0.014513191289122351,1.1391710190172777e-11,0.036555639749739494,0.0,0.002685871228560846,3.141954828869101e-11,0.6050684601670963,5.1484347220028906e-09,1.7925134647056649e-07,1.2021415674819376e-07,1.1251798109297695e-05,0.3916370895539573,4.0248437317792905e-05,3.0459457603881892e-05,0.00044227792381612335,4.585638439023449e-06,1.9695840264334517e-13,2.000011443245414e-09,7.944914953334743e-05,0.0,0.0,0.0,0.0,0.0,0.0,0.0,0.0,0.0,0.0,0.0,0.0,-2.2024457000049395e-07,4.404891398624376e-07,1.4682971321219493e-07,1.314638031802515e-16,-2.93659426602609e-07,0.0,-9.937675161764425e-16,5.606341841017931e-22,-2.362396454870996e-17,1.6164009890550215e-21,6.959805029792569e-18,-4.6719160996995003e-20,5.071775207807634e-20,-9.399752719006688e-16,-1.062702924415813e-21,2.3016634577025347e-17,-1.709772723501081e-20,-3.3162187745133725e-22,-4.747406023821945e-22,-4.3257744205207106e-23,9.637249746091878e-16,2.90880801060735e-07,2.2024457000049395e-07,4.0370836741926634e-07,-4.4048785043917984e-07,-3.7785480720263657e-07,1.1447490295038258e-10,1.183318770741065e-07,5.6467647690720564e-08,6.240528798334105e-08,5.6467647690720564e-08,1.4676173202929753e-07,1.4676173202929753e-07,-1.314638031802515e-16,2.9352346518359187e-07,-1.2891411477044476e-16,2.3763633722471613e-19,-1.1551037362790994e-15,2.93523464867107e-07,9.972066053757036e-14,4.121282534825796e-12,5.6640178482589775e-11,-1.3474332740047043e-11,-8.433557523049866e-20,2.9335579589883835e-07,4.121282534825796e-12,5.6640178482589775e-11,-1.4125387324458618e-07,1.6766800454368453e-10,-1.4666204520765523e-07,-5.575839967608742e-09,-5.57583996765946e-09,-1.5886606513311325e-16,2.780137674410276e-09,8.743079755588386e-21,-1.2894232577711714e-12,2.7786255418740587e-09,1.4965330982909346e-12,4.393183410955898e-13,8.655454956953109e-13,2.1886802948794786e-21,1.5886602187536905e-16
7.082999999999999,548,101324.99999999997,2.771e-08,0.066,0.29999999999999993,0.6339999999999998,0.22000000000000003,548.0,1e-11,1e-22,IdealGasReactor,off,0.6295260370183351,0.0,0.0,0.27582965674915594,0.04358984217944246,0.014527098907903295,1.1404178172699265e-11,0.03652736513375904,0.0,0.0026849741539465505,3.139211853423903e-11,0.6052203608950425,5.1470437909955216e-09,1.7936288055883581e-07,1.2019567783523353e-07,1.1253827095802075e-05,0.3914866423328869,4.0225329398625294e-05,3.0425725531281383e-05,0.00044183497334023165,4.583917080409705e-06,1.9676758106796892e-13,2.0004131772908352e-09,7.939210807334594e-05,0.0,0.0,0.0,0.0,0.0,0.0,0.0,0.0,0.0,0.0,0.0,0.0,-2.2007918905300983e-07,4.40158378075113e-07,1.4671945924431837e-07,1.314131283425954e-16,-2.934389186843514e-07,0.0,-1.0808993284770335e-14,1.1481116481995468e-23,-2.9390464902965854e-17,1.757486489115265e-20,-1.0067997723698144e-16,-4.319603333200915e-19,4.542892467753479e-19,-1.0845657071150652e-14,-6.761219028695203e-22,3.472907824159891e-17,-2.0350642559831065e-20,2.237446008773513e-21,4.8084162295460816e-21,-1.580976466140729e-22,1.0875198845252337e-14,2.906642957575204e-07,2.2007918905300983e-07,4.0336238082734185e-07,-4.401570903736843e-07,-3.7757702126314155e-07,1.1431654155914786e-10,1.1829364229704295e-07,5.64028332842403e-08,6.235261612462758e-08,5.64028332842403e-08,1.4665157113650864e-07,1.4665157113650864e-07,-1.314131283425954e-16,2.9330314339682893e-07,-1.2872267337406541e-16,2.373269699573766e-19,-1.1539972087272279e-15,2.933031529872565e-07,9.964580912436385e-14,4.1147916638748556e-12,5.6568171714981824e-11,-1.3446414042892857e-11,-8.421875599155155e-20,2.931356573617244e-07,4.1147916638748556e-12,5.6568171714981824e-11,-1.4114601627363457e-07,1.6748475033323903e-10,-1.4655197449400747e-07,-5.573442970683816e-09,-5.573442971138105e-09,-1.587482812313306e-16,2.7761330705692833e-09,8.73140436789723e-21,-1.2877014287158818e-12,2.774622926830962e-09,1.4943769759652176e-12,4.3891951747803627e-13,8.643899320277785e-13,2.1857768118326097e-21,1.5874812313368399e-16
7.092,548,101325.0,2.771e-08,0.066,0.29999999999999993,0.6339999999999998,0.22000000000000003,548.0,1e-11,1e-22,IdealGasReactor,off,0.6295216307585978,0.0,0.0,0.2758067281402088,0.04363153305275066,0.014540995885604532,1.1416641203043478e-11,0.0364991121514213,0.0,0.0026840769861517393,3.136470968827296e-11,0.6053722309184516,5.1456528371678375e-09,1.7947416273251691e-07,1.2017708670178472e-07,1.1255847317443713e-05,0.39133622546822683,4.0202225745374155e-05,3.0392026169984246e-05,0.00044139241243861855,4.5821958276952744e-06,1.9657692660642817e-13,2.0008149170377383e-09,7.933509039233125e-05,0.0,0.0,0.0,0.0,0.0,0.0,0.0,0.0,0.0,0.0,0.0,0.0,-2.1991388038942637e-07,4.398277606474908e-07,1.4660925349004867e-07,1.313624638876631e-16,-2.932185070983551e-07,0.0,-8.77203566003784e-17,-1.9043119041716206e-23,1.3026477703838187e-17,-8.07714722534859e-23,6.739205886592027e-20,1.852884572118782e-22,-2.448454613156962e-22,-1.0082549154161932e-16,9.993977076742661e-22,-2.0794398503226447e-20,9.43144276336671e-21,-1.4889251025954498e-23,6.182616890718109e-23,-8.879621973888869e-24,8.77311716508454e-17,2.9044788184750744e-07,2.1991388038942637e-07,4.0301658382591373e-07,-4.398264746659133e-07,-3.772993538576569e-07,1.1415837281778515e-10,1.1825537994458344e-07,5.633806804203205e-08,6.229996994487523e-08,5.633806804203205e-08,1.4654145831655438e-07,1.4654145831655438e-07,-1.313624638876631e-16,2.930829177557462e-07,-1.2853148894602222e-16,2.370179597489925e-19,-1.1528914021545446e-15,2.930829166025717e-07,9.957099037544357e-14,4.10830959271155e-12,5.649624519249453e-11,-1.3418548932800007e-11,-8.410208236810322e-20,2.9291561487437986e-07,4.10830959271155e-12,5.649624519249453e-11,-1.410382070384437e-07,1.6730164046065504e-10,-1.4644195184958796e-07,-5.571046451604965e-09,-5.57104645160472e-09,-1.5863028226258869e-16,2.7721334079812534e-09,8.719742392180738e-21,-1.2859815775049196e-12,2.7706252508476576e-09,1.4922235147600968e-12,4.3852089354313174e-13,8.632356790416155e-13,2.1828765794312446e-21,1.586302733829667e-16
7.100999999999999,548,101325.0,2.771e-08,0.066,0.29999999999999993,0.6339999999999998,0.22000000000000003,548.0,1e-11,1e-22,IdealGasReactor,off,0.6295172278711958,0.0,0.0,0.2757838170796895,0.04367319201791872,0.014554882227242659,1.1429099282470753e-11,0.03647088079252421,0.0,0.002683179726202878,3.133732174993386e-11,0.6055240702744029,5.144261862013843e-09,1.795851932360303e-07,1.2015838357594447e-07,1.125785878270995e-05,0.3911858389219414,4.017912637662282e-05,3.0358359507472067e-05,0.0004409502410052497,4.58047468156043e-06,1.9638643918383087e-13,2.0012166619300174e-09,7.927809650993201e-05,0.0,0.0,0.0,0.0,0.0,0.0,0.0,0.0,0.0,0.0,0.0,0.0,-2.1974864415010363e-07,4.394972881738755e-07,1.464990959851875e-07,1.3131180980254555e-16,-2.929981921125444e-07,0.0,2.7831406322949916e-16,-3.469150925093485e-23,-1.0821003490071676e-17,-1.1189072485686039e-22,-5.03661672305168e-18,4.9763185651190145e-21,-4.782758301781606e-21,2.84196385274922e-16,-8.429452593700623e-22,-1.1621111922597379e-20,-7.968754492903089e-21,-9.101571677497533e-23,5.538345216131312e-23,8.381719101530852e-25,-2.733187421285113e-16,2.9023155960136715e-07,2.1974864415010363e-07,4.026709766674687e-07,-4.3949600391017226e-07,-3.7702180522444055e-07,1.1400039661183011e-10,1.1821709009841995e-07,5.627335199556309e-08,6.224734948608128e-08,5.627335199556309e-08,1.464313936629139e-07,1.464313936629139e-07,-1.3131180980254555e-16,2.9286278844728723e-07,-1.283405612235886e-16,2.3670930637923063e-19,-1.1517863166868877e-15,2.9286278691031953e-07,9.9496204354326e-14,4.101836314687718e-12,5.6424398878298613e-11,-1.3390737326516096e-11,-8.398555422663801e-20,2.926956685087109e-07,4.101836314687718e-12,5.6424398878298613e-11,-1.4093044557528316e-07,1.6711867492735245e-10,-1.4633197731026035e-07,-5.568650409904344e-09,-5.5686504098995614e-09,-1.5851247189102643e-16,2.7681386838990732e-09,8.708093822175707e-21,-1.28426370321502e-12,2.766632511177288e-09,1.4900727131940793e-12,4.3812246964081366e-13,8.620827361860317e-13,2.1799795964393583e-21,1.5851247272919834e-16
7.109999999999999,548,101325.00000000003,2.771e-08,0.066,0.29999999999999993,0.6339999999999998,0.22000000000000003,548.0,1e-11,1e-22,IdealGasReactor,off,0.6295128283545357,0.0,0.0,0.2757609235593158,0.0437148190900055,0.014568757937839091,1.1441552412249581e-11,0.036442671046862544,0.0,0.0026822823743543767,3.130995470929315e-11,0.6056758788273048,5.142870865554108e-09,1.7969597226204473e-07,1.2013956865405146e-07,1.1259861500358556e-05,0.391035482829574,4.0156031299430976e-05,3.0324725522480428e-05,0.0004405084588069209,4.578753643086325e-06,1.96196118717302e-13,2.001618412303749e-09,7.922112645810475e-05,0.0,0.0,0.0,0.0,0.0,0.0,0.0,0.0,0.0,0.0,0.0,0.0,-2.1958348034873168e-07,4.3916696057089027e-07,1.4638898679119847e-07,1.312611661327136e-16,-2.927779737110287e-07,0.0,-4.496135339166368e-16,1.2926022972436839e-23,2.8339810532181164e-18,3.3990793417523445e-22,-4.673927802949229e-18,1.249373597200093e-20,-1.2450722580148173e-20,-4.5691837748662115e-16,1.0065895442878871e-22,2.168503053305922e-19,2.092818951470032e-21,5.350824587452398e-24,-1.3423383627504605e-22,-9.816594077863068e-24,4.540698426237892e-16,2.900153290075528e-07,2.1958348034873168e-07,4.0232555937334254e-07,-4.3916567802308607e-07,-3.7674437538549826e-07,1.1384261276126757e-10,1.1817877277267015e-07,5.620868514392256e-08,6.219475475450142e-08,5.620868514392256e-08,1.463213771849958e-07,1.463213771849958e-07,-1.312611661327136e-16,2.9264275549027415e-07,-1.2814988997146233e-16,2.3640100954533216e-19,-1.1506819526301282e-15,2.9264275469564893e-07,9.942145106740399e-14,4.0953718207945e-12,5.6352632703097425e-11,-1.3362979132830476e-11,-8.386917144675318e-20,2.924758183878039e-07,4.0953718207945e-12,5.6352632703097425e-11,-1.408227319435642e-07,1.6693585377521307e-10,-1.4622205093742332e-07,-5.566254847634278e-09,-5.566254847621827e-09,-1.5839473100263564e-16,2.7641488939771196e-09,8.696458646598392e-21,-1.2825478041822482e-12,2.7626447034759053e-09,1.4879245689261854e-12,4.377242458687334e-13,8.609311024126613e-13,2.177085860344404e-21,1.5839472118604156e-16
7.119,548,101324.99999999999,2.771e-08,0.066,0.29999999999999993,0.6339999999999998,0.22000000000000003,548.0,1e-11,1e-22,IdealGasReactor,off,0.6295084322070247,0.0,0.0,0.2757380475707957,0.04375641428408798,0.014582623022418719,1.1454000593648452e-11,0.03641448290421901,0.0,0.0026813849314248424,3.1282608563019644e-11,0.6058276565679691,5.1414798488862214e-09,1.7980650004125286e-07,1.2012064215560558e-07,1.1261855478958844e-05,0.3908851571996012,4.013294052926571e-05,3.029112420010095e-05,0.0004400670657029369,4.577032713059808e-06,1.9600596512962828e-13,2.002020167842316e-09,7.916418025968006e-05,0.0,0.0,0.0,0.0,0.0,0.0,0.0,0.0,0.0,0.0,0.0,0.0,-2.1941838909129246e-07,4.388367780813411e-07,1.4627892595060276e-07,1.3121053288090163e-16,-2.9255785203292614e-07,0.0,3.508881375659774e-15,2.785653420253383e-23,-1.8214833241650215e-18,-5.851122874364972e-21,-2.997178438256059e-17,-1.2080807410214459e-19,1.1972943058337544e-19,3.4793042912598412e-15,-4.0802320001022136e-21,-1.3157029349662422e-18,-9.87955766182353e-23,-2.838521970763999e-22,1.028057181492177e-21,-8.046764974641665e-23,-3.4774727994912182e-15,2.8979919020836586e-07,2.1941838909129246e-07,4.0198033213308035e-07,-4.388354972474618e-07,-3.764670645204532e-07,1.1368502113383631e-10,1.1814042803093106e-07,5.614406750968243e-08,6.214218578241571e-08,5.614406750968243e-08,1.462114089534691e-07,1.462114089534691e-07,-1.3121053288090163e-16,2.9242281902604343e-07,-1.2795947493427685e-16,2.36093069004523e-19,-1.1495783101561183e-15,2.9242281429642247e-07,9.934673056269509e-14,4.088916103743692e-12,5.6280946621246504e-11,-1.3335274266513095e-11,-8.375293389841451e-20,2.922560645968793e-07,4.088916103743692e-12,5.6280946621246504e-11,-1.407150661855986e-07,1.6675317701596953e-10,-1.461121727735857e-07,-5.563859765004153e-09,-5.563859765123883e-09,-1.582770993020857e-16,2.7601640350312898e-09,8.684836857818507e-21,-1.2808338792815829e-12,2.758661824560308e-09,1.4857790802402789e-12,4.3732622250797907e-13,8.597807770349324e-13,2.1741953695617557e-21,1.5827701883443595e-16
7.127999999999999,548,101324.99999999999,2.771e-08,0.066,0.29999999999999993,0.6339999999999998,0.22000000000000003,548.0,1e-11,1e-22,IdealGasReactor,off,0.6295040394270682,0.0,0.0,0.27571518910583204,0.04379797761525323,0.01459647748601069,1.1466443827937695e-11,0.036386316354369466,0.0,0.0026804873979401666,3.1255283304331536e-11,0.6059794034218152,5.14008881254897e-09,1.7991677678481535e-07,1.2010160428800975e-07,1.1263840727182642e-05,0.3907348621062365,4.010985407721842e-05,3.0257555522096275e-05,0.00043962606150421517,4.575311892419133e-06,1.9581597834048074e-13,2.002421928567681e-09,7.910725794211629e-05,0.0,0.0,0.0,0.0,0.0,0.0,0.0,0.0,0.0,0.0,0.0,0.0,-2.1925337043567942e-07,4.3850674072842844e-07,1.4616891351552042e-07,1.3115991007195352e-16,-2.9233782715782224e-07,0.0,2.2820406059980023e-15,2.7057236534670146e-23,2.049488998168415e-18,-1.472336870688404e-21,1.1783022389695369e-17,-6.421568531371664e-20,6.324126655212918e-20,2.2893683723971218e-15,1.1954727838468723e-21,-2.319805953734059e-18,1.145902228688624e-21,1.4612145520749234e-21,7.893477745917113e-22,5.693740423682615e-23,-2.2914299754982487e-15,2.8958314328718154e-07,2.1925337043567942e-07,4.016352950483908e-07,-4.3850546160650134e-07,-3.7618987272679444e-07,1.1352762157239209e-10,1.1810205591121591e-07,5.60794991030828e-08,6.208964258852353e-08,5.60794991030828e-08,1.461014890070771e-07,1.461014890070771e-07,-1.3115991007195352e-16,2.9220297913208445e-07,-1.2776931586701952e-16,2.357854844826861e-19,-1.1484753895039482e-15,2.9220297559362507e-07,9.927204286652427e-14,4.0824691553513504e-12,5.620934057477339e-11,-1.3307622639379913e-11,-8.363684145652097e-20,2.920364072403786e-07,4.0824691553513504e-12,5.620934057477339e-11,-1.4060744835234444e-07,1.665706446764622e-10,-1.4600234287084297e-07,-5.561465163175968e-09,-5.561465163239209e-09,-1.5815930878285814e-16,2.756184103270423e-09,8.673228446298075e-21,-1.2791219271065812e-12,2.754683870640678e-09,1.4836362450936002e-12,4.3692839974371297e-13,8.586317591771544e-13,2.1713081220214676e-21,1.5815936572026238e-16
7.137,548,101324.99999999999,2.771e-08,0.066,0.29999999999999993,0.6339999999999998,0.22000000000000003,548.0,1e-11,1e-22,IdealGasReactor,off,0.6294996500130705,0.0,0.0,0.27569234815612054,0.04383950909860055,0.014610321333648132,1.1478882116388926e-11,0.03635817138708142,0.0,0.002679589774560812,3.122797892800669e-11,0.6061311193445141,5.138697757338136e-09,1.800268027130608e-07,1.2008245526416852e-07,1.1265817253660563e-05,0.39058459759328407,4.008677195638018e-05,3.02240194717284e-05,0.0004391854460435488,4.573591182031763e-06,1.9562615827080506e-13,2.002823694345765e-09,7.905035953064213e-05,0.0,0.0,0.0,0.0,0.0,0.0,0.0,0.0,0.0,0.0,0.0,0.0,-2.1908842446166915e-07,4.3817684855562764e-07,1.4605894953345605e-07,1.3110929772048478e-16,-2.9211789919354846e-07,0.0,-1.3145394251787799e-14,1.698390178557436e-21,3.1902234137568327e-18,8.639456568945958e-21,2.366064247773128e-16,2.7732388088697827e-19,-2.728852297200187e-19,-1.2912988031785349e-14,2.691585179217129e-21,-1.2788209695227813e-18,2.431004252627004e-23,-2.6324247512675837e-21,-1.9621982480244704e-21,-6.364784482843592e-22,1.2909787493986856e-14,2.893671883553474e-07,2.1908842446166915e-07,4.012904482607588e-07,-4.3817557114368124e-07,-3.759128001394023e-07,1.1337041393110354e-10,1.1806365646338185e-07,5.6014979939884486e-08,6.203712519768754e-08,5.6014979939884486e-08,1.4599161739909097e-07,1.4599161739909097e-07,-1.3110929772048478e-16,2.919832359149406e-07,-1.2757941251988287e-16,2.3547825571988997e-19,-1.1473731908796767e-15,2.919832475800632e-07,9.919738801508775e-14,4.0760309678417164e-12,5.6137814511310656e-11,-1.3280024164744332e-11,-8.352089399365508e-20,2.9181684641349964e-07,4.0760309678417164e-12,5.6137814511310656e-11,-1.4049987849058518e-07,1.6638825677608405e-10,-1.4589256127668441e-07,-5.559071042870883e-09,-5.559071042597998e-09,-1.5804239838380235e-16,2.7522090951757066e-09,8.661633403362959e-21,-1.2774119463781984e-12,2.7507108382010707e-09,1.4814960615908502e-12,4.36530777804427e-13,8.57484048049074e-13,2.1684241158725938e-21,1.5804176190535406e-16
7.146,548,101325.0,2.771e-08,0.066,0.29999999999999993,0.6339999999999998,0.22000000000000003,548.0,1e-11,1e-22,IdealGasReactor,off,0.6294952639634342,0.0,0.0,0.27566952471335066,0.0438810087492414,0.014624154570368194,1.1491315460275102e-11,0.03633004799211418,0.0,0.0026786920619096505,3.120069542837075e-11,0.6062828042834603,5.1373066839786705e-09,1.801365780442871e-07,1.2006319529540015e-07,1.1267785067039827e-05,0.3904343637128689,4.006369417927428e-05,3.0190516031816925e-05,0.0004387452191473248,4.571870582783802e-06,1.9543650484106426e-13,2.0032254650855514e-09,7.899348505102245e-05,0.0,0.0,0.0,0.0,0.0,0.0,0.0,0.0,0.0,0.0,0.0,0.0,-2.1892355124273664e-07,4.37847102334835e-07,1.459490340530447e-07,1.3105869584390988e-16,-2.9189806819380833e-07,0.0,1.0712124052514769e-15,-7.120129717230021e-22,8.362271355173142e-19,5.98155839445024e-21,1.959361907544568e-17,-3.7952369992912995e-19,3.7673940998727645e-19,1.047077009574924e-15,-3.0288003203001984e-21,-4.247767668687361e-17,3.732536999665464e-21,-7.469699425295263e-22,-2.3032940494451472e-21,2.3098862051166276e-23,-1.0479312062681746e-15,2.891513254701635e-07,2.1892355124273664e-07,4.009457919000943e-07,-4.378458266308992e-07,-3.7563584688244084e-07,1.1321339806090722e-10,1.1802522973405749e-07,5.595051003418249e-08,6.198463363299355e-08,5.595051003418249e-08,1.458817941786085e-07,1.458817941786085e-07,-1.3105869584390988e-16,2.9176358947280263e-07,-1.2738976464437638e-16,2.351713824520911e-19,-1.1462717144967386e-15,2.9176358717908357e-07,9.912276604174608e-14,4.069601533322526e-12,5.60663683768866e-11,-1.3252478755626517e-11,-8.340509138300545e-20,2.915973822136789e-07,4.069601533322526e-12,5.60663683768866e-11,-1.4039235664811377e-07,1.662060133358715e-10,-1.4578282803970603e-07,-5.556677404930929e-09,-5.556677405307668e-09,-1.5792418434810117e-16,2.748239007155032e-09,8.650051720088132e-21,-1.2757039357807127e-12,2.7467427236448437e-09,1.4793585277934376e-12,4.361333569058649e-13,8.563376428353564e-13,2.1655433491995473e-21,1.5792420744696322e-16
7.154999999999999,548,101325.0,2.771e-08,0.066,0.29999999999999993,0.6339999999999998,0.22000000000000003,548.0,1e-11,1e-22,IdealGasReactor,off,0.6294908812765609,0.0,0.0,0.2756467187692054,0.043922476582297726,0.01463797720121216,1.1503743860870851e-11,0.03630194615921989,0.0,0.002677794260979761,3.1173432804036646e-11,0.6064344582694776,5.135915593900829e-09,1.8024610302136944e-07,1.2004382460819436e-07,1.1269744175844353e-05,0.3902841604332539,4.004062076391712e-05,3.0157045189307506e-05,0.0004383053807020631,4.570150095364919e-06,1.952470179752014e-13,2.0036272402645338e-09,7.893663452292038e-05,0.0,0.0,0.0,0.0,0.0,0.0,0.0,0.0,0.0,0.0,0.0,0.0,-2.187587509126974e-07,4.375175018357651e-07,1.458391671101856e-07,1.31008104431437e-16,-2.9167833459708503e-07,0.0,-3.2808971187035794e-14,2.906062829175223e-21,-1.1043971799536311e-16,4.9480001929878885e-20,-1.4202646118910162e-16,3.0065699160587408e-18,-2.938062817727099e-18,-3.2701695434548895e-14,2.1468330679684367e-20,1.3459100559501362e-16,-8.617536592207052e-20,2.7087321627756005e-21,-4.416404065046233e-21,-1.5277235519107778e-21,3.281274108927653e-14,2.8893555507295433e-07,2.187587509126974e-07,4.006013262060256e-07,-4.3751622783787074e-07,-3.753590131830036e-07,1.1305657384373212e-10,1.1798677580234694e-07,5.588608941532925e-08,6.193216793448773e-08,5.588608941532925e-08,1.4577201943473538e-07,1.4577201943473538e-07,-1.31008104431437e-16,2.9154403998388606e-07,-1.2720037197870867e-16,2.348648644540606e-19,-1.1451709604787647e-15,2.9154407144016403e-07,9.90481770070441e-14,4.063180845017342e-12,5.5995002132892877e-11,-1.3224986328947955e-11,-8.328943349133205e-20,2.913780147130662e-07,4.063180845017342e-12,5.5995002132892877e-11,-1.4028488286120546e-07,1.6602391435672506e-10,-1.4567314319589739e-07,-5.554284248980139e-09,-5.5542842460420765e-09,-1.5780823016983349e-16,2.7442738363561753e-09,8.638483389921108e-21,-1.2739978943478341e-12,2.7427795241306954e-09,1.4772236421684037e-12,4.3573613738336674e-13,8.551925429557326e-13,2.1626658206898375e-21,1.5780670244628158e-16
7.164,548,101325.0,2.771e-08,0.066,0.29999999999999993,0.6339999999999998,0.22000000000000003,548.0,1e-11,1e-22,IdealGasReactor,off,0.6294865019508517,0.0,0.0,0.2756239303153597,0.043963912612907836,0.014651789231224895,1.1516167319451172e-11,0.036273865878139744,0.0,0.0026768963712210116,3.114619103560518e-11,0.6065860809864504,5.134524485590236e-09,1.803553777834711e-07,1.2002434336548518e-07,1.1271694589127472e-05,0.3901339880714502,4.0017551705361944e-05,3.0123606913808536e-05,0.0004378659303419493,4.5684297212780156e-06,1.9505769758187696e-13,2.004029021158455e-09,7.887980799101423e-05,0.0,0.0,0.0,0.0,0.0,0.0,0.0,0.0,0.0,0.0,0.0,0.0,-2.1859402335307312e-07,4.3718804657486127e-07,1.4572934879292264e-07,1.309575235895709e-16,-2.914586977168186e-07,0.0,-1.850602338622537e-15,1.415996870046302e-22,1.198960486426711e-20,-4.137974308403312e-21,3.2954875604112623e-19,9.052664623780335e-21,-9.175087354438183e-21,-1.8502503029615436e-15,3.730710275488011e-22,2.56687206097182e-20,3.2528291938311777e-22,-1.9069098058761516e-22,5.397436147591179e-22,-1.492472664320416e-23,1.8502398532664134e-15,2.887198764831662e-07,2.1859402335307312e-07,4.002570509584775e-07,-4.371867742810416e-07,-3.750822988375956e-07,1.12899941031689e-10,1.1794829461224231e-07,5.582171804849914e-08,6.187972807114791e-08,5.582171804849914e-08,1.4566229308920996e-07,1.4566229308920996e-07,-1.309575235895709e-16,2.9132458729165876e-07,-1.270112343162184e-16,2.3455870133762983e-19,-1.144070929315032e-15,2.913245878977122e-07,9.897362085780502e-14,4.056768891481278e-12,5.592371567637122e-11,-1.3197546785843076e-11,-8.317392021190582e-20,2.911587440875508e-07,4.056768891481278e-12,5.592371567637122e-11,-1.40177457213218e-07,1.6584195992152733e-10,-1.4556350683300097e-07,-5.551891579704625e-09,-5.55189157969545e-09,-1.5768926174541366e-16,2.740313576782778e-09,8.62692839636374e-21,-1.2722938196464927e-12,2.73882123365239e-09,1.4750914014814873e-12,4.3533911907083186e-13,8.540487468442489e-13,2.1597915265017108e-21,1.5768924682068702e-16
7.172999999999999,548,101324.99999999999,2.771e-08,0.066,0.29999999999999993,0.6339999999999998,0.22000000000000003,548.0,1e-11,1e-22,IdealGasReactor,off,0.629482125984705,0.0,0.0,0.2756011593434833,0.04400531685621803,0.014665590665455593,1.1528585837293272e-11,0.0362458071386094,0.0,0.002675998394317367,3.111897012972588e-11,0.6067376726207008,5.1331333617966145e-09,1.8046440262055142e-07,1.200047518221239e-07,1.1273636315186443e-05,0.389983846439412,3.999448703189317e-05,3.0090201199992503e-05,0.00043742686806606107,4.566709460847577e-06,1.9486854359170613e-13,2.0044308064395023e-09,7.882300546362973e-05,0.0,0.0,0.0,0.0,0.0,0.0,0.0,0.0,0.0,0.0,0.0,0.0,-2.184293688102897e-07,4.36858737082786e-07,1.45619579113558e-07,1.3090695325494758e-16,-2.912391582882927e-07,0.0,-6.6605733539273656e-15,-6.889285175123784e-22,3.1290049525959975e-17,-2.6008099887148002e-20,4.0706815258265572e-16,-6.213516063702327e-19,6.137696688755716e-19,-6.324044545956593e-15,7.881287463754806e-21,-3.827862661898767e-17,4.8817339153910745e-21,-3.1099406092579612e-21,1.203524063297446e-20,4.720976566450988e-22,6.2925860492829734e-15,2.885042904375145e-07,2.184293688102897e-07,3.9991296660206233e-07,-4.3685746649107463e-07,-3.748057042656026e-07,1.1274349956473262e-10,1.179097863034772e-07,5.5757395991562574e-08,6.182731411473763e-08,5.5757395991562574e-08,1.4555261530587102e-07,1.4555261530587102e-07,-1.3090695325494758e-16,2.911052317237988e-07,-1.2682235137046505e-16,2.342528929503374e-19,-1.1429716209624756e-15,2.911052368048672e-07,9.88990977053528e-14,4.050365668026016e-12,5.585250899747016e-11,-1.3170160050553232e-11,-8.305855139959207e-20,2.9093957036228744e-07,4.050365668026016e-12,5.585250899747016e-11,-1.400700797190984e-07,1.6566014999373035e-10,-1.4545391896355672e-07,-5.549499394459631e-09,-5.549499395073401e-09,-1.5757136865579015e-16,2.7363582269947784e-09,8.615386737301766e-21,-1.2705917113652305e-12,2.734867850778228e-09,1.4729618049581626e-12,4.349423025269633e-13,8.529062543600494e-13,2.1569204664495645e-21,1.575718407534468e-16
7.1819999999999995,548,101325.0,2.771e-08,0.066,0.29999999999999993,0.6339999999999998,0.22000000000000003,548.0,1e-11,1e-22,IdealGasReactor,off,0.629477753376519,0.0,0.0,0.2755784058452397,0.04404668932738677,0.014679381508957423,1.1540999415675667e-11,0.03621776993035629,0.0,0.0026751003308070815,3.1091770079660304e-11,0.6068892331012258,5.1317422230839505e-09,1.8057317774596955e-07,1.1998505018576935e-07,1.127556936271275e-05,0.3898337356077623,3.997142675473907e-05,3.005682802963916e-05,0.00043698819368581047,4.564989315000219e-06,1.9467955592384182e-13,2.0048325961136792e-09,7.876622696760667e-05,0.0,0.0,0.0,0.0,0.0,0.0,0.0,0.0,0.0,0.0,0.0,0.0,-2.1826478734337127e-07,4.3652957439728195e-07,1.4550985812300448e-07,1.3085639345120271e-16,-2.910197163631262e-07,0.0,-3.6674044735129494e-15,4.545964848419492e-22,6.239866750944551e-18,-7.586439174483104e-21,1.5864111832861313e-16,1.0773200297890632e-20,-4.771177773205864e-21,-3.522536707303913e-15,1.9219719752125306e-21,-7.490536558501561e-18,4.5032050810942985e-21,1.969620436065328e-21,2.7002701429833812e-21,-9.30794676466895e-23,3.5162649893130465e-15,2.8828879699140195e-07,2.1826478734337127e-07,3.9956907323981726e-07,-4.3652830550571387e-07,-3.745292295665254e-07,1.1258724928631698e-10,1.1787125091550328e-07,5.56931232546812e-08,6.177492608422371e-08,5.56931232546812e-08,1.4544298612420475e-07,1.4544298612420475e-07,-1.3085639345120271e-16,2.908859733593059e-07,-1.2663372289585414e-16,2.339474390185359e-19,-1.1418730356485156e-15,2.908859756400872e-07,9.882460757651716e-14,4.043971166491719e-12,5.578138203850173e-11,-1.3142826035598518e-11,-8.294332692886569e-20,2.907204936392248e-07,4.043971166491719e-12,5.578138203850173e-11,-1.399627504286486e-07,1.654784845974523e-10,-1.4534437963841303e-07,-5.5471076943558815e-09,-5.54710769435111e-09,-1.5745457737074257e-16,2.7324077832068656e-09,8.603858403226257e-21,-1.2688915681023355e-12,2.730919371724262e-09,1.4708348505589343e-12,4.345456879378656e-13,8.517650646293646e-13,2.1540526384674646e-21,1.5745448429127492e-16
7.191,548,101325.0,2.771e-08,0.066,0.29999999999999993,0.6339999999999998,0.22000000000000003,548.0,1e-11,1e-22,IdealGasReactor,off,0.6294733841246898,0.0,0.0,0.2755556698122849,0.0440880300415853,0.01469316176678738,1.1553408055877976e-11,0.03618975424309917,0.0,0.002674202181041683,3.1064590876476054e-11,0.6070407623149936,5.130351069658622e-09,1.80681703359898e-07,1.1996523865632027e-07,1.1277493740463832e-05,0.3896836556893733,3.99483708823397e-05,3.0023487382419847e-05,0.00043654990698205744,4.563269284761312e-06,1.9449073449551998e-13,2.0052343904058004e-09,7.870947253277293e-05,0.0,0.0,0.0,0.0,0.0,0.0,0.0,0.0,0.0,0.0,0.0,0.0,-2.1810027898075526e-07,4.362005579942985e-07,1.4540018587838095e-07,1.3080584421618138e-16,-2.908003718834296e-07,0.0,-2.565534272391239e-15,-7.287508901893477e-22,4.15893412860733e-19,-3.3551698179988106e-22,-1.6358789661969665e-16,6.990668792808147e-20,-7.077191884881194e-20,-2.7331978111388958e-15,-5.194299437727169e-23,-3.71053745777673e-18,-8.399117420906892e-22,-3.194209634161801e-21,1.0163223665638192e-21,2.7480179480235496e-22,2.732774620703677e-15,2.8807339609110633e-07,2.1810027898075526e-07,3.9922537091893254e-07,-4.361992908009102e-07,-3.742528747876608e-07,1.1243119002418168e-10,1.178326884714492e-07,5.5628899840182455e-08,6.172256398992717e-08,5.5628899840182455e-08,1.453334055634275e-07,1.453334055634275e-07,-1.3080584421618138e-16,2.9066681223658437e-07,-1.2644534865345239e-16,2.3364233924883453e-19,-1.1407751736437062e-15,2.9066681372924563e-07,9.875015048435497e-14,4.037585378155946e-12,5.571033473399556e-11,-1.3115544651697411e-11,-8.282824667741335e-20,2.905015140327045e-07,4.037585378155946e-12,5.571033473399556e-11,-1.398554693972647e-07,1.652969637664869e-10,-1.4523488891461358e-07,-5.544716481116231e-09,-5.544716481045459e-09,-1.5733690265680077e-16,2.7284622412545492e-09,8.592343383424705e-21,-1.2671933882779168e-12,2.7269757923232365e-09,1.4687105360381685e-12,4.341492754286459e-13,8.506251766591425e-13,2.1511880401828028e-21,1.5733717745859557e-16
7.199999999999999,548,101325.00000000003,2.771e-08,0.066,0.29999999999999993,0.6339999999999998,0.22000000000000003,548.0,1e-11,1e-22,IdealGasReactor,off,0.629469018227613,0.0,0.0,0.27553295123626903,0.04412933901399665,0.014706931444006428,1.1565811759181173e-11,0.03616176006654888,0.0,0.0026733039457060024,3.10374325151054e-11,0.6071922602241562,5.128959902363363e-09,1.8078997968516519e-07,1.199453174473483e-07,1.127940945708675e-05,0.38953360672154175,3.9925319428086854e-05,2.9990179241723032e-05,0.00043611200778973007,4.561549370978782e-06,1.9430207922711894e-13,2.0056361891512712e-09,7.865274218345653e-05,0.0,0.0,0.0,0.0,0.0,0.0,0.0,0.0,0.0,0.0,0.0,0.0,-2.1793584380515287e-07,4.358716874817326e-07,1.4529056242533307e-07,1.307553055623096e-16,-2.9058112499457486e-07,0.0,-3.0371907444002186e-16,2.2863185437098263e-22,-4.895320652287138e-18,-6.5076297862282385e-21,-2.2081619539327576e-18,-1.5791870510372362e-19,1.5671929321552173e-19,-2.9290318914098166e-16,3.7379727940387396e-21,8.225851053237082e-18,-1.5186078811096757e-21,2.3264454728053903e-23,-1.3282384654212738e-21,1.6628964274504963e-22,2.978321697364573e-16,2.878580878854886e-07,2.1793584380515287e-07,3.988818597853566e-07,-4.3587042198456197e-07,-3.739766400689633e-07,1.1227532163397503e-10,1.177940990237112e-07,5.556472576412699e-08,6.167022785744994e-08,5.556472576412699e-08,1.4522387367873983e-07,1.4522387367873983e-07,-1.307553055623096e-16,2.9044774846604356e-07,-1.2625722839239188e-16,2.3333759338279014e-19,-1.1396780351377716e-15,2.9044774751962876e-07,9.867572646637348e-14,4.031208295299667e-12,5.5639367032303675e-11,-1.3088315813081353e-11,-8.271331051713218e-20,2.902826316342801e-07,4.031208295299667e-12,5.5639367032303675e-11,-1.3974823666996743e-07,1.6511558751646716e-10,-1.451254468378154e-07,-5.542325755365646e-09,-5.542325755522365e-09,-1.5721975402972856e-16,2.724521597643342e-09,8.580841669318762e-21,-1.2654971706268631e-12,2.723037109086295e-09,1.4665888595150354e-12,4.3375306523202797e-13,8.494865896675491e-13,2.1483266697650295e-21,1.572199203193713e-16
7.209,548,101325.0,2.771e-08,0.066,0.29999999999999993,0.6339999999999998,0.22000000000000003,548.0,1e-11,1e-22,IdealGasReactor,off,0.629464655683683,0.0,0.0,0.27551025010883545,0.04417061625981546,0.014720690545679479,1.1578210526867613e-11,0.03613378739040834,0.0,0.0026724056254259164,3.101029498978468e-11,0.6073437267777025,5.127568721929435e-09,1.8089800694131918e-07,1.199252867699621e-07,1.1281316521253756e-05,0.3893835887547972,3.9902272404487434e-05,2.9956903590257873e-05,0.00043567449593397465,4.55982957453121e-06,1.9411359003837326e-13,2.0060379922540343e-09,7.859603594488004e-05,0.0,0.0,0.0,0.0,0.0,0.0,0.0,0.0,0.0,0.0,0.0,0.0,-2.177714818895032e-07,4.355429636578268e-07,1.4518098781140795e-07,1.3070477750646463e-16,-2.9036197577713794e-07,0.0,2.549448445879403e-15,6.636367453732006e-22,-1.1902907324563128e-17,1.0700021459869466e-21,-9.590107028813188e-18,1.4823076576950256e-20,-1.196103165751678e-20,2.563558479533443e-15,1.4057553837620282e-21,1.1649862072136564e-17,-8.979240833357925e-21,2.153978315088084e-21,-4.9687901626272066e-21,-1.1746531775845092e-22,-2.5515863498521414e-15,2.8764287245873705e-07,2.177714818895032e-07,3.9853853996711635e-07,-4.3554169985491296e-07,-3.737005255337142e-07,1.1211964396634857e-10,1.1775548261957486e-07,5.5500601040031965e-08,6.161791770964205e-08,5.5500601040031965e-08,1.4511439051888118e-07,1.4511439051888118e-07,-1.3070477750646463e-16,2.90228782145163e-07,-1.2606936186390542e-16,2.3303320115567657e-19,-1.1385816203331032e-15,2.9022877834350425e-07,9.860133555568971e-14,4.02483991002471e-12,5.556847887930784e-11,-1.306113943347876e-11,-8.259851832092355e-20,2.9006384653922474e-07,4.02483991002471e-12,5.556847887930784e-11,-1.396410522934854e-07,1.649343558658547e-10,-1.4501605345554495e-07,-5.5399355179225385e-09,-5.5399355179105774e-09,-1.5710283039578297e-16,2.7205858487621303e-09,8.569353251943694e-21,-1.2638029138276065e-12,2.719103318400895e-09,1.4644698190422888e-12,4.33357057561105e-13,8.483493028344029e-13,2.145468525284903e-21,1.571027129304652e-16
7.217999999999999,548,101325.0,2.771e-08,0.066,0.29999999999999993,0.6339999999999998,0.22000000000000003,548.0,1e-11,1e-22,IdealGasReactor,off,0.6294602964912922,0.0,0.0,0.2754875664216211,0.04421186179424828,0.01473443907687532,1.1590604360220928e-11,0.036105836204372396,0.0,0.002671507220737762,3.0983178293684956e-11,0.6074951619045822,5.1261775289165445e-09,1.8100578534159932e-07,1.1990514683151227e-07,1.1283214941669428e-05,0.3892336018598144,3.987922982270727e-05,2.9923660409710396e-05,0.0004352373712250331,4.558109896343696e-06,1.9392526684799714e-13,2.006439799722894e-09,7.853935384365444e-05,0.0,0.0,0.0,0.0,0.0,0.0,0.0,0.0,0.0,0.0,0.0,0.0,-2.176071932920088e-07,4.352143864517271e-07,1.450714620870323e-07,1.3065426007229845e-16,-2.9014292429979995e-07,0.0,-1.0772419100248331e-15,9.642114996515546e-22,2.471959235953169e-18,3.409680507785083e-21,1.6475320219688176e-18,1.8208561388007288e-19,-1.754549340898478e-19,-1.0803445528331368e-15,6.567785286025217e-22,-2.451786854112979e-18,3.86064841457014e-21,1.7102476152416693e-21,-3.340896771767204e-21,-1.6282668087944593e-22,1.077861525146453e-15,2.874277498833306e-07,2.176071932920088e-07,3.981954115652708e-07,-4.352131243411106e-07,-3.734245312800372e-07,1.1196415686437661e-10,1.1771683929853863e-07,5.543652567760937e-08,6.156563356518102e-08,5.543652567760937e-08,1.4500495612279169e-07,1.4500495612279169e-07,-1.3065426007229845e-16,2.9000991335181645e-07,-1.2588174882238215e-16,2.327291622931778e-19,-1.1374859294518726e-15,2.9000991319527714e-07,9.852697777876233e-14,4.018480214161163e-12,5.549767021712307e-11,-1.3034015425797305e-11,-8.248386996317549e-20,2.8984515884857807e-07,4.018480214161163e-12,5.549767021712307e-11,-1.3953391631713564e-07,1.647532688375399e-10,-1.449067088182014e-07,-5.537545769896658e-09,-5.537545769721203e-09,-1.569857181646577e-16,2.7166549908114954e-09,8.557878121752624e-21,-1.2621106164723494e-12,2.7151744164693376e-09,1.4623534125729685e-12,4.3296125259946937e-13,8.472133152816223e-13,2.1426136046644312e-21,1.5698555533797683e-16
7.226999999999999,548,101324.99999999997,2.771e-08,0.066,0.29999999999999993,0.6339999999999998,0.22000000000000003,548.0,1e-11,1e-22,IdealGasReactor,off,0.6294559406488325,0.0,0.0,0.27546490016625647,0.04425307563251311,0.014748177042666698,1.1602993260526159e-11,0.03607790649812815,0.0,0.0026706087323691264,3.0956082422188386e-11,0.6076465655770028,5.1247863242499735e-09,1.8111331511243938e-07,1.1988489784722272e-07,1.1285104726980022e-05,0.3890836460637853,3.985619169674755e-05,2.989044968388667e-05,0.00043480063350410914,4.556390337238845e-06,1.9373710957648594e-13,2.006841611341921e-09,7.848269590319752e-05,0.0,0.0,0.0,0.0,0.0,0.0,0.0,0.0,0.0,0.0,0.0,0.0,-2.174429781018944e-07,4.34885956045795e-07,1.4496198529605612e-07,1.3060375326883856e-16,-2.899239707054623e-07,0.0,1.874255272935012e-15,-8.528093930606272e-22,7.137173564040458e-18,6.6540873104053795e-21,2.7429997326528042e-17,-3.3971315140817783e-19,3.1034658530132024e-19,1.8840809610022804e-15,-1.911339846771481e-21,-1.002393452627423e-17,7.346004217821082e-21,7.298007749402225e-21,-5.739898378940133e-22,5.674406106031846e-23,-1.8912642259535726e-15,2.8721272030558234e-07,2.174429781018944e-07,3.978524747372517e-07,-4.3488469562551766e-07,-3.731486574590534e-07,1.1180886018705962e-10,1.1767816911691194e-07,5.537249969438248e-08,6.151337545147468e-08,5.537249969438248e-08,1.4489557055001113e-07,1.4489557055001113e-07,-1.3060375326883856e-16,2.8979114220508755e-07,-1.2569438901537833e-16,2.3242547654094216e-19,-1.1363909626691976e-15,2.8979113908533805e-07,9.845265317604698e-14,4.0121292001121885e-12,5.5426940995766975e-11,-1.3006943704995546e-11,-8.236936531496733e-20,2.8962656865015843e-07,4.0121292001121885e-12,5.5426940995766975e-11,-1.3942682878428737e-07,1.6457232644384404e-10,-1.4479741296958293e-07,-5.535156511768755e-09,-5.535156512079102e-09,-1.5686839086657319e-16,2.712729020380647e-09,8.546416270416338e-21,-1.2604202773329726e-12,2.711250399879975e-09,1.4602396382678512e-12,4.3256565059209497e-13,8.460786262516428e-13,2.1397619061346804e-21,1.5686844761063425e-16
7.236,548,101324.99999999996,2.771e-08,0.066,0.29999999999999993,0.6339999999999998,0.22000000000000003,548.0,1e-11,1e-22,IdealGasReactor,off,0.6294515881546944,0.0,0.0,0.27544225133436556,0.044294257789840405,0.01476190444813016,1.161537722906949e-11,0.036049998261354306,0.0,0.002669710160816048,3.0929007367967236e-11,0.6077979377150183,5.123395108412974e-09,1.812205964649222e-07,1.198645400226481e-07,1.128698588590849e-05,0.3889337214463274,3.9833158037157264e-05,2.9857271393984463e-05,0.0004343642825744556,4.554670898162086e-06,1.9354911814199157e-13,2.007243427167135e-09,7.842606215065165e-05,0.0,0.0,0.0,0.0,0.0,0.0,0.0,0.0,0.0,0.0,0.0,0.0,-2.1727883637051784e-07,4.345576730027843e-07,1.4485255748992705e-07,1.3055325712274488e-16,-2.8970511503225256e-07,0.0,-9.875273094759149e-15,-1.2971373282757638e-21,3.640731706512329e-17,3.2331877550370507e-20,-3.9212770900295154e-16,-3.218725199566341e-20,2.6196809999554386e-20,-1.0345748992264017e-14,5.046937191406008e-22,-4.1530826632103077e-17,1.3291060635293818e-20,-1.196126430206406e-20,-8.579526332323473e-21,1.6740239381560964e-22,1.030914341649626e-14,2.869977837675051e-07,2.1727883637051784e-07,3.9750972957138284e-07,-4.345564142708893e-07,-3.728729041571838e-07,1.1165375377398476e-10,1.176394721107631e-07,5.530852309820155e-08,6.146114338525195e-08,5.530852309820155e-08,1.4478623383493823e-07,1.4478623383493823e-07,-1.3055325712274488e-16,2.8957246877378564e-07,-1.2550728219870073e-16,2.32122143620222e-19,-1.1352967202140873e-15,2.8957247788508056e-07,9.837836177091655e-14,4.005786859583877e-12,5.535629115562523e-11,-1.2979924183769947e-11,-8.225500425133684e-20,2.8940807604722797e-07,4.005786859583877e-12,5.535629115562523e-11,-1.3931978974515194e-07,1.6439152870917538e-10,-1.446881659612119e-07,-5.532767744775117e-09,-5.532767744801314e-09,-1.5675122238716628e-16,2.7088079335793486e-09,8.534967688114756e-21,-1.2587318949616682e-12,2.7073312647474404e-09,1.4581284940328514e-12,4.321702517085285e-13,8.449452348391336e-13,2.13691342754754e-21,1.567513897895601e-16
7.244999999999999,548,101325.0,2.771e-08,0.066,0.29999999999999993,0.6339999999999998,0.22000000000000003,548.0,1e-11,1e-22,IdealGasReactor,off,0.6294472390072665,0.0,0.0,0.27541961991756636,0.044335408281470354,0.014775621298346312,1.162775626713885e-11,0.036022111483722814,0.0,0.0026688115070147922,3.090195312878272e-11,0.6079492783384156,5.122003882729233e-09,1.813276296393935e-07,1.1984407358154548e-07,1.128885842703886e-05,0.3887838279868115,3.981012886102239e-05,2.982412552609476e-05,0.00043392831831059857,4.552951579821492e-06,1.933612924667195e-13,2.0076452467356053e-09,7.836945260583928e-05,0.0,0.0,0.0,0.0,0.0,0.0,0.0,0.0,0.0,0.0,0.0,0.0,-2.1711476822075495e-07,4.3422953631135004e-07,1.4474317870507472e-07,1.3050277162696058e-16,-2.8948635754085335e-07,0.0,4.746854767176119e-16,1.3415351345305572e-22,-1.667265645197881e-21,-4.516604857140987e-21,-3.4130133818427964e-19,-1.0693790959085542e-20,1.7680158412708414e-20,4.745260715689475e-16,-1.6609241944278086e-21,1.8305660658719453e-19,8.156004878740688e-22,3.595909219132865e-22,1.2014617974982942e-23,-1.2738178897318215e-23,-4.745216342360996e-16,2.8678294053277684e-07,2.1711476822075495e-07,3.9716717628615836e-07,-4.3422827926588173e-07,-3.7259727158311727e-07,1.1149883750135979e-10,1.1760074835482738e-07,5.524459591499671e-08,6.140893740337104e-08,5.524459591499671e-08,1.4467694605944192e-07,1.4467694605944192e-07,-1.3050277162696058e-16,2.8935389322162127e-07,-1.2532042811237678e-16,2.3181916329808607e-19,-1.1342032022084159e-15,2.8935389151385493e-07,9.830410361899866e-14,3.9994531855983406e-12,5.5285720655242005e-11,-1.295295677937998e-11,-8.214078663965968e-20,2.891896811127427e-07,3.9994531855983406e-12,5.5285720655242005e-11,-1.3921279923637108e-07,1.6421087563386947e-10,-1.4457896782944785e-07,-5.5303794687036405e-09,-5.530379468721321e-09,-1.5663439470617174e-16,2.704891727410956e-09,8.523532367833208e-21,-1.2570454683236435e-12,2.703417008076492e-09,1.4560199782526897e-12,4.3177505626009523e-13,8.43813140416304e-13,2.134068167466451e-21,1.5663438196799284e-16
7.254,548,101324.99999999999,2.771e-08,0.066,0.29999999999999993,0.6339999999999998,0.22000000000000003,548.0,1e-11,1e-22,IdealGasReactor,off,0.629442893204937,0.0,0.0,0.27539700590747007,0.04437652712265667,0.014789327598399455,1.1640130376023075e-11,0.03599424615489665,0.0,0.0026679127712527415,3.0874919694854955e-11,0.6081005873203157,5.12061264728404e-09,1.8143441483342446e-07,1.198234987207709e-07,1.1290722359173254e-05,0.38863396581203224,3.9787104175774144e-05,2.979101205904913e-05,0.0004334927404814445,4.5512323832726345e-06,1.9317363246664046e-13,2.0080470703487128e-09,7.831286729919852e-05,0.0,0.0,0.0,0.0,0.0,0.0,0.0,0.0,0.0,0.0,0.0,0.0,-2.1695077366971305e-07,4.339015473079867e-07,1.4463384899988933e-07,1.3045229682401282e-16,-2.892676981553387e-07,0.0,2.9117429795006784e-15,7.8374542546738325e-22,-8.999347282208118e-18,-5.743808206827052e-21,-9.905573862106212e-17,1.129465495604406e-19,-1.072340402501494e-19,2.837944099079347e-15,7.773569150857376e-22,1.6053819265327565e-17,-5.14638829250382e-21,-8.146953551823054e-22,1.5896130356816804e-21,6.227771705550125e-23,-2.8288977876679602e-15,2.86568190529786e-07,2.1695077366971305e-07,3.9682481490727967e-07,-4.3390029194699097e-07,-3.7232175976475525e-07,1.11344111191255e-10,1.175619978669934e-07,5.51807181438113e-08,6.13567575128961e-08,5.51807181438113e-08,1.4456770723519654e-07,1.4456770723519654e-07,-1.3045229682401282e-16,2.8913541557196667e-07,-1.2513382651964597e-16,2.3151653527375573e-19,-1.1331104089283592e-15,2.8913541150199507e-07,9.822987872822567e-14,3.993128169233904e-12,5.5215229426313226e-11,-1.292604140260254e-11,-8.202671235852965e-20,2.8897138396363996e-07,3.993128169233904e-12,5.5215229426313226e-11,-1.3910585731441155e-07,1.640303672528899e-10,-1.4446981863264216e-07,-5.527991685477791e-09,-5.527991685370557e-09,-1.5651736188438528e-16,2.7009803975620597e-09,8.512110298403542e-21,-1.2553609957726337e-12,2.6995076255526782e-09,1.4539140886024946e-12,4.313800643479061e-13,8.426823419440747e-13,2.131226123399817e-21,1.5651742416210234e-16
7.263,548,101325.00000000004,2.771e-08,0.066,0.29999999999999993,0.6339999999999998,0.22000000000000003,548.0,1e-11,1e-22,IdealGasReactor,off,0.6294385507460928,0.0,0.0,0.27537440929568163,0.04441761432866426,0.014803023353377782,1.1652499557012409e-11,0.03596640226453112,0.0,0.0026670139541156296,3.0847907059844626e-11,0.6082518646014234,5.119221402731428e-09,1.8154095226387573e-07,1.1980281564945e-07,1.1292577691016702e-05,0.3884841349808528,3.9764083993274725e-05,2.975793097499392e-05,0.000433057548904151,4.54951330941035e-06,1.9298613806043775e-13,2.0084488979566688e-09,7.825630625619569e-05,0.0,0.0,0.0,0.0,0.0,0.0,0.0,0.0,0.0,0.0,0.0,0.0,-2.16786852782948e-07,4.335737050227657e-07,1.4452456842243288e-07,1.3040183273358053e-16,-2.8904913692355115e-07,0.0,4.2989706967766623e-14,-2.449875289733936e-21,1.8065659315394467e-17,2.3360085601784126e-20,4.1284152915114104e-16,-2.210491294537707e-19,2.182383697323155e-19,4.335050277998531e-14,3.694211587291382e-21,-3.3535172076237954e-17,2.085103836281163e-20,1.982157392224335e-21,-4.48210130751096e-21,-7.853866434652827e-24,-4.336870035233058e-14,2.8635353381008645e-07,2.16786852782948e-07,3.964826455486233e-07,-4.3357245134428976e-07,-3.7204636881285655e-07,1.1118957469056033e-10,1.1752322069137884e-07,5.5116889795928946e-08,6.130460373451879e-08,5.5116889795928946e-08,1.4445851740602816e-07,1.4445851740602816e-07,-1.3040183273358053e-16,2.8891703591247467e-07,-1.249474771730582e-16,2.312142592774843e-19,-1.1320183405771727e-15,2.889169913311562e-07,9.815568712837609e-14,3.98681180246172e-12,5.5144817412833564e-11,-1.2899177967343704e-11,-8.191278128133924e-20,2.887531846962718e-07,3.98681180246172e-12,5.5144817412833564e-11,-1.3899896402639777e-07,1.6385000358480397e-10,-1.4436071841884526e-07,-5.5256043960351155e-09,-5.525604396253354e-09,-1.564005242772234e-16,2.697073940323185e-09,8.500701470559334e-21,-1.2536784759418028e-12,2.6956031134647106e-09,1.4518108230819339e-12,4.3098527616908743e-13,8.415528385713794e-13,2.12838729333805e-21,1.5640051642335696e-16
7.271999999999999,548,101325.00000000003,2.771e-08,0.066,0.29999999999999993,0.6339999999999998,0.22000000000000003,548.0,1e-11,1e-22,IdealGasReactor,off,0.6294342116291191,0.0,0.0,0.2753518300737996,0.04445866991476887,0.014816708568373393,1.1664863811398557e-11,0.035938579802274155,0.0,0.0026661150564558306,3.0820915220495004e-11,0.6084031101829297,5.1178301502364566e-09,1.8164724216698084e-07,1.1978202458770792e-07,1.1294424431190931e-05,0.38833433549133806,3.9741068329326576e-05,2.9724882259016205e-05,0.00043262274343886686,4.547794358985227e-06,1.9279880916923722e-13,2.0088507291940633e-09,7.819976949781929e-05,0.0,0.0,0.0,0.0,0.0,0.0,0.0,0.0,0.0,0.0,0.0,0.0,-2.1662300566921157e-07,4.332460108795143e-07,1.4441533701151945e-07,1.3035137935489417e-16,-2.888306741295746e-07,0.0,1.8491345430215086e-14,-2.0257165702323572e-21,1.4532571697816187e-17,1.883947494171735e-20,3.286219431781524e-16,-7.197662469293417e-19,7.07353574657371e-19,1.879538215772676e-14,1.2354275865274225e-20,-9.19535774876559e-18,2.885420445776985e-22,7.898437476539154e-21,-4.544924498364506e-21,1.0120481109554327e-22,-1.880999379889998e-14,2.861389706609375e-07,2.1662300566921157e-07,3.96140668402437e-07,-4.332447588816066e-07,-3.7177109891189864e-07,1.1103522786824498e-10,1.1748441689548848e-07,5.5053110893478826e-08,6.125247610108275e-08,5.5053110893478826e-08,1.4434937664441555e-07,1.4434937664441555e-07,-1.3035137935489417e-16,2.886987543880891e-07,-1.2476137981559728e-16,2.309123350671809e-19,-1.1309269972923394e-15,2.88698734363102e-07,9.80815288686972e-14,3.980504078044723e-12,5.5074484569767e-11,-1.287236639029664e-11,-8.179899327684271e-20,2.8853508338846235e-07,3.980504078044723e-12,5.5074484569767e-11,-1.388921194110875e-07,1.636697846334524e-10,-1.442516672268736e-07,-5.523217600431964e-09,-5.523217601139318e-09,-1.5628355762988595e-16,2.6931723525103087e-09,8.489305876721716e-21,-1.2519979077142288e-12,2.691703468637103e-09,1.4497101799785426e-12,4.3059069200612564e-13,8.404246296143279e-13,2.1255516757002645e-21,1.5628365883469704e-16
7.281,548,101325.0,2.771e-08,0.066,0.29999999999999993,0.6339999999999998,0.22000000000000003,548.0,1e-11,1e-22,IdealGasReactor,off,0.6294298758524003,0.0,0.0,0.2753292682334164,0.04449969389625811,0.014830383248482175,1.167722314047447e-11,0.03591077875776572,0.0,0.002665216078842117,3.0793944170235385e-11,0.6085543240020942,5.116438890421922e-09,1.8175328475908228e-07,1.197611257438629e-07,1.1296262588413658e-05,0.3881845674058162,3.971805719552572e-05,2.969186589303324e-05,0.00043218832389948207,4.5460755328989655e-06,1.926116457113335e-13,2.009252564029792e-09,7.814325704965359e-05,0.0,0.0,0.0,0.0,0.0,0.0,0.0,0.0,0.0,0.0,0.0,0.0,-2.1645923239097724e-07,4.3291846460945744e-07,1.443061548154708e-07,1.3030093670879775e-16,-2.8861230976954796e-07,0.0,-3.1815972407852905e-15,-1.6048797977945825e-21,-6.487660990418895e-18,4.5852746174577155e-21,4.216620008682553e-17,-1.4174566976708682e-19,1.4137012976898775e-19,-3.131239696085479e-15,2.859799909649638e-21,1.7982099951182097e-18,-6.827362377647118e-21,-6.684653325194155e-22,2.363814101326902e-22,3.696506574421097e-22,3.137751798371672e-15,2.8592450108223073e-07,2.1645923239097724e-07,3.957988835767952e-07,-4.3291721429016775e-07,-3.714959501674406e-07,1.1088107056963697e-10,1.174455865220907e-07,5.498938144684464e-08,6.120037463240394e-08,5.498938144684464e-08,1.4424028499215603e-07,1.4424028499215603e-07,-1.3030093670879775e-16,2.8848057108240583e-07,-1.2457553420037566e-16,2.3061076237103184e-19,-1.1298363792780914e-15,2.884805729852502e-07,9.80074039775891e-14,3.9742049878985635e-12,5.5004230840328277e-11,-1.284560658538273e-11,-8.168534821865063e-20,2.883170801370808e-07,3.9742049878985635e-12,5.5004230840328277e-11,-1.3878532351581412e-07,1.6348971041758672e-10,-1.4414266510505284e-07,-5.520831299656686e-09,-5.5208312997980565e-09,-1.5616648179470764e-16,2.6892756303731393e-09,8.47792350749769e-21,-1.2503192897047173e-12,2.6878086873172144e-09,1.4476121572698886e-12,4.3019631204960457e-13,8.392977142090242e-13,2.12271926844359e-21,1.5616685144536508e-16
7.289999999999999,548,101325.00000000004,2.771e-08,0.066,0.29999999999999993,0.6339999999999998,0.22000000000000003,548.0,1e-11,1e-22,IdealGasReactor,off,0.6294255434143194,0.0,0.0,0.27530672376611803,0.04454068628843121,0.014844047398803838,1.1689577545534374e-11,0.035882999120637846,0.0,0.0026643170217599344,3.0766993901511964e-11,0.6087055059773001,5.115047623750733e-09,1.8185908025111034e-07,1.1974011932273712e-07,1.1298092171434092e-05,0.3880348308055905,3.969505060221116e-05,2.965888185800922e-05,0.00043175429008612934,4.544356832097583e-06,1.9242464760414647e-13,2.0096544025317965e-09,7.808676893860974e-05,0.0,0.0,0.0,0.0,0.0,0.0,0.0,0.0,0.0,0.0,0.0,0.0,-2.1629553299705907e-07,4.3259106624967343e-07,1.441970218853849e-07,1.3025050482251771e-16,-2.8839404394422797e-07,0.0,-2.6019359793330497e-14,6.000420970290562e-21,-8.133364335949124e-18,3.092107223043462e-20,-3.858798881048854e-16,1.1925959199544532e-18,-1.1844796237840829e-18,-2.6360762246072856e-14,-1.2595103664310518e-20,3.5031870659732814e-17,-5.2019193544441734e-21,7.9990950173292e-22,-5.6495346322593624e-21,2.2842266846173325e-22,2.6368944025324334e-14,2.857101251786459e-07,2.1629553299705907e-07,3.9545729115460886e-07,-4.3258981760705296e-07,-3.7122092266155843e-07,1.1072710263305863e-10,1.1740672960665378e-07,5.492570146286168e-08,6.114829934441433e-08,5.492570146286168e-08,1.4413124248194328e-07,1.4413124248194328e-07,-1.3025050482251771e-16,2.882624860608277e-07,-1.2438994008346367e-16,2.303095409084337e-19,-1.1287464867572538e-15,2.882625111944037e-07,9.793331247726614e-14,3.967914523688545e-12,5.4934056164263284e-11,-1.2818898465783777e-11,-8.157184598180065e-20,2.8809917504449953e-07,3.967914523688545e-12,5.4934056164263284e-11,-1.3867857639041233e-07,1.6330978096016068e-10,-1.4403371210443288e-07,-5.51844549497259e-09,-5.51844549378811e-09,-1.5604986587194991e-16,2.6853837699801205e-09,8.466554352955615e-21,-1.2486426204487775e-12,2.68391876558208e-09,1.4455167528414171e-12,4.298021364626676e-13,8.381720914382885e-13,2.1198900693884616e-21,1.5605009429461838e-16
7.2989999999999995,548,101324.99999999997,2.771e-08,0.066,0.29999999999999993,0.6339999999999998,0.22000000000000003,548.0,1e-11,1e-22,IdealGasReactor,off,0.6294212143132586,0.0,0.0,0.2752841966634841,0.04458164710659893,0.014857701024441882,1.1701927027873788e-11,0.0358552408805148,0.0,0.0026634178858582786,3.0740064408658106e-11,0.6088566560641486,5.113656350998872e-09,1.819646288648426e-07,1.1971900553587773e-07,1.1299913188950603e-05,0.3878851257345546,3.9672048562149794e-05,2.9625930136719902e-05,0.0004313206418253078,4.542638257438422e-06,1.9223781476654677e-13,2.0100562445741183e-09,7.803030518882417e-05,0.0,0.0,0.0,0.0,0.0,0.0,0.0,0.0,0.0,0.0,0.0,0.0,-2.1613190756270585e-07,4.3226381491528924e-07,1.4408793826663049e-07,1.302000837106979e-16,-2.8817587666611947e-07,0.0,1.3051447652122814e-15,-9.142063498633227e-22,-1.922096211688829e-20,1.071962367660045e-20,7.99185114855089e-17,9.391477802682055e-20,-9.457155943318765e-20,1.3878223467299476e-15,1.2626088101183682e-21,2.644610581777362e-18,-1.457136406252195e-22,1.514231659460744e-21,-3.1445573224207598e-21,-2.794432752694022e-23,-1.3878067982418229e-15,2.8549584296628334e-07,2.1613190756270585e-07,3.951158912669503e-07,-4.322625679473906e-07,-3.7094601652168905e-07,1.1057332391039723e-10,1.1736784619906592e-07,5.486207095501811e-08,6.109625026049506e-08,5.486207095501811e-08,1.4402224916404984e-07,1.4402224916404984e-07,-1.302000837106979e-16,2.880444994238807e-07,-1.2420459721510514e-16,2.300086704157268e-19,-1.1276573199119658e-15,2.880444968100804e-07,9.785925440188706e-14,3.961632677567125e-12,5.4863960488037877e-11,-1.2792241946433409e-11,-8.14584864384786e-20,2.878813682016122e-07,3.961632677567125e-12,5.4863960488037877e-11,-1.3857187807953008e-07,1.6312999627496795e-10,-1.4392480827035487e-07,-5.516060187100402e-09,-5.51606018700583e-09,-1.559334153853147e-16,2.681496767756138e-09,8.455198404203e-21,-1.2469678986347538e-12,2.680033699836106e-09,1.4434239647552524e-12,4.294081654607638e-13,8.370477604872847e-13,2.1170640766171873e-21,1.5593338744098717e-16
7.308,548,101325.00000000003,2.771e-08,0.066,0.29999999999999993,0.6339999999999998,0.22000000000000003,548.0,1e-11,1e-22,IdealGasReactor,off,0.6294168885475978,0.0,0.0,0.2752616869170879,0.044622576366082994,0.014871344130503625,1.1714271588789617e-11,0.035827504027013325,0.0,0.002662518671830908,3.071315568650171e-11,0.609007774228556,5.112265073028826e-09,1.8206993082640192e-07,1.196977845966143e-07,1.1301725649650365e-05,0.3877354522262346,3.964905108875711e-05,2.9593010712405544e-05,0.0004308873789504267,4.54091980975319e-06,1.9205114711771446e-13,2.0104580899771256e-09,7.797386582360611e-05,0.0,0.0,0.0,0.0,0.0,0.0,0.0,0.0,0.0,0.0,0.0,0.0,-2.1596835617027666e-07,4.319367122152597e-07,1.4397890400282831e-07,1.3014967338449524e-16,-2.879578081438378e-07,0.0,-8.249935263339222e-16,-4.1768580607530146e-23,-4.426102565108996e-18,-6.997026961675993e-23,-4.879174473980787e-18,-1.5696579303806253e-20,1.5183727324023376e-20,-8.218327740875866e-16,-4.558345271922446e-22,3.585527524267079e-18,-2.4917386158546464e-21,7.794884803605172e-22,-6.132823724140003e-22,5.390837200147779e-23,8.262825449401231e-16,2.852816546572673e-07,2.1596835617027666e-07,3.9477468405753326e-07,-4.319354669201367e-07,-3.7067123188722624e-07,1.1041973425713428e-10,1.1732893635317565e-07,5.4798489938517785e-08,6.104422740601627e-08,5.4798489938517785e-08,1.4391330509343866e-07,1.4391330509343866e-07,-1.3014967338449524e-16,2.878266112814991e-07,-1.240195053438764e-16,2.2970815063371897e-19,-1.1265688789118872e-15,2.87826610878561e-07,9.778522978879768e-14,3.9553594418159185e-12,5.479394375991426e-11,-1.2765636942803973e-11,-8.134526946004911e-20,2.8766365969590544e-07,3.9553594418159185e-12,5.479394375991426e-11,-1.38465228626218e-07,1.6295035637299685e-10,-1.4381595364645481e-07,-5.513675376610331e-09,-5.513675376625515e-09,-1.5581667703982632e-16,2.677614620168985e-09,8.443855652614909e-21,-1.2452951229915426e-12,2.676153486570572e-09,1.441333791119655e-12,4.2901439927313763e-13,8.359247205681394e-13,2.1142412882816627e-21,1.5581673094819832e-16
7.316999999999999,548,101325.0,2.771e-08,0.066,0.29999999999999993,0.6339999999999998,0.22000000000000003,548.0,1e-11,1e-22,IdealGasReactor,off,0.6294125661157173,0.0,0.0,0.27523919451849665,0.04466347408221738,0.014884976722100107,1.17266112295799e-11,0.035799788549741994,0.0,0.0026616193802377203,3.068626772830529e-11,0.6091588604062147,5.110873790446355e-09,1.8217498635194916e-07,1.1967645671268132e-07,1.1303529562267469e-05,0.38758581034453854,3.962605819345742e-05,2.9560123566807738e-05,0.00043045450127302795,4.5392014899452425e-06,1.9186464457546042e-13,2.010859938719874e-09,7.791745086842103e-05,0.0,0.0,0.0,0.0,0.0,0.0,0.0,0.0,0.0,0.0,0.0,0.0,-2.158048788802545e-07,4.3160975763550897e-07,1.4386991914209677e-07,1.300992738652843e-16,-2.877398384203853e-07,0.0,-4.719141991539745e-17,-3.0439016706586843e-23,-5.93237562551384e-18,9.041982560565318e-23,-5.129949165927263e-18,-1.1064367873509298e-20,1.1074294040859935e-20,-4.620934311569897e-17,-4.685630818879115e-22,1.3433130319138542e-19,-4.104549262283488e-21,-7.850461001011078e-23,9.131196042242233e-23,8.812254238659126e-25,5.2172263287714103e-17,2.85067560298381e-07,2.158048788802545e-07,3.9443366963024343e-07,-4.3160851401121683e-07,-3.7039656886031413e-07,1.1026633351760802e-10,1.1729000011116701e-07,5.473495842298113e-08,6.099223080017214e-08,5.473495842298113e-08,1.4380441031056703e-07,1.4380441031056703e-07,-1.300992738652843e-16,2.876088217145994e-07,-1.2383466422315446e-16,2.294079812891995e-19,-1.1254811639575754e-15,2.87608820537244e-07,9.771123866548749e-14,3.9490948083180225e-12,5.472400592261038e-11,-1.2739083369123293e-11,-8.123219492017222e-20,2.874460496237996e-07,3.9490948083180225e-12,5.472400592261038e-11,-1.3835862807758364e-07,1.6277086127215563e-10,-1.437071482808246e-07,-5.511291064513115e-09,-5.5112910645241896e-09,-1.5570012398279514e-16,2.673737323444812e-09,8.432526088713965e-21,-1.2436242921213987e-12,2.6722781220043088e-09,1.4392462298966653e-12,4.286208380854681e-13,8.348029708080018e-13,2.111421702315256e-21,1.5570012486402057e-16
7.326,548,101324.99999999999,2.771e-08,0.066,0.29999999999999993,0.6339999999999998,0.22000000000000003,548.0,1e-11,1e-22,IdealGasReactor,off,0.6294082470159947,0.0,0.0,0.2752167194592718,0.04470434027034535,0.01489859880434633,1.1738945951544434e-11,0.035772094438302975,0.0,0.002660720011706846,3.0659400528106396e-11,0.6093099145484392,5.109482503988411e-09,1.8227979566285907e-07,1.196550220945863e-07,1.1305324935517122e-05,0.38743620013767244,3.9603069888678266e-05,2.9527268682405423e-05,0.00043002200861546756,4.537483298880076e-06,1.9167830705813974e-13,2.0112617907000883e-09,7.786106034753013e-05,0.0,0.0,0.0,0.0,0.0,0.0,0.0,0.0,0.0,0.0,0.0,0.0,-2.1564147576405807e-07,4.312829515974108e-07,1.437609837300647e-07,1.3004888516915926e-16,-2.8752196760237866e-07,0.0,8.882272444493715e-15,-1.2723012594578965e-21,-8.488290431570594e-18,4.1780564201393586e-21,-1.9938012083887437e-16,-2.7396221887756277e-20,2.4826998905166573e-20,8.695102188611406e-15,-3.527773447348077e-21,3.695199961090735e-18,-7.830378041246442e-21,8.90615025778188e-22,1.1925650973760605e-21,-5.462112350795547e-23,-8.686582472397939e-15,2.848535599998879e-07,2.1564147576405807e-07,3.9409284810872087e-07,-4.312817096420061e-07,-3.701220275617732e-07,1.1011312154175051e-10,1.1725103752126012e-07,5.4671476420730403e-08,6.094026046523023e-08,5.4671476420730403e-08,1.4369556486315016e-07,1.4369556486315016e-07,-1.3004888516915926e-16,2.873911308186097e-07,-1.236500736038579e-16,2.2910816211592974e-19,-1.124394175231652e-15,2.8739112090114816e-07,9.76372810643776e-14,3.942838769157504e-12,5.465414692162249e-11,-1.2712581140401951e-11,-8.111926269129809e-20,2.872285380767443e-07,3.942838769157504e-12,5.465414692162249e-11,-1.3825207647847287e-07,1.6259151098631769e-10,-1.435983922190758e-07,-5.508907251591822e-09,-5.508907251616649e-09,-1.5558362386532318e-16,2.669864873936242e-09,8.421209703447438e-21,-1.24195540468961e-12,2.6684076024908012e-09,1.4371612791206518e-12,4.2822748210488515e-13,8.336825103760344e-13,2.1086053167589825e-21,1.5558356924419967e-16
7.334999999999999,548,101325.00000000003,2.771e-08,0.066,0.29999999999999993,0.6339999999999998,0.22000000000000003,548.0,1e-11,1e-22,IdealGasReactor,off,0.6294039312468073,0.0,0.0,0.27519426173096767,0.044745174945823446,0.014912210382360841,1.1751275755983853e-11,0.035744421682289466,0.0,0.0026598205668016666,3.0632554079173356e-11,0.609460936591933,5.108091214267469e-09,1.8238435897582256e-07,1.1963348095008728e-07,1.1307111778138485e-05,0.38728662166852823,3.958008618587764e-05,2.9494446040941493e-05,0.0004295899007893845,4.535765237457615e-06,1.9149213448339468e-13,2.011663645892456e-09,7.78046942862059e-05,0.0,0.0,0.0,0.0,0.0,0.0,0.0,0.0,0.0,0.0,0.0,0.0,-2.1547814688246756e-07,4.309562936526463e-07,1.4365209781444955e-07,1.2999850731715382e-16,-2.873041957545061e-07,0.0,7.474701072130738e-16,-8.061130924256745e-23,2.252113836323275e-18,-7.207974045703263e-22,-1.7696529971392063e-17,3.705769144237564e-20,-3.7654915844638926e-20,7.254070628415817e-16,4.1411966349835335e-22,-2.1275870835153015e-18,1.9154049669229425e-21,-4.702780276305385e-22,-4.859942118871965e-22,-9.980300169243956e-24,-7.27671068223957e-16,2.846396538302553e-07,2.1547814688246756e-07,3.9375221959711364e-07,-4.30955053364187e-07,-3.698476080942379e-07,1.099600981740721e-10,1.1721204862604823e-07,5.4608043941337445e-08,6.088831642044177e-08,5.4608043941337445e-08,1.4358676879182597e-07,1.4358676879182597e-07,-1.2999850731715382e-16,2.871735386748091e-07,-1.234657332392211e-16,2.288086928408299e-19,-1.1233079129310142e-15,2.8717353672824686e-07,9.756335701308033e-14,3.936591316225059e-12,5.458436669974761e-11,-1.2686130171100063e-11,-8.100647264697462e-20,2.870111251503854e-07,3.936591316225059e-12,5.458436669974761e-11,-1.3814557387560775e-07,1.6241230553254254e-10,-1.434896855089164e-07,-5.506523938841792e-09,-5.5065239388041374e-09,-1.5546707411701445e-16,2.665997267858997e-09,8.40990648734528e-21,-1.240288459299542e-12,2.6645419242507847e-09,1.4350789367546085e-12,4.2783433151719977e-13,8.325633383999064e-13,2.1057921295472876e-21,1.5546706413671428e-16
7.343999999999999,548,101325.00000000003,2.771e-08,0.066,0.29999999999999993,0.6339999999999998,0.22000000000000003,548.0,1e-11,1e-22,IdealGasReactor,off,0.6293996188065312,0.0,0.0,0.27517182132513274,0.044785978124019736,0.014925811461265944,1.1763600644200051e-11,0.035716770271286946,0.0,0.002658921046260242,3.060572837678187e-11,0.6096119265133081,5.106699922231179e-09,1.8248867652016463e-07,1.1961183349414486e-07,1.1308890098817803e-05,0.38713707495988753,3.955710709909534e-05,2.9461655626073564e-05,0.00042915817763443295,4.534047306481665e-06,1.91306126770395e-13,2.012065504062966e-09,7.774835270673337e-05,0.0,0.0,0.0,0.0,0.0,0.0,0.0,0.0,0.0,0.0,0.0,0.0,-2.1531489232442307e-07,4.3062978451857654e-07,1.4354326143680674e-07,1.299481403168103e-16,-2.8708652301287225e-07,0.0,-8.746725174064636e-17,1.1328855792238864e-23,-8.963870135526397e-18,1.7600242117564708e-22,2.7502101006163064e-19,1.5246593050577406e-20,-1.5077848205616588e-20,-7.782009654652723e-17,-5.101291601041908e-22,3.069061753340826e-19,-6.416325506835721e-21,8.251126610216451e-23,-2.1155402163002735e-23,5.832045467551513e-24,8.683031356999379e-17,2.8442584192902003e-07,2.1531489232442307e-07,3.934117842506903e-07,-4.306285458951218e-07,-3.695733106084876e-07,1.0980726327344065e-10,1.1717303348349992e-07,5.4544661001424714e-08,6.083639869298503e-08,5.4544661001424714e-08,1.434780221559477e-07,1.434780221559477e-07,-1.299481403168103e-16,2.869560454018991e-07,-1.2328164287619894e-16,2.285095732087686e-19,-1.1222223772086649e-15,2.869560442597674e-07,9.748946655192449e-14,3.930352441926328e-12,5.4514665206918783e-11,-1.2659730377519762e-11,-8.08938246576863e-20,2.8679381092801903e-07,3.930352441926328e-12,5.4514665206918783e-11,-1.38039120310129e-07,1.6223324491805127e-10,-1.4338102819188883e-07,-5.504141126677714e-09,-5.504141126662636e-09,-1.5535060377804454e-16,2.6621345017834138e-09,8.398616432034394e-21,-1.2386234547168363e-12,2.6606810838521998e-09,1.4329992009483486e-12,4.274413865638132e-13,8.314454541158371e-13,2.102982138892814e-21,1.5535060961009e-16
7.352999999999999,548,101324.99999999999,2.771e-08,0.066,0.29999999999999993,0.6339999999999998,0.22000000000000003,548.0,1e-11,1e-22,IdealGasReactor,off,0.6293953096935402,0.0,0.0,0.2751493982333107,0.04482674982030885,0.014939402046188105,1.177592061749727e-11,0.035689140194876214,0.0,0.0026580214504919823,3.0578923412391287e-11,0.6097628842145317,5.105308628198271e-09,1.8259274850244452e-07,1.195900799279974e-07,1.1310659906349949e-05,0.38698756010955954,3.9534132637491456e-05,2.9428897417804297e-05,0.00042872683893695863,4.532329506934125e-06,1.9112028383515566e-13,2.0124673653696657e-09,7.769203563681048e-05,0.0,0.0,0.0,0.0,0.0,0.0,0.0,0.0,0.0,0.0,0.0,0.0,-2.151517121254823e-07,4.3030342412104055e-07,1.4343447464988482e-07,1.298977842009054e-16,-2.86868949414042e-07,0.0,-9.047896672011518e-17,-4.8945362217531394e-23,1.5497377792147053e-17,3.6212462813010994e-22,1.0587911840678754e-19,1.2731963988416202e-20,-1.2786557908844702e-20,-1.0606546565518349e-16,1.072465210646555e-21,-6.015855282699353e-20,1.1008673132397442e-20,3.1226068123876795e-23,9.888279278409369e-23,1.2697843675025262e-23,9.048807710643608e-17,2.842121243368397e-07,2.151517121254823e-07,3.93071542127495e-07,-4.3030218716065115e-07,-3.692991351640925e-07,1.0965461667157272e-10,1.1713399212283302e-07,5.448132760407932e-08,6.078450729499723e-08,5.448132760407932e-08,1.4336932497941787e-07,1.4336932497941787e-07,-1.298977842009054e-16,2.867386510476873e-07,-1.2309780227350144e-16,2.282108029305546e-19,-1.1211375682958705e-15,2.867386499350033e-07,9.741560969715113e-14,3.924122137694887e-12,5.444504237957283e-11,-1.2633381672784766e-11,-8.078131859959698e-20,2.8657659551534766e-07,3.924122137694887e-12,5.444504237957283e-11,-1.3793271583328398e-07,1.620543291675764e-10,-1.432724203207172e-07,-5.501758816600843e-09,-5.501758816588056e-09,-1.5523419299607872e-16,2.6582765716143e-09,8.387339527058327e-21,-1.2369603893995581e-12,2.656825077202302e-09,1.430922069496069e-12,4.270486473801193e-13,8.303288565534888e-13,2.100175342478154e-21,1.552342056939224e-16
7.361999999999998,548,101324.99999999996,2.771e-08,0.066,0.29999999999999993,0.6339999999999998,0.22000000000000003,548.0,1e-11,1e-22,IdealGasReactor,off,0.6293910039062091,0.0,0.0,0.2751269924470362,0.0448674900500847,0.014952982142256719,1.1788235677179195e-11,0.03566153144262532,0.0,0.0026571217803740203,3.0552139182846615e-11,0.6099138097041454,5.103917333382132e-09,1.8269657516159864e-07,1.195682204722764e-07,1.1312421209383208e-05,0.3868380771082327,3.951116281714773e-05,2.9396171401290592e-05,0.0004282958845585592,4.530611839541129e-06,1.909346055979197e-13,2.0128692294115346e-09,7.763574309625774e-05,0.0,0.0,0.0,0.0,0.0,0.0,0.0,0.0,0.0,0.0,0.0,0.0,-2.1498860639680528e-07,4.299772126802387e-07,1.4332573749015194e-07,1.2984743896618738e-16,-2.8665147510984206e-07,0.0,-4.1551281050488815e-16,-8.739611993557689e-22,9.605759455716639e-19,4.598988850721841e-21,-1.6470132142886243e-17,-9.5185327447702e-20,9.442928436782853e-20,-4.323938851489101e-16,-4.809718008181656e-22,6.617315566615702e-19,2.516892903632571e-22,1.2260109147742984e-21,9.326852697568114e-22,-2.533077109869137e-24,4.314225089644108e-16,2.83998501208701e-07,2.1498860639680528e-07,3.9273149342294114e-07,-4.299759773809765e-07,-3.6902508194980733e-07,1.0950215823863256e-10,1.1709492461430762e-07,5.441804377140135e-08,6.073264225987757e-08,5.441804377140135e-08,1.432606773363272e-07,1.432606773363272e-07,-1.2984743896618738e-16,2.86521355760354e-07,-1.229142111731009e-16,2.2791238176511645e-19,-1.120053486308979e-15,2.8652135497519993e-07,9.734178649910281e-14,3.917900396342465e-12,5.437549817324872e-11,-1.2607083974771601e-11,-8.066895434072315e-20,2.863594789854973e-07,3.917900396342465e-12,5.437549817324872e-11,-1.3782636048159142e-07,1.6187555828011008e-10,-1.4316386193187108e-07,-5.499377008560507e-09,-5.499377008654936e-09,-1.5511785500600682e-16,2.654423474191243e-09,8.376075764905453e-21,-1.2352992622401705e-12,2.652973901141056e-09,1.4288475406940884e-12,4.266561142510708e-13,8.292135450341166e-13,2.097371738733805e-21,1.551178524729297e-16
7.370999999999999,548,101325.00000000003,2.771e-08,0.066,0.29999999999999993,0.6339999999999998,0.22000000000000003,548.0,1e-11,1e-22,IdealGasReactor,off,0.629386701442909,0.0,0.0,0.2751046039578399,0.044908198828746214,0.014966551754605486,1.1800545824552193e-11,0.035633944004098646,0.0,0.0026562220363179068,3.052537567959964e-11,0.6100647028848787,5.102526038105929e-09,1.8280015670464076e-07,1.1954625532818138e-07,1.1314174016717479e-05,0.3866886260529541,3.948819764723897e-05,2.936347755652189e-05,0.0004278653142854699,4.528894305281676e-06,1.9074909197451283e-13,2.0132710963437855e-09,7.757947511259728e-05,0.0,0.0,0.0,0.0,0.0,0.0,0.0,0.0,0.0,0.0,0.0,0.0,-2.148255751740278e-07,4.296511502151972e-07,1.4321705000999766e-07,1.2979710464517703e-16,-2.86434100145239e-07,0.0,-1.2299168277123687e-15,-6.025622669217671e-22,4.27151117878481e-18,-5.998998110338222e-21,3.0849469334593652e-18,4.715326538246283e-19,-4.651617087467449e-19,-1.2309463888151308e-15,-2.5092280029113073e-21,-2.8217919379330425e-19,8.575987760383427e-21,-1.1765093249918282e-21,2.2155111642854153e-21,-1.3909274063728992e-22,1.2266553799266337e-15,2.8378497259366406e-07,2.148255751740278e-07,3.9239163819496983e-07,-4.296499165751255e-07,-3.687511510253555e-07,1.0934988780640678e-10,1.1705583098744476e-07,5.43548095063773e-08,6.068080359976367e-08,5.43548095063773e-08,1.4315207925062731e-07,1.4315207925062731e-07,-1.2979710464517703e-16,2.863041595878027e-07,-1.2273086933359921e-16,2.2761430942326075e-19,-1.1189701314758027e-15,2.8630415960240185e-07,9.726799697405391e-14,3.911687209306562e-12,5.4306032524412043e-11,-1.258083719682315e-11,-8.055673175713245e-20,2.861424614434669e-07,3.911687209306562e-12,5.4306032524412043e-11,-1.3772005430595095e-07,1.6169693227959406e-10,-1.4305535307772445e-07,-5.496995704046721e-09,-5.4969957035815595e-09,-1.5500168906950232e-16,2.6505752054173567e-09,8.364825135119379e-21,-1.233640071696789e-12,2.649127551574936e-09,1.426775612336155e-12,4.2626378731177103e-13,8.280995185870954e-13,2.0945713253412457e-21,1.5500154997676168e-16
7.379999999999999,548,101324.99999999999,2.771e-08,0.066,0.29999999999999993,0.6339999999999998,0.22000000000000003,548.0,1e-11,1e-22,IdealGasReactor,off,0.6293824023020119,0.0,0.0,0.27508223275724625,0.04494887617170499,0.014980110888371685,1.1812851060923612e-11,0.035606377868852165,0.0,0.0026553222190280165,3.0498632897467626e-11,0.6102155637262507,5.101134743253023e-09,1.8290349335893172e-07,1.1952418470904695e-07,1.1315918337062767e-05,0.38653920697363664,3.9465237141269426e-05,2.933081586670718e-05,0.0004274351279509729,4.5271769049740935e-06,1.9056374288338322e-13,2.0136729659711067e-09,7.752323170839051e-05,0.0,0.0,0.0,0.0,0.0,0.0,0.0,0.0,0.0,0.0,0.0,0.0,-2.1466261854004344e-07,4.293252369817865e-07,1.4310841225158535e-07,1.297467812478148e-16,-2.8621682463636346e-07,0.0,1.5226799081740155e-15,1.8167552154522445e-22,-6.294775447850809e-19,-2.9306303072767556e-21,-3.145065096890739e-17,4.783089174026627e-20,-4.743715376869103e-20,1.4947272617405295e-15,-6.546957843514445e-22,2.8075985578480564e-18,4.810420788584899e-23,1.3316315392396631e-21,-1.2914613348151695e-22,-6.487777466850328e-24,-1.4940903216828712e-15,2.835715386113706e-07,2.1466261854004344e-07,3.920519765873426e-07,-4.2932400499897e-07,-3.6847734253121186e-07,1.0919780523071141e-10,1.1701671129747653e-07,5.4291624823851416e-08,6.062899134007814e-08,5.4291624823851416e-08,1.430435307776512e-07,1.430435307776512e-07,-1.297467812478148e-16,2.8608706264070353e-07,-1.225477765031288e-16,2.2731658564586665e-19,-1.1178875039516458e-15,2.860870599308285e-07,9.719424115960161e-14,3.905482568886355e-12,5.423664538146997e-11,-1.2554641255292522e-11,-8.044465071979195e-20,2.859255429737451e-07,3.905482568886355e-12,5.423664538146997e-11,-1.3761379734800837e-07,1.6151845117372315e-10,-1.4294689380041204e-07,-5.494614903576992e-09,-5.494614903529555e-09,-1.548853047573161e-16,2.646731761780948e-09,8.353587629083192e-21,-1.2319828164988958e-12,2.645286024992848e-09,1.4247062825295724e-12,4.258716667907118e-13,8.269867764239429e-13,2.091774100449087e-21,1.5488529826953864e-16
7.3889999999999985,548,101325.00000000003,2.771e-08,0.066,0.29999999999999993,0.6339999999999998,0.22000000000000003,548.0,1e-11,1e-22,IdealGasReactor,off,0.6293781064818876,0.0,0.0,0.2750598788367729,0.04498952209438391,0.014993659548696229,1.1825151387601996e-11,0.03557883302643409,0.0,0.0026544223290443218,3.0471910829354505e-11,0.6103663921604724,5.0997434493924006e-09,1.8300658534054978e-07,1.1950200882128702e-07,1.1317654179183898e-05,0.38638981993769583,3.944228131030093e-05,2.929818631322151e-05,0.00042700532536159167,4.525459639525713e-06,1.9037855824134568e-13,2.014074838294912e-09,7.746701290887706e-05,0.0,0.0,0.0,0.0,0.0,0.0,0.0,0.0,0.0,0.0,0.0,0.0,-2.144997365510083e-07,4.2899947297702363e-07,1.4299982426258667e-07,1.2969646879665492e-16,-2.8599964864713623e-07,0.0,-8.48837839138151e-15,2.5617923035083297e-22,6.6232935468620264e-18,-1.2754841892528376e-20,-4.670010275568178e-18,3.0368778137026837e-19,-3.0231135283098013e-19,-8.500515926838134e-15,-8.114751871018698e-22,-1.0970465108584508e-18,4.456851765764806e-21,1.4579058296247113e-21,2.686583567821719e-21,1.9018562413834226e-22,8.493868899038023e-15,2.8335819932958327e-07,2.144997365510083e-07,3.91712508695086e-07,-4.289982426495284e-07,-3.682036565621859e-07,1.0904591035379968e-10,1.1697756558528983e-07,5.422848973186988e-08,6.057720549871111e-08,5.422848973186988e-08,1.4293503195497087e-07,1.4293503195497087e-07,-1.2969646879665492e-16,2.858700649941917e-07,-1.2236493243568908e-16,2.270192101567635e-19,-1.1168056039303242e-15,2.8587007228075834e-07,9.7120519081275e-14,3.899286466895858e-12,5.4167336686081364e-11,-1.2528496064998491e-11,-8.033271110249088e-20,2.8570872367191064e-07,3.899286466895858e-12,5.4167336686081364e-11,-1.3750758965437497e-07,1.6134011497879606e-10,-1.4283848414760924e-07,-5.492234608211699e-09,-5.492234607909388e-09,-1.547689072102401e-16,2.642893139440061e-09,8.34236323713789e-21,-1.2303274952221868e-12,2.6414493175529757e-09,1.4226395492036392e-12,4.254797528632161e-13,8.258753176527027e-13,2.088980061940177e-21,1.5476909739586424e-16
7.397999999999999,548,101324.99999999999,2.771e-08,0.066,0.29999999999999993,0.6339999999999998,0.22000000000000003,548.0,1e-11,1e-22,IdealGasReactor,off,0.6293738139809049,0.0,0.0,0.275037542187932,0.045030136612216616,0.015007197740723737,1.1837446805897262e-11,0.03555130946638541,0.0,0.002653522367099429,3.0445209470367475e-11,0.6105171881638575,5.0983521574619055e-09,1.8310943287912677e-07,1.1947972787928608e-07,1.1319381551787945e-05,0.3862404649682181,3.941933016823749e-05,2.926558887954527e-05,0.000426575906354627,4.52374250973716e-06,1.9019353796687688e-13,2.01447671308503e-09,7.741081873599292e-05,0.0,0.0,0.0,0.0,0.0,0.0,0.0,0.0,0.0,0.0,0.0,0.0,-2.1433692929407626e-07,4.286738585506167e-07,1.42891286083869e-07,1.296461672993416e-16,-2.8578257231401276e-07,0.0,1.0940345308545143e-14,8.166384433962689e-22,-8.184460169999182e-18,-3.0077071095296134e-20,-9.213680293097457e-17,1.2115482821492682e-18,-1.207943429039762e-18,1.0866071729849783e-14,3.1690367671318364e-22,8.36781661208713e-18,2.7685091896522155e-21,9.426808754595726e-21,9.216467104152383e-22,-1.147968537022741e-22,-1.085783147647702e-14,2.8314495488821834e-07,2.1433692929407626e-07,3.913732346694624e-07,-4.2867262987651006e-07,-3.6793009326606777e-07,1.0889420303365916e-10,1.1693839390870892e-07,5.416540424622348e-08,6.052544610226137e-08,5.416540424622348e-08,1.4282658284073987e-07,1.4282658284073987e-07,-1.296461672993416e-16,2.8565316676458405e-07,-1.2218233687837003e-16,2.2672218269944596e-19,-1.1157244315571762e-15,2.85653154685761e-07,9.704683077858777e-14,3.8930988957128645e-12,5.409810638772467e-11,-1.2502401542761425e-11,-8.022091277563513e-20,2.8549200361989223e-07,3.8930988957128645e-12,5.409810638772467e-11,-1.3740143126549954e-07,1.611619237002681e-10,-1.4273012416017232e-07,-5.489854818369458e-09,-5.489854817161514e-09,-1.5465306221981327e-16,2.6390593349314687e-09,8.331151950827664e-21,-1.228674106619944e-12,2.6376174257944448e-09,1.4205754104926453e-12,4.250880457657453e-13,8.247651415005084e-13,2.086189208002883e-21,1.5465294742295957e-16
7.406999999999999,548,101324.99999999999,2.771e-08,0.066,0.29999999999999993,0.6339999999999998,0.22000000000000003,548.0,1e-11,1e-22,IdealGasReactor,off,0.6293695247974312,0.0,0.0,0.2750152228022292,0.0450707197406482,0.015020725469602446,1.1849737317120501e-11,0.0355238071782393,0.0,0.0026526223336990652,3.0418528812989896e-11,0.6106679516610176,5.096960867964893e-09,1.8321203618882004e-07,1.194573420879141e-07,1.13211004636569e-05,0.38609114214025836,3.939638372561216e-05,2.9233023546637618e-05,0.00042614687073068777,4.52202551653326e-06,1.9000868197630864e-13,2.0148785903836572e-09,7.735464921541669e-05,0.0,0.0,0.0,0.0,0.0,0.0,0.0,0.0,0.0,0.0,0.0,0.0,-2.1417419681958865e-07,4.283483940824145e-07,1.427827977640364e-07,1.2959587678099778e-16,-2.855655957244219e-07,0.0,-4.9081093929249043e-14,-2.0818239225634493e-20,-1.521612807296258e-17,9.094174559549294e-20,-5.729841192578808e-16,3.1824880712916183e-18,-3.1486911258239266e-18,-4.958403283595038e-14,1.551050622660538e-20,5.1447708877536223e-17,-2.883560076997468e-20,-2.6266319020402983e-20,-1.0559179638347376e-20,-1.2423409345536233e-21,4.95993220416755e-14,2.8293180537861985e-07,2.1417419681958865e-07,3.910341545946117e-07,-4.2834716705976526e-07,-3.67656652727635e-07,1.0874268310960687e-10,1.1689919630570436e-07,5.4102368373359664e-08,6.04737131669486e-08,5.4102368373359664e-08,1.4271818346866674e-07,1.4271818346866674e-07,-1.2959587678099778e-16,2.8543636801930277e-07,-1.2199998958639038e-16,2.264255029940119e-19,-1.1146439870314906e-15,2.854364163917822e-07,9.697317627444386e-14,3.8869198470483074e-12,5.402895442660274e-11,-1.2476357603261068e-11,-8.01092556135791e-20,2.852753829151045e-07,3.8869198470483074e-12,5.402895442660274e-11,-1.3729532222881572e-07,1.609838773556602e-10,-1.4262181388671454e-07,-5.487475535220673e-09,-5.487475532071982e-09,-1.545380907321133e-16,2.6352303443612553e-09,8.319953760264521e-21,-1.2270226492342606e-12,2.633790345802059e-09,1.4185138642862775e-12,4.246965456616088e-13,8.236562470525097e-13,2.0834015364608493e-21,1.5453684839117875e-16
7.415999999999999,548,101325.0,2.771e-08,0.066,0.29999999999999993,0.6339999999999998,0.22000000000000003,548.0,1e-11,1e-22,IdealGasReactor,off,0.6293652389298331,0.0,0.0,0.2749929206711644,0.045111271495134116,0.015034242740484309,1.1862022922584228e-11,0.03549632615152194,0.0,0.0026517222294068724,3.039186885033479e-11,0.6108186825900105,5.095569581516359e-09,1.8331439548710112e-07,1.194348516544038e-07,1.1322810923556707e-05,0.38594185151535854,3.9373441993823524e-05,2.9200490296090882e-05,0.00042571821829951535,4.520308660805104e-06,1.8982399018637163e-13,2.015280470163016e-09,7.729850437178973e-05,0.0,0.0,0.0,0.0,0.0,0.0,0.0,0.0,0.0,0.0,0.0,0.0,-2.1401153918712458e-07,4.2802307822973967e-07,1.4267435934959525e-07,1.295455972622022e-16,-2.8534871883000097e-07,0.0,-2.2706508467782106e-15,2.4676041971760896e-22,-1.050358595440871e-18,1.836045795070469e-21,1.4953731409064232e-17,-2.848148285142585e-20,2.840207351262076e-20,-2.2544495020122898e-15,-1.0317786176762885e-21,2.0475421806077248e-19,1.50583090928709e-21,7.37509064273451e-22,-1.5108861641115236e-22,-2.906498576450523e-22,2.2555088123555896e-15,2.827187507562271e-07,2.1401153918712458e-07,3.906952685715747e-07,-4.28021852856618e-07,-3.6738333504780757e-07,1.08591350425728e-10,1.1685997281944939e-07,5.403938212203953e-08,6.042200671161356e-08,5.403938212203953e-08,1.4260983387862432e-07,1.4260983387862432e-07,-1.295455972622022e-16,2.8521966883806194e-07,-1.2181789031289767e-16,2.261291707664557e-19,-1.1135642705371602e-15,2.8521966988215297e-07,9.689955559593573e-14,3.880749312784267e-12,5.3959880745265e-11,-1.2450364161851797e-11,-7.99977394896245e-20,2.850588616506852e-07,3.880749312784267e-12,5.3959880745265e-11,-1.3718926258985423e-07,1.6080597595897018e-10,-1.425135533736362e-07,-5.485096759741017e-09,-5.485096759769419e-09,-1.5442109099755135e-16,2.6314061638612592e-09,8.308768655918356e-21,-1.225373121659253e-12,2.6299680737738954e-09,1.4164549085357106e-12,4.2430525273236413e-13,8.225486334292452e-13,2.0806170452288388e-21,1.544208003476937e-16
7.424999999999999,548,101324.99999999997,2.771e-08,0.066,0.29999999999999993,0.6339999999999998,0.22000000000000003,548.0,1e-11,1e-22,IdealGasReactor,off,0.6293609563764765,0.0,0.0,0.27497063578623143,0.045151791891141574,0.015047749558524835,1.1874303623602057e-11,0.03546886637575159,0.0,0.002650822054854746,3.036522957631811e-11,0.6109693809045283,5.094178298861579e-09,1.8341651099756468e-07,1.1941225678871813e-07,1.1324512940234741e-05,0.38579259313934416,3.935050498524831e-05,2.9167989110214215e-05,0.00042528994888152194,4.518591943406442e-06,1.8963946251433933e-13,2.015682352313512e-09,7.724238422852319e-05,0.0,0.0,0.0,0.0,0.0,0.0,0.0,0.0,0.0,0.0,0.0,0.0,-2.138489564671457e-07,4.276979124536075e-07,1.4256597088439534e-07,1.294953287582468e-16,-2.85131941845602e-07,0.0,-5.8907542964630575e-15,1.4791742548479598e-22,2.824658476857157e-17,-4.663779273039095e-21,3.513387844883615e-16,1.3774079211335008e-18,-1.354385830324925e-18,-5.590894983246009e-15,1.2088373750023135e-21,-2.436633333401403e-17,1.447880929705355e-20,1.2552233150944914e-20,1.7028720186570768e-22,-2.3090139606276486e-22,5.5625031687116886e-15,2.82505791239561e-07,2.138489564671457e-07,3.903565767207663e-07,-4.2769668872808496e-07,-3.671101403456748e-07,1.084402048315597e-10,1.1682072349906632e-07,5.3976445503638894e-08,6.037032675810522e-08,5.3976445503638894e-08,1.425015341176608e-07,1.425015341176608e-07,-1.294953287582468e-16,2.8500306931498994e-07,-1.2163603880855038e-16,2.258331857495839e-19,-1.1124852822395567e-15,2.850030736967213e-07,9.682596877503122e-14,3.874587284998346e-12,5.389088528899125e-11,-1.2424421134653808e-11,-7.988636427586237e-20,2.8484243991469797e-07,3.874587284998346e-12,5.389088528899125e-11,-1.3708325239171825e-07,1.6062821952014813e-10,-1.424053426648982e-07,-5.482718492677097e-09,-5.482718491322711e-09,-1.543050342488877e-16,2.627586789825079e-09,8.297596628681617e-21,-1.2237255225525777e-12,2.6261506060409594e-09,1.4143985412628433e-12,4.239141671806336e-13,8.214422997926855e-13,2.0778357323270593e-21,1.5430480334749165e-16
7.433999999999998,548,101324.99999999999,2.771e-08,0.066,0.29999999999999993,0.6339999999999998,0.22000000000000003,548.0,1e-11,1e-22,IdealGasReactor,off,0.629356677135725,0.0,0.0,0.27494836813891793,0.04519228094414827,0.015061245928883185,1.1886579421488954e-11,0.03544142784043933,0.0,0.0026499218109439777,3.0338610987914815e-11,0.6111200466201235,5.092787021262166e-09,1.835183829622122e-07,1.1938955771207735e-07,1.132620652235895e-05,0.38564336699587043,3.932757271625019e-05,2.9135519974265036e-05,0.0004248620623401003,4.516875365040636e-06,1.894550988797699e-13,2.0160842363992507e-09,7.718628880440846e-05,0.0,0.0,0.0,0.0,0.0,0.0,0.0,0.0,0.0,0.0,0.0,0.0,-2.1368644877341722e-07,4.2737289741744025e-07,1.424576324029412e-07,1.294450712635132e-16,-2.849152649447571e-07,0.0,3.898957937305487e-16,-9.668461915499358e-24,-9.52297462282318e-18,2.1686853179088848e-23,-9.926167350636332e-20,-9.952637130238029e-21,9.780583562826999e-21,3.992648086165163e-16,-5.757535016893426e-22,-1.341359884004206e-19,-6.697472706179005e-21,1.637559118913572e-22,-6.617891600307374e-23,9.017150307775677e-24,-3.8969339866128136e-16,2.8229292700529237e-07,2.1368644877341722e-07,3.900180792413081e-07,-4.273716753375894e-07,-3.6683706881456747e-07,1.0828924619858065e-10,1.1678144841739158e-07,5.391355854039111e-08,6.031867334046233e-08,5.391355854039111e-08,1.4239328426158796e-07,1.4239328426158796e-07,-1.294450712635132e-16,2.8478656960170075e-07,-1.2145443481437383e-16,2.255375477035824e-19,-1.1114070222367833e-15,2.847865679944661e-07,9.675241586324233e-14,3.8684337565531284e-12,5.38219680139567e-11,-1.2398528440522501e-11,-7.977512983964433e-20,2.8462611777612546e-07,3.8684337565531284e-12,5.38219680139567e-11,-1.3697729166906338e-07,1.6045060803404824e-10,-1.4229718179490698e-07,-5.480340733877812e-09,-5.480340733887592e-09,-1.541888484600485e-16,2.623772219092117e-09,8.286437671121094e-21,-1.2220798508184537e-12,2.6223379394647387e-09,1.412344760775522e-12,4.235232892946119e-13,8.203372454707603e-13,2.075057596201783e-21,1.5418885747719882e-16
7.442999999999999,548,101325.00000000004,2.771e-08,0.066,0.29999999999999993,0.6339999999999998,0.22000000000000003,548.0,1e-11,1e-22,IdealGasReactor,off,0.629352401205941,0.0,0.0,0.2749261177207066,0.04523273866964023,0.015074731856722394,1.1898850317561766e-11,0.03541401053509052,0.0,0.002649021497857647,3.031201307383051e-11,0.611270679588145,5.091395748604396e-09,1.836200115727255e-07,1.1936675461559448e-07,1.1327891678821974e-05,0.38549417323363067,3.930464519256504e-05,2.9103082865595363e-05,0.00042443455842330094,4.515158926806876e-06,1.8927089919571635e-13,2.0164861228514248e-09,7.713021813030194e-05,0.0,0.0,0.0,0.0,0.0,0.0,0.0,0.0,0.0,0.0,0.0,0.0,-2.1352401610369775e-07,4.2704803207812514e-07,1.4234934396446432e-07,1.2939482482789189e-16,-2.846986880520503e-07,0.0,1.7694577576992254e-16,3.2496710869434266e-23,6.272642719208539e-18,-1.9183725619436107e-22,-9.232659125071874e-20,-2.276401045745932e-21,2.1076562007851145e-21,1.7054615978482742e-16,4.243273973941684e-22,2.6596988711187282e-20,4.4878968881296865e-21,8.437242248040882e-23,-1.7223512034640372e-22,5.591353059923522e-24,-1.768505981714437e-16,2.820801579825685e-07,2.1352401610369775e-07,3.896797761214136e-07,-4.2704681164202046e-07,-3.6656412044957633e-07,1.0813847433962537e-10,1.1674214758436892e-07,5.385072122530633e-08,6.026704646008433e-08,5.385072122530633e-08,1.422850843092253e-07,1.422850843092253e-07,-1.2939482482789189e-16,2.8457016969583274e-07,-1.2127307809713086e-16,2.252422563152534e-19,-1.1103294908015065e-15,2.845701683185098e-07,9.667889685976686e-14,3.8622887182160945e-12,5.37531288471729e-11,-1.2372685991376986e-11,-7.966403606086628e-20,2.8440989535382587e-07,3.8622887182160945e-12,5.37531288471729e-11,-1.3687138047888618e-07,1.602731415345194e-10,-1.4218907082292964e-07,-5.4779634855781534e-09,-5.477963485580261e-09,-1.5407295714750738e-16,2.6199624470968658e-09,8.275291771306899e-21,-1.2204361046972372e-12,2.6185300694817426e-09,1.4102935646147081e-12,4.2313261913276675e-13,8.192334693457537e-13,2.0722826341555694e-21,1.5407296273886044e-16
7.451999999999999,548,101324.99999999999,2.771e-08,0.066,0.29999999999999993,0.6339999999999998,0.22000000000000003,548.0,1e-11,1e-22,IdealGasReactor,off,0.6293481285854882,0.0,0.0,0.27490388452307296,0.045273165083119134,0.015088207347208641,1.1911116313137516e-11,0.035386614449200215,0.0,0.00264812111644052,3.028543583036205e-11,0.611421279811495,5.090004482041647e-09,1.8372139706734814e-07,1.1934384771797174e-07,1.1329568418314138e-05,0.38534501184899544,3.928172242970104e-05,2.9070677768804467e-05,0.00042400743698502673,4.51344262943784e-06,1.8908686338103726e-13,2.0168880113017905e-09,7.707417222580526e-05,0.0,0.0,0.0,0.0,0.0,0.0,0.0,0.0,0.0,0.0,0.0,0.0,-2.1336165856234923e-07,4.2672331683746646e-07,1.422411056050778e-07,1.2934458945004095e-16,-2.84482211323766e-07,0.0,7.153918613266868e-15,1.7159781135128e-23,9.177189609841472e-18,-7.94203669633546e-21,1.5794416903170045e-16,-2.8089730113320735e-19,2.782900278424402e-19,7.295787963906325e-15,-2.033049800580695e-23,-6.508137382930795e-18,4.7907753500109606e-21,1.1764317768094013e-21,4.298813937314536e-21,6.654909263133038e-22,-7.305019707316609e-15,2.8186748433092984e-07,2.1336165856234923e-07,3.8934166754285085e-07,-4.267220980431834e-07,-3.6629129542795256e-07,1.0798788912143715e-10,1.1670282106798281e-07,5.3787933578125973e-08,6.021544614833547e-08,5.3787933578125973e-08,1.4217693433014564e-07,1.4217693433014564e-07,-1.2934458945004095e-16,2.8435386973652705e-07,-1.210919683998594e-16,2.2494731133878733e-19,-1.1092526880427112e-15,2.843538612351537e-07,9.660541181187756e-14,3.856152162682391e-12,5.368436774245865e-11,-1.2346893705715618e-11,-7.955308280782489e-20,2.841937727201546e-07,3.856152162682391e-12,5.368436774245865e-11,-1.3676551885726806e-07,1.6009582001883393e-10,-1.4208100978505633e-07,-5.475586747809717e-09,-5.475586748088007e-09,-1.5395645372131296e-16,2.6161574705827482e-09,8.264158921439509e-21,-1.218794283039013e-12,2.6147269928361816e-09,1.4082449510251233e-12,4.2274215696421195e-13,8.181309707089528e-13,2.0695108445401532e-21,1.5395711921223928e-16
7.4609999999999985,548,101325.0,2.771e-08,0.066,0.29999999999999993,0.6339999999999998,0.22000000000000003,548.0,1e-11,1e-22,IdealGasReactor,off,0.6293438592727256,0.0,0.0,0.27488166853748675,0.04531356020009405,0.015101672405511973,1.1923377409535218e-11,0.03535923957225808,0.0,0.0026472206673220826,3.025887925131581e-11,0.6115718472439815,5.088613222315504e-09,1.8382253966959727e-07,1.1932083722885102e-07,1.1331236749595775e-05,0.3851958828876807,3.925880443997273e-05,2.9038304666107784e-05,0.0004235806978443966,4.511726473783996e-06,1.8890299135256545e-13,2.017289901641722e-09,7.701815111408082e-05,0.0,0.0,0.0,0.0,0.0,0.0,0.0,0.0,0.0,0.0,0.0,0.0,-2.1319937621885313e-07,4.2639875216839177e-07,1.4213291736821995e-07,1.2929436514521507e-16,-2.842658348694644e-07,0.0,-1.3914542670088938e-14,1.2381895095964973e-22,-6.5030278517343465e-18,1.9052040988808794e-21,1.3999326447833608e-16,4.517067889029574e-19,-4.560809199821378e-19,-1.3770336268694043e-14,1.3106122962438386e-20,-2.799077606578002e-18,-6.94724631409825e-21,4.2300207068371876e-21,-6.821581620661572e-22,3.3440896715638997e-22,1.3776864342674641e-14,2.8165490616362124e-07,2.1319937621885313e-07,3.8900375362387345e-07,-4.263975350140073e-07,-3.66018593867326e-07,1.0783749039313391e-10,1.166634689174008e-07,5.3725195609755665e-08,6.016387242675872e-08,5.3725195609755665e-08,1.4206883437075737e-07,1.4206883437075737e-07,-1.2929436514521507e-16,2.8413766981661453e-07,-1.2091110547330656e-16,2.246527125062827e-19,-1.1081766141206002e-15,2.84137682382557e-07,9.653196075110762e-14,3.850024082017269e-12,5.361568464486217e-11,-1.232115150002121e-11,-7.944226995255096e-20,2.8397774996219694e-07,3.850024082017269e-12,5.361568464486217e-11,-1.3665970684690192e-07,1.599186434957033e-10,-1.4197299872471987e-07,-5.473210521318034e-09,-5.473210520861953e-09,-1.5384099254269036e-16,2.6123572858633975e-09,8.253039112364862e-21,-1.217154384494146e-12,2.6109287058431482e-09,1.4061989180204525e-12,4.223519029888044e-13,8.170297487173191e-13,2.0667422253625776e-21,1.5384132695165752e-16
7.469999999999999,548,101324.99999999999,2.771e-08,0.066,0.29999999999999993,0.6339999999999998,0.22000000000000003,548.0,1e-11,1e-22,IdealGasReactor,off,0.6293395932660141,0.0,0.0,0.2748594697554124,0.0453539240360859,0.015115127036805976,1.1935633608074982e-11,0.03533188589374606,0.0,0.0026463201509656763,3.023234332857681e-11,0.611722381801455,5.087221969849582e-09,1.8392343959138957e-07,1.1929772335086917e-07,1.1332896681481025e-05,0.3850467864335532,3.923589123323546e-05,2.9005963537883904e-05,0.0004231543407937866,4.510010460787654e-06,1.8871928302557253e-13,2.017691793963687e-09,7.696215482105085e-05,0.0,0.0,0.0,0.0,0.0,0.0,0.0,0.0,0.0,0.0,0.0,0.0,-2.1303716911579426e-07,4.260743381022331e-07,1.4202477930303196e-07,1.292441519415009e-16,-2.84049558734841e-07,0.0,2.0134219407903076e-16,4.231192652997705e-24,4.1064592303832856e-19,1.6889183333933478e-22,1.1344947537287285e-19,3.0704944337968387e-21,-1.826414792517085e-21,2.009882691375183e-16,5.868988819679906e-23,-5.687260106769168e-20,1.924711556607731e-22,9.383330073648408e-24,-8.0394733311491e-23,8.305653928302014e-24,-2.0140125283606249e-16,2.814424235303534e-07,2.1303716911579426e-07,3.886660344337624e-07,-4.260731225858255e-07,-3.657460158393995e-07,1.0768727799028784e-10,1.166240911672964e-07,5.3662507324300395e-08,6.011232530933122e-08,5.3662507324300395e-08,1.4196078445963093e-07,1.4196078445963093e-07,-1.292441519415009e-16,2.8392156999322103e-07,-1.2073048907417125e-16,2.2435845953286776e-19,-1.1071012692349043e-15,2.839215685890295e-07,9.645854369686977e-14,3.843904467803632e-12,5.3547079492694667e-11,-1.229545928926071e-11,-7.93315973699727e-20,2.837618271784481e-07,3.843904467803632e-12,5.3547079492694667e-11,-1.3655394449563148e-07,1.5974161198266939e-10,-1.4186503769105054e-07,-5.470834807400477e-09,-5.470834807398651e-09,-1.5372557768618206e-16,2.60856188892266e-09,8.241932333888135e-21,-1.2155164075593284e-12,2.6071352044876015e-09,1.4041554634367357e-12,4.2196185735303844e-13,8.159298024245987e-13,2.063976774364656e-21,1.53725585991836e-16
7.478999999999999,548,101324.99999999999,2.771e-08,0.066,0.29999999999999993,0.6339999999999998,0.22000000000000003,548.0,1e-11,1e-22,IdealGasReactor,off,0.6293353305637115,0.0,0.0,0.274837288168308,0.04539425660662598,0.015128571246267776,1.1947884910078199e-11,0.03530455340313885,0.0,0.0026454195680994164,3.0205828057049187e-11,0.611872883460629,5.085830725574245e-09,1.8402409706305892e-07,1.1927450629765246e-07,1.1334548222705029e-05,0.3848977225093093,3.9212982823244985e-05,2.8973654367396313e-05,0.00042272836566768725,4.508294591242405e-06,1.885357383175604e-13,2.0180936880388918e-09,7.69061833680585e-05,0.0,0.0,0.0,0.0,0.0,0.0,0.0,0.0,0.0,0.0,0.0,0.0,-2.1287503733826801e-07,4.257500745104569e-07,1.4191669144921403e-07,1.2919394984640976e-16,-2.838333830315972e-07,0.0,3.0972454812765832e-15,2.5562091703000514e-22,-3.895296823064487e-18,-6.305924668561531e-21,3.687055010059164e-17,-5.254251250936832e-20,5.655102975780029e-20,3.1380515548996327e-15,-5.190282128857451e-21,5.09400804956618e-20,1.9972744410361682e-21,2.928296916620145e-21,-1.6252567697412588e-21,-1.605520631243793e-22,-3.1341332036983903e-15,2.8123003654632276e-07,2.1287503733826801e-07,3.8832851011892976e-07,-4.257488606301059e-07,-3.654735614885444e-07,1.0753725176993476e-10,1.1658468787559701e-07,5.35998687364693e-08,6.006080482195993e-08,5.35998687364693e-08,1.418527846535464e-07,1.418527846535464e-07,-1.2919394984640976e-16,2.837055703799144e-07,-1.2055011894966073e-16,2.24064552160454e-19,-1.1060266535186547e-15,2.837055660398491e-07,9.638516068774448e-14,3.8377933123914675e-12,5.3478552234934335e-11,-1.2269816991076848e-11,-7.922106493034644e-20,2.8354600444849995e-07,3.8377933123914675e-12,5.3478552234934335e-11,-1.3644823184274476e-07,1.5956472548233907e-10,-1.4175712672373568e-07,-5.468459606469256e-09,-5.468459606525807e-09,-1.5361005695055536e-16,2.6047712762636394e-09,8.230838577457782e-21,-1.2138803509735133e-12,2.6033464852744172e-09,1.402114585389901e-12,4.2157202028720773e-13,8.148311310471195e-13,2.0612144897053357e-21,1.5360989639849223e-16
7.487999999999999,548,101324.99999999999,2.771e-08,0.066,0.29999999999999993,0.6339999999999998,0.22000000000000003,548.0,1e-11,1e-22,IdealGasReactor,off,0.6293310711641753,0.0,0.0,0.274815123767626,0.045434557927256404,0.015142005039078069,1.1960131316867536e-11,0.03527724208990395,0.0,0.0026445189192607853,3.017933342943714e-11,0.6120233521546334,5.0844394900552415e-09,1.841245123020222e-07,1.1925118627479988e-07,1.133619138206488e-05,0.3847486911814499,3.9190079220931263e-05,2.8941377135800297e-05,0.00042230277226988524,4.506578866047416e-06,1.8835235714425363e-13,2.018495583869541e-09,7.685023677962236e-05,0.0,0.0,0.0,0.0,0.0,0.0,0.0,0.0,0.0,0.0,0.0,0.0,-2.1271298094053505e-07,4.254259616693165e-07,1.4180865385303262e-07,1.2914375888218804e-16,-2.836173078569614e-07,0.0,5.667152337092077e-15,-2.0479128799525176e-22,6.066142103789702e-19,1.632221756120169e-21,8.260027073607522e-17,9.650881642778684e-20,-9.41728583779371e-20,5.77160756664475e-15,-1.0060925997829213e-21,2.2350868994812036e-17,-2.27231956777474e-21,-1.3342940268363182e-21,1.0358922942132705e-21,3.2413301616866928e-24,-5.772207122093678e-15,2.810177453126312e-07,2.1271298094053505e-07,3.8799118076960833e-07,-4.254247494231032e-07,-3.6520123090639797e-07,1.0738741157357099e-10,1.1654525908357576e-07,5.3537279853169097e-08,6.000931098187422e-08,5.3537279853169097e-08,1.4174483498881354e-07,1.4174483498881354e-07,-1.2914375888218804e-16,2.8348967104930783e-07,-1.203699948538057e-16,2.2377099011149034e-19,-1.1049527671503526e-15,2.834896640768747e-07,9.631181174840312e-14,3.8316906075766115e-12,5.341010281283121e-11,-1.224422452135569e-11,-7.9110672507251e-20,2.833302818650743e-07,3.8316906075766115e-12,5.341010281283121e-11,-1.3634256893346174e-07,1.5938798400750308e-10,-1.4164926586902744e-07,-5.466084919570875e-09,-5.466084919476702e-09,-1.5349425497352038e-16,2.6009854440126425e-09,8.219757833327813e-21,-1.2122462132996882e-12,2.599562544330205e-09,1.40007628179213e-12,4.211823919604043e-13,8.137337336828249e-13,2.058455369239514e-21,1.5349425821485055e-16
7.496999999999999,548,101324.99999999997,2.771e-08,0.066,0.29999999999999993,0.6339999999999998,0.22000000000000003,548.0,1e-11,1e-22,IdealGasReactor,off,0.629326815065762,0.0,0.0,0.27479297654481305,0.045474828013529804,0.015155428420421103,1.197237282976694e-11,0.03524995194350168,0.0,0.002643618205131519,3.015285944008557e-11,0.612173787849828,5.083048264135016e-09,1.8422468553583253e-07,1.1922776349386688e-07,1.1337826168314987e-05,0.38459969248308035,3.9167180439352065e-05,2.8909131825819057e-05,0.00042187756042706513,4.50486328602035e-06,1.8816913942257903e-13,2.0188974812823004e-09,7.679431507773788e-05,0.0,0.0,0.0,0.0,0.0,0.0,0.0,0.0,0.0,0.0,0.0,0.0,-2.1255099999992772e-07,4.251019998238945e-07,1.4170066655552072e-07,1.2909357905984809e-16,-2.8340133324377087e-07,0.0,3.713773819001715e-15,-1.9394882301052957e-21,-6.986734850626882e-18,6.6373795203951234e-21,4.6841345499636436e-17,-2.1459050323095665e-19,2.2472346573473124e-19,3.764048385905559e-15,-3.264704920468541e-21,-3.3849027311685615e-18,-3.975505855550948e-21,1.929683122115502e-21,1.6030756172898755e-21,1.8210854679884779e-22,-3.7570442640540635e-15,2.8080554986570794e-07,2.1255099999992772e-07,3.876540465178899e-07,-4.251007892099013e-07,-3.649290242241203e-07,1.0723775725436997e-10,1.165058048452139e-07,5.3474740687050536e-08,5.99578438127894e-08,5.3474740687050536e-08,1.416369355170711e-07,1.416369355170711e-07,-1.2909357905984809e-16,2.832738721046851e-07,-1.2019011653550157e-16,2.2347777312300196e-19,-1.1038796102717387e-15,2.8327386714099845e-07,9.623849691393278e-14,3.825596345572681e-12,5.334173117343662e-11,-1.2218681797485454e-11,-7.900041997172974e-20,2.8311465951048003e-07,3.825596345572681e-12,5.334173117343662e-11,-1.3623695580825406e-07,1.5921138756267748e-10,-1.415414551679682e-07,-5.4637107472666675e-09,-5.463710747491391e-09,-1.5337848939243236e-16,2.597204388576979e-09,8.208690092644692e-21,-1.2106139932324357e-12,2.595783378062941e-09,1.398040550707415e-12,4.2079297258716496e-13,8.126376095178283e-13,2.0556994110482174e-21,1.5337867150097916e-16
7.5059999999999985,548,101325.0,2.771e-08,0.066,0.29999999999999993,0.6339999999999998,0.22000000000000003,548.0,1e-11,1e-22,IdealGasReactor,off,0.629322562266826,0.0,0.0,0.2747708464913102,0.04551506688100807,0.01516884139548477,1.1984609450101926e-11,0.03522268295338602,0.0,0.0026427174261785895,3.0126406080858155e-11,0.612324190463408,5.081657048244259e-09,1.8432461697711557e-07,1.1920423815736998e-07,1.1339452590280574e-05,0.3844507264967195,3.9144286488376855e-05,2.8876918417801628e-05,0.00042145272993130014,4.503147852098066e-06,1.8798608506744198e-13,2.019299380364985e-09,7.673841828798767e-05,0.0,0.0,0.0,0.0,0.0,0.0,0.0,0.0,0.0,0.0,0.0,0.0,-2.1238909455910102e-07,4.2477818899462665e-07,1.4159272960517538e-07,1.2904341040702274e-16,-2.8318545932613667e-07,0.0,-3.3158821947221247e-17,1.4613776214625554e-23,1.3183349700496175e-17,-1.785587462106487e-22,-5.4011585277262495e-18,-1.1699642583950023e-20,1.1555713157365797e-20,-5.1896014612376473e-17,8.146424951907684e-22,-1.731216239873105e-20,9.241424472871969e-21,-1.0934293722185335e-23,7.620810400267792e-23,-1.1036192956072609e-23,3.8645959230478695e-17,2.805934503436803e-07,2.1238909455910102e-07,3.873171074326559e-07,-4.247769800109374e-07,-3.6465694151350383e-07,1.070882886480175e-10,1.164663251957048e-07,5.3412251241985434e-08,5.99064033286428e-08,5.3412251241985434e-08,1.415290862669051e-07,1.415290862669051e-07,-1.2904341040702274e-16,2.830581736032183e-07,-1.200104837512928e-16,2.231849009100894e-19,-1.1028071830757582e-15,2.8305817245666276e-07,9.616521620375681e-14,3.81951051796963e-12,5.3273437255099574e-11,-1.2193188734866376e-11,-7.88903071985466e-20,2.828991374818529e-07,3.81951051796963e-12,5.3273437255099574e-11,-1.3613139251433925e-07,1.5903493616387934e-10,-1.4143369466901137e-07,-5.461337090836146e-09,-5.4613370908477015e-09,-1.5326314732781797e-16,2.5934281059339567e-09,8.197635345211833e-21,-1.2089836892681826e-12,2.592008982456359e-09,1.3960073899708369e-12,4.204037623131709e-13,8.115427576051511e-13,2.0529466128708067e-21,1.53263136291625e-16
7.514999999999999,548,101325.0,2.771e-08,0.066,0.29999999999999993,0.6339999999999998,0.22000000000000003,548.0,1e-11,1e-22,IdealGasReactor,off,0.6293183127657227,0.0,0.0,0.2747487335985514,0.0455552745452682,0.01518224396946006,1.1996841179198236e-11,0.03519543510900096,0.0,0.0026418165832337776,3.0099973347782345e-11,0.6124745599965796,5.080265843512794e-09,1.8442430686409487e-07,1.191806104829999e-07,1.1341070656674415e-05,0.38430179322045094,3.912139738325787e-05,2.884473689607014e-05,0.0004210282806327501,4.501432565011963e-06,1.8780319399684795e-13,2.0197012807603596e-09,7.66825464296514e-05,0.0,0.0,0.0,0.0,0.0,0.0,0.0,0.0,0.0,0.0,0.0,0.0,-2.122272647192209e-07,4.244545293095018e-07,1.414848430374276e-07,1.2899325292294532e-16,-2.829696862064656e-07,0.0,-3.258343039819987e-16,6.866893018734432e-23,-2.4302496244978225e-18,1.8029967062613658e-23,-6.596269076742864e-20,1.495542547495874e-20,-1.4831348383075786e-20,-3.232556982897208e-16,8.945521106492885e-23,1.755133504894351e-19,-1.9310115386363454e-21,1.0158811897916871e-22,1.6082661935851617e-22,-7.015182972854609e-24,3.256985625061054e-16,2.80381446852258e-07,2.122272647192209e-07,3.8698036368900586e-07,-4.2445332195420156e-07,-3.6438498294644693e-07,1.0693900561968813e-10,1.1642682020229231e-07,5.334981153646854e-08,5.985498955981621e-08,5.334981153646854e-08,1.4142128730577856e-07,1.4142128730577856e-07,-1.2899325292294532e-16,2.8284257567982974e-07,-1.1983109624466643e-16,2.228923732246828e-19,-1.1017354856639715e-15,2.828425748058194e-07,9.609196966371437e-14,3.813433117411319e-12,5.320522101084265e-11,-1.2167745252530307e-11,-7.878033405605426e-20,2.826837158503142e-07,3.813433117411319e-12,5.320522101084265e-11,-1.3602587908709464e-07,1.5885862980665088e-10,-1.4132598440762108e-07,-5.458963950332959e-09,-5.458963950318127e-09,-1.5314765967941576e-16,2.5896565927852034e-09,8.186593583091872e-21,-1.2073553002365661e-12,2.5882393542075695e-09,1.3939767978019285e-12,4.200147613995688e-13,8.104491772214036e-13,2.0501969730200197e-21,1.531476526642328e-16
7.523999999999999,548,101324.99999999999,2.771e-08,0.066,0.29999999999999993,0.6339999999999998,0.22000000000000003,548.0,1e-11,1e-22,IdealGasReactor,off,0.6293140665608041,0.0,0.0,0.2747266378579655,0.045595451021893954,0.015195636147541802,1.20090680183837e-11,0.035168208399785614,0.0,0.00264091567675978,3.007356123264508e-11,0.6126248963658498,5.078874650363857e-09,1.8452375540940867e-07,1.1915688067294612e-07,1.1342680376327215e-05,0.38415289273748804,3.9098513133788475e-05,2.8812587240897502e-05,0.0004206042123224321,4.499717425699292e-06,1.876204661254914e-13,2.020103182560869e-09,7.662669952824179e-05,0.0,0.0,0.0,0.0,0.0,0.0,0.0,0.0,0.0,0.0,0.0,0.0,-2.1206551052197946e-07,4.2413102092003567e-07,1.4137700690061933e-07,1.2894310663548212e-16,-2.827540139433408e-07,0.0,-2.218939298405517e-16,9.086465549832848e-23,-1.3056968032366936e-17,-5.779496438420078e-22,-5.08622109002526e-18,4.2881042954748955e-21,-4.213658040345123e-21,-2.1375049470146415e-16,-7.170186736284866e-22,4.482972841078491e-20,-9.162166292438093e-21,7.757403182098863e-23,1.627792984422119e-22,-2.086132033956268e-23,2.268742876578488e-16,2.8016953945405373e-07,2.1206551052197946e-07,3.866438153538958e-07,-4.2412981519121106e-07,-3.641131485931668e-07,1.0678990800465099e-10,1.163872898999186e-07,5.3287421574022315e-08,5.980360251996507e-08,5.3287421574022315e-08,1.4131353866165397e-07,1.4131353866165397e-07,-1.2894310663548212e-16,2.8262707839044606e-07,-1.1965195377233837e-16,2.2260018978129144e-19,-1.1006645182275917e-15,2.826270774081152e-07,9.601875731280518e-14,3.80736413547439e-12,5.313708237879761e-11,-1.2142351266036376e-11,-7.867050041905816e-20,2.8246839471273435e-07,3.80736413547439e-12,5.313708237879761e-11,-1.3592041557357404e-07,1.5868246850657507e-10,-1.4121832443211282e-07,-5.456591327045295e-09,-5.456591327041081e-09,-1.5303224151418502e-16,2.5858898450979155e-09,8.175564796050354e-21,-1.2057288246284857e-12,2.5844744892871083e-09,1.3919487720289185e-12,4.196259699897316e-13,8.093568674155324e-13,2.0474504892243713e-21,1.5303222065286468e-16
7.532999999999999,548,101324.99999999996,2.771e-08,0.066,0.29999999999999993,0.6339999999999998,0.22000000000000003,548.0,1e-11,1e-22,IdealGasReactor,off,0.6293098236504219,0.0,0.0,0.2747045592609773,0.045635596326477644,0.015209017934928555,1.202128996898792e-11,0.03514100281517339,0.0,0.002640014707288439,3.0047169728012e-11,0.6127751995036967,5.077483469352948e-09,1.8462296283046572e-07,1.1913304893221873e-07,1.1344281758050971e-05,0.38400402511499204,3.907563375077762e-05,2.878046943330053e-05,0.0004201805248022594,4.498002435058062e-06,1.8743790136859764e-13,2.0205050857748606e-09,7.65708776080321e-05,0.0,0.0,0.0,0.0,0.0,0.0,0.0,0.0,0.0,0.0,0.0,0.0,-2.1190383202006856e-07,4.238076636708607e-07,1.4126922124052988e-07,1.288929715670998e-16,-2.825384425854509e-07,0.0,3.128908777219921e-15,-2.1443284761173515e-21,2.4004127969081387e-18,2.1998010451099664e-20,2.4039774424922306e-16,-2.9619683374298815e-20,2.489151899294571e-20,3.3447651877341613e-15,-2.3659993877335043e-21,-2.2061008196338194e-17,5.7088996847373095e-21,2.0781620420687706e-21,-1.929751879503172e-21,7.3198936566822e-23,-3.347200053863655e-15,2.7995772820165127e-07,2.1190383202006856e-07,3.863074625141684e-07,-4.238064595665997e-07,-3.638414385426978e-07,1.0664099564375239e-10,1.1634773432964219e-07,5.32250813608778e-08,5.975224222582568e-08,5.32250813608778e-08,1.4120584036980212e-07,1.4120584036980212e-07,-1.288929715670998e-16,2.824116818056109e-07,-1.1947305608856892e-16,2.2230835030136765e-19,-1.0995942809395215e-15,2.8241167726594796e-07,9.594557917499467e-14,3.801303563935977e-12,5.306902129986599e-11,-1.2117006691718361e-11,-7.85608061611446e-20,2.822531741608729e-07,3.801303563935977e-12,5.306902129986599e-11,-1.3581500201850143e-07,1.5850645227511833e-10,-1.4111071478825002e-07,-5.454219222028439e-09,-5.454219222053331e-09,-1.5291676710067261e-16,2.5821278589775945e-09,8.164548974278287e-21,-1.2041042609974494e-12,2.580714383799648e-09,1.3899233105523365e-12,4.1923738824858245e-13,8.082658272784772e-13,2.0447071593199005e-21,1.5291684029960918e-16
7.541999999999999,548,101325.00000000003,2.771e-08,0.066,0.29999999999999993,0.6339999999999998,0.22000000000000003,548.0,1e-11,1e-22,IdealGasReactor,off,0.629305584032927,0.0,0.0,0.27468249779900356,0.04567571047462646,0.015222389336821884,1.2033507032340679e-11,0.03511381834458771,0.0,0.002639113675599795,3.002079882926883e-11,0.6129254693999425,5.076092301511787e-09,1.8472192936264433e-07,1.1910911547614532e-07,1.1345874810583339e-05,0.3838551903624932,3.905275924867937e-05,2.874838345697521e-05,0.000419757217913385,4.496287593845412e-06,1.8725549964340148e-13,2.0209069901066346e-09,7.651508068896e-05,0.0,0.0,0.0,0.0,0.0,0.0,0.0,0.0,0.0,0.0,0.0,0.0,-2.117422293058905e-07,4.2348445848273435e-07,1.4116148609398743e-07,1.2884284772088174e-16,-2.823229723219376e-07,0.0,-7.692993771085686e-17,6.532045683326805e-23,-5.099626991688347e-18,-1.259650598196196e-22,1.777181002457929e-19,1.2202568396382264e-20,-1.2109924167776325e-20,-7.159392792817529e-17,-2.7108143516686005e-22,-2.2605000332773774e-21,-3.548267473064093e-21,-1.783608195817466e-24,-1.3481264136918469e-22,6.1265605235399555e-25,7.671989789006708e-17,2.7974601328760495e-07,2.117422293058905e-07,3.8597130532854833e-07,-4.234832560011262e-07,-3.6356985295195085e-07,1.0649226839778188e-10,1.1630815355431785e-07,5.316279091312712e-08,5.970090870527534e-08,5.316279091312712e-08,1.410981924918426e-07,1.410981924918426e-07,-1.2884284772088174e-16,2.8219638604855737e-07,-1.1929440293867656e-16,2.220168545312365e-19,-1.098524773909433e-15,2.821963849264364e-07,9.587243529215165e-14,3.795251395284827e-12,5.300103772488185e-11,-1.209171144839152e-11,-7.845125115149489e-20,2.8203805426860684e-07,3.795251395284827e-12,5.300103772488185e-11,-1.357096384584849e-07,1.5833058110965861e-10,-1.4100315551287786e-07,-5.451847635502512e-09,-5.451847635490402e-09,-1.5280151106284192e-16,2.5783706310038947e-09,8.153546109493615e-21,-1.202481608122608e-12,2.5769590343326788e-09,1.387900411532365e-12,4.188490164191727e-13,8.07176056052316e-13,2.0419669815302703e-21,1.5280151167549798e-16
7.550999999999998,548,101324.99999999999,2.771e-08,0.066,0.29999999999999993,0.6339999999999998,0.22000000000000003,548.0,1e-11,1e-22,IdealGasReactor,off,0.6293013477066689,0.0,0.0,0.27466045346345636,0.04571579348195501,0.015235750358427155,1.2045719209773716e-11,0.03508665497744682,0.0,0.002638212582167485,2.999444852828437e-11,0.6130757059739635,5.0747011472843774e-09,1.8482065521930414e-07,1.1908508050715712e-07,1.1347459542759377e-05,0.38370638856032196,3.902988963742938e-05,2.871632929227249e-05,0.0004193342914480509,4.49457290299014e-06,1.870732608644377e-13,2.0213088956350746e-09,7.645930879615391e-05,0.0,0.0,0.0,0.0,0.0,0.0,0.0,0.0,0.0,0.0,0.0,0.0,-2.1158070242251335e-07,4.231614046829618e-07,1.4105380150855435e-07,1.287927351237237e-16,-2.821076031424444e-07,0.0,6.673207842125218e-16,3.0047632081361886e-22,1.7308584180425967e-18,-1.1670842575232348e-21,3.328183032175278e-17,4.685150989500349e-20,-4.67175066357699e-20,6.971825055971373e-16,-5.057304716966784e-22,-1.7179241437474326e-18,1.3224035074792602e-21,-4.9783348178621125e-22,1.4766789824423847e-22,6.581738075438811e-23,-6.989223493728046e-16,2.7953439470557217e-07,2.1158070242251335e-07,3.8563534386620014e-07,-4.2316020382209734e-07,-3.6329839189353767e-07,1.0634372610279784e-10,1.1626854761002069e-07,5.3100550234479666e-08,5.96496019723242e-08,5.3100550234479666e-08,1.4099059505666289e-07,1.4099059505666289e-07,-1.287927351237237e-16,2.8198119117706596e-07,-1.191159940790215e-16,2.217257021862887e-19,-1.0974559973218058e-15,2.819811892873503e-07,9.579932568390424e-14,3.789207621129255e-12,5.293313159235321e-11,-1.2066465452027507e-11,-7.834183526468136e-20,2.818230351312484e-07,3.789207621129255e-12,5.293313159235321e-11,-1.3560432493984074e-07,1.5815485502421838e-10,-1.4089564665353026e-07,-5.449476568713607e-09,-5.449476568666889e-09,-1.5268616899822753e-16,2.574618157167783e-09,8.142556191515135e-21,-1.200860864502354e-12,2.5732084368722098e-09,1.3858800728058035e-12,4.1846085464699436e-13,8.060875527908232e-13,2.0392299535957765e-21,1.5268623481560828e-16
7.559999999999999,548,101325.0,2.771e-08,0.066,0.29999999999999993,0.6339999999999998,0.22000000000000003,548.0,1e-11,1e-22,IdealGasReactor,off,0.6292971146699963,0.0,0.0,0.2746384262457417,0.04575584536409037,0.015249101004952949,1.2057926502619549e-11,0.03505951270316065,0.0,0.0026373114276930514,2.996811881951573e-11,0.6132259091978232,5.073310007552163e-09,1.8491914063040472e-07,1.1906094423715596e-07,1.1349035963346266e-05,0.38355761973585867,3.900702493030853e-05,2.868430692200065e-05,0.0004189117452344949,4.492858363291463e-06,1.8689118494807675e-13,2.021710802159595e-09,7.64035619507518e-05,0.0,0.0,0.0,0.0,0.0,0.0,0.0,0.0,0.0,0.0,0.0,0.0,-2.114192514494441e-07,4.2283850277537064e-07,1.4094616752355315e-07,1.2874263378471221e-16,-2.818923351801179e-07,0.0,3.1810101311475575e-16,-2.8517930992596814e-23,-4.214961718034545e-18,5.40579585949234e-23,-5.246310317056323e-18,-1.860825505999291e-20,1.8442818937482305e-20,3.17126379286209e-16,-5.077571247819509e-22,3.6315609256771314e-20,-2.770544324569941e-21,1.0083848654904253e-22,-2.3706167235348254e-23,-2.4404977991908864e-24,-3.1289024716221114e-16,2.793228725922708e-07,2.114192514494441e-07,3.8529957826222625e-07,-4.228373035333418e-07,-3.630270555023491e-07,1.0619536861315344e-10,1.1622891655284037e-07,5.303835933768383e-08,5.9598322051203895e-08,5.303835933768383e-08,1.4088304811732573e-07,1.4088304811732573e-07,-1.2874263378471221e-16,2.81766097297261e-07,-1.1893782925775615e-16,2.2143489300472817e-19,-1.096387951302895e-15,2.817660957887824e-07,9.572625038630711e-14,3.783172233730209e-12,5.2865302849899965e-11,-1.204126862088139e-11,-7.823255837122974e-20,2.816081168276528e-07,3.783172233730209e-12,5.2865302849899965e-11,-1.3549906150141282e-07,1.5797927401984938e-10,-1.4078818824953315e-07,-5.447106022140333e-09,-5.4471060221587754e-09,-1.5257101222207035e-16,2.570870433895468e-09,8.131579211562056e-21,-1.1992420288421094e-12,2.569462587847084e-09,1.3838622924475506e-12,4.1807290314919373e-13,8.050003166863727e-13,2.036496073612165e-21,1.5257100978157255e-16
7.568999999999999,548,101324.99999999996,2.771e-08,0.066,0.29999999999999993,0.6339999999999998,0.22000000000000003,548.0,1e-11,1e-22,IdealGasReactor,off,0.6292928849212566,0.0,0.0,0.27461641613726057,0.04579586613666809,0.015262441281611519,1.2070128912212395e-11,0.03503239151113335,0.0,0.0026364102127029504,2.994180969540572e-11,0.6133760790033612,5.07191888286111e-09,1.850173858135335e-07,1.1903670687063348e-07,1.1350604081167273e-05,0.3834088839569113,3.898416513801069e-05,2.865231632704961e-05,0.0004184895790729309,4.491143975646573e-06,1.8670927180910937e-13,2.0221127096940015e-09,7.63478401768328e-05,0.0,0.0,0.0,0.0,0.0,0.0,0.0,0.0,0.0,0.0,0.0,0.0,-2.112578764379688e-07,4.2251575274998467e-07,1.4083858418438209e-07,1.2869254372653192e-16,-2.8167716849891433e-07,0.0,-1.0308116683265519e-15,-4.588547359950989e-22,-7.046232451493805e-19,4.2689606785370865e-21,-2.7435397161566788e-18,2.1202293460959205e-20,-2.0219602893246208e-20,-1.0320712121093833e-15,-6.805108977542293e-22,7.535457157832124e-19,3.738767511447321e-22,-1.8776741411012305e-21,-2.71369571974281e-21,1.7564486910660767e-23,1.032778192599735e-15,2.79111447015572e-07,2.112578764379688e-07,3.849640086004266e-07,-4.22514555124885e-07,-3.6275584386505686e-07,1.0604719576907915e-10,1.1618926042358457e-07,5.2976218228377904e-08,5.954706895821003e-08,5.2976218228377904e-08,1.407755517081646e-07,1.407755517081646e-07,-1.2869254372653192e-16,2.8155110447781156e-07,-1.1875990822933242e-16,2.2114442670708454e-19,-1.0953206360210825e-15,2.8155110431971053e-07,9.565320942268876e-14,3.777145224846113e-12,5.2797551438102294e-11,-1.2016120871630173e-11,-7.812342034473636e-20,2.8139329944882535e-07,3.777145224846113e-12,5.2797551438102294e-11,-1.3539384818753522e-07,1.5780383810698826e-10,-1.4068078034627608e-07,-5.444735996846866e-09,-5.444735996826646e-09,-1.5245581904996621e-16,2.567127457270111e-09,8.120615159767518e-21,-1.197625099686911e-12,2.5657214833423317e-09,1.3818470683475059e-12,4.176851620870036e-13,8.039143468236087e-13,2.033765339398598e-21,1.5245583661445312e-16
7.5779999999999985,548,101324.99999999997,2.771e-08,0.066,0.29999999999999993,0.6339999999999998,0.22000000000000003,548.0,1e-11,1e-22,IdealGasReactor,off,0.6292886584587957,0.0,0.0,0.27459442312940724,0.04583585581533532,0.015275771193618382,1.208232643988737e-11,0.03500529139076115,0.0,0.00263550893783169,2.9915521149615865e-11,0.6135262153474679,5.0705277739644054e-09,1.851153909940636e-07,1.1901236861653759e-07,1.1352163905015332e-05,0.3832601812661109,3.896131027281262e-05,2.862035748946695e-05,0.0004180677927805401,4.489429740890663e-06,1.865275213631462e-13,2.022514618119302e-09,7.629214349654999e-05,0.0,0.0,0.0,0.0,0.0,0.0,0.0,0.0,0.0,0.0,0.0,0.0,-2.1109657745656206e-07,4.221931548086268e-07,1.4073105153246158e-07,1.286424649633982e-16,-2.814621031897236e-07,0.0,1.6641452996192215e-14,6.803707523698131e-22,3.935359586236162e-18,-2.66648244313496e-20,-2.4125986497085033e-17,5.91281936742705e-19,-5.842227773951775e-19,1.6614043335101047e-14,-3.0630712148133856e-21,6.221040785986435e-20,6.020193941947422e-21,5.8272547708887994e-21,8.59467894202349e-21,-5.722545234916425e-22,-1.661797858270707e-14,2.789001180700723e-07,2.1109657745656206e-07,3.846286349956541e-07,-4.221919587985511e-07,-3.624847570977201e-07,1.0589920741944471e-10,1.1614957927257683e-07,5.291412691643553e-08,5.949584271445294e-08,5.291412691643553e-08,1.4066810587491816e-07,1.4066810587491816e-07,-1.286424649633982e-16,2.813362128101784e-07,-1.185822307443306e-16,2.208543030246327e-19,-1.094254051616455e-15,2.8133619500714246e-07,9.55802028241274e-14,3.771126586544221e-12,5.272987730183993e-11,-1.1991022122084083e-11,-7.801442105687619e-20,2.811785830778313e-07,3.771126586544221e-12,5.272987730183993e-11,-1.3528868503892904e-07,1.5762854728975503e-10,-1.4057342298517888e-07,-5.4423664935325505e-09,-5.442366492948328e-09,-1.5234128762235212e-16,2.5633892235821313e-09,8.109664026924935e-21,-1.1960100756792576e-12,2.5619851196513388e-09,1.3798343985077324e-12,4.172976316553511e-13,8.028296423524348e-13,2.031037748941364e-21,1.5234071536782863e-16
7.586999999999999,548,101324.99999999999,2.771e-08,0.066,0.29999999999999993,0.6339999999999998,0.22000000000000003,548.0,1e-11,1e-22,IdealGasReactor,off,0.6292844352809592,0.0,0.0,0.2745724472135711,0.04587581441574892,0.015289090746192557,1.2094519086981009e-11,0.034978212331433736,0.0,0.002634607603772017,2.9889253176452425e-11,0.6136763182007159,5.069136681726874e-09,1.852131564015203e-07,1.1898792968619412e-07,1.1353715443667962e-05,0.3831115116923393,3.893846034784029e-05,2.8588430391913553e-05,0.0004176463861835221,4.487715659824465e-06,1.863459335261949e-13,2.0229165272439276e-09,7.62364719309581e-05,0.0,0.0,0.0,0.0,0.0,0.0,0.0,0.0,0.0,0.0,0.0,0.0,-2.109353545828833e-07,4.2187070901585993e-07,1.406235696070001e-07,1.2859239750490294e-16,-2.812471393709768e-07,0.0,-1.4858029269095974e-14,1.1611475630464425e-21,-1.5409949211106305e-17,4.444447134119619e-21,2.123310428441558e-17,-1.6731547686232601e-19,1.6370069758546928e-19,-1.4808491275094745e-14,-1.715112804434093e-21,1.2918761669371323e-17,-1.1244403451103716e-20,-3.9955408525725465e-22,-2.6800053370736337e-21,3.4905388705518353e-22,1.4823979755634617e-14,2.7868888587779866e-07,2.109353545828833e-07,3.842934575793259e-07,-4.218695146189044e-07,-3.62213795332106e-07,1.0575140341772534e-10,1.1610987315531437e-07,5.285208541396366e-08,5.944464334360861e-08,5.285208541396366e-08,1.4056071066943538e-07,1.4056071066943538e-07,-1.2859239750490294e-16,2.811214223980961e-07,-1.1840479655122435e-16,2.2056452169437435e-19,-1.093188198212982e-15,2.8112143601877193e-07,9.550723062585282e-14,3.765116311056947e-12,5.266228038828516e-11,-1.1965972290704727e-11,-7.790556037826672e-20,2.809639677932235e-07,3.765116311056947e-12,5.266228038828516e-11,-1.3518357209430215e-07,1.5745340156865035e-10,-1.404661162054278e-07,-5.439997512697931e-09,-5.4399975128616314e-09,-1.5222529704813748e-16,2.559655729236562e-09,8.098725804178426e-21,-1.1943969555133047e-12,2.5582534931781466e-09,1.3778242809898191e-12,4.169103120670579e-13,8.017462024574057e-13,2.028313300315837e-21,1.5222564610202454e-16
7.595999999999999,548,101325.0,2.771e-08,0.066,0.29999999999999993,0.6339999999999998,0.22000000000000003,548.0,1e-11,1e-22,IdealGasReactor,off,0.6292802153860912,0.0,0.0,0.27455048838113566,0.04591574195357614,0.015302399944556455,1.2106706854831035e-11,0.034951154322533796,0.0,0.002633706210951766,2.98630057671926e-11,0.6138263874725454,5.0677456065059305e-09,1.8531068224679938e-07,1.1896339027972017e-07,1.1355258705985483e-05,0.3829628753259197,3.8915615372310186e-05,2.8556535014163295e-05,0.00041722535906585237,4.486001733398706e-06,1.8616450821193384e-13,2.0233184372028462e-09,7.618082550564478e-05,0.0,0.0,0.0,0.0,0.0,0.0,0.0,0.0,0.0,0.0,0.0,0.0,-2.1077420785202442e-07,4.215484151054567e-07,1.4051613845647049e-07,1.2854234138130236e-16,-2.8103227706062445e-07,0.0,4.510338739177688e-15,2.4397623890148294e-22,-8.776881077316263e-18,-4.9391374793557885e-21,4.700145060853526e-16,1.0483356211252052e-18,-1.0430730980681428e-18,5.0005788228818516e-15,3.3368589098908096e-23,1.0314979117947657e-17,-4.012928407152674e-21,2.291419543742598e-21,-5.5681886969518065e-21,-1.4670043639510654e-22,-4.991755892292818e-15,2.7847775046081465e-07,2.1077420785202442e-07,3.839584764055077e-07,-4.2154722231971904e-07,-3.619429586272485e-07,1.0560378359613765e-10,1.160701421041182e-07,5.279009372238281e-08,5.939347085739258e-08,5.279009372238281e-08,1.4045336611528764e-07,1.4045336611528764e-07,-1.2854234138130236e-16,2.809067332886764e-07,-1.1822760540803548e-16,2.2027508242671038e-19,-1.0921230759994147e-15,2.809067271014598e-07,9.54342928438811e-14,3.759114389859703e-12,5.259476063400906e-11,-1.1940971293529032e-11,-7.779683818419525e-20,2.8074945369225705e-07,3.759114389859703e-12,5.259476063400906e-11,-1.3507850940073789e-07,1.5727840095865097e-10,-1.403588600555171e-07,-5.437629055732605e-09,-5.437629054689532e-09,-1.5211077554669074e-16,2.5559269701196817e-09,8.087800481038888e-21,-1.1927857376422173e-12,2.5545265998098126e-09,1.375816713577161e-12,4.1652320345073933e-13,8.006640261610013e-13,2.0255919911808525e-21,1.5211062884625435e-16
7.604999999999999,548,101325.00000000003,2.771e-08,0.066,0.29999999999999993,0.6339999999999998,0.22000000000000003,548.0,1e-11,1e-22,IdealGasReactor,off,0.6292759987725348,0.0,0.0,0.2745285466234789,0.04595563844449455,0.015315698793935876,1.2118889744776395e-11,0.03492411735343698,0.0,0.002632804760055703,2.9836778916029554e-11,0.6139764231319094,5.066354549152315e-09,1.854079687597467e-07,1.1893875060796584e-07,1.135679370075282e-05,0.3828142721973631,3.8892775359211846e-05,2.852467133875892e-05,0.0004168047112520862,4.484287962417086e-06,1.8598324533613648e-13,2.023720347813944e-09,7.612520424167356e-05,0.0,0.0,0.0,0.0,0.0,0.0,0.0,0.0,0.0,0.0,0.0,0.0,-2.106131373400973e-07,4.21226274556647e-07,1.4040875812011408e-07,1.2849229660273543e-16,-2.8081751636780784e-07,0.0,-1.2558588586386312e-17,-1.7253750179161144e-23,9.13800676947605e-19,2.005661695607791e-22,-4.9401608461830965e-18,-7.543887186483612e-21,8.766460131836987e-21,-1.842466066867554e-17,2.775792761322783e-22,2.8473345946826e-21,5.274953586418924e-22,-2.0832026739265156e-22,-7.005816970307959e-23,-4.7416832309059046e-24,1.7506123282441225e-17,2.7826671193187727e-07,2.106131373400973e-07,3.836236916025343e-07,-4.2122508338022623e-07,-3.616722471122478e-07,1.0545634780745503e-10,1.1603038617387605e-07,5.272815185329097e-08,5.9342325279031166e-08,5.272815185329097e-08,1.403460722632866e-07,1.403460722632866e-07,-1.2849229660273543e-16,2.806921455835426e-07,-1.180506570635583e-16,2.1998598495769397e-19,-1.0910586850989593e-15,2.806921444165056e-07,9.536138951273728e-14,3.7531208151610196e-12,5.252731798582788e-11,-1.1916019049142537e-11,-7.76882543454006e-20,2.805350408535394e-07,3.7531208151610196e-12,5.252731798582788e-11,-1.349734969969542e-07,1.5710354546008016e-10,-1.4025165457465523e-07,-5.435261123159872e-09,-5.435261123168638e-09,-1.5199566840137031e-16,2.55220294261241e-09,8.076888048589586e-21,-1.1911764207517918e-12,2.5508044359305566e-09,1.3738116943207002e-12,4.16136306015695e-13,7.995831126415317e-13,2.02287381959515e-21,1.5199566365968708e-16
7.613999999999999,548,101325.00000000003,2.771e-08,0.066,0.29999999999999993,0.6339999999999998,0.22000000000000003,548.0,1e-11,1e-22,IdealGasReactor,off,0.6292717854386319,0.0,0.0,0.274506621931973,0.045995503904191784,0.015328987299559999,1.2131067758157276e-11,0.03489710141351209,0.0,0.002631903251713223,2.9810572616496895e-11,0.6141264251352059,5.064963510409104e-09,1.8550501616512838e-07,1.1891401087935924e-07,1.1358320436774107e-05,0.38266570234980024,3.8869940320713306e-05,2.849283934762482e-05,0.0004163844425577386,4.482574347713304e-06,1.8580214481396594e-13,2.0241222589628698e-09,7.606960816098605e-05,0.0,0.0,0.0,0.0,0.0,0.0,0.0,0.0,0.0,0.0,0.0,0.0,-2.1045214311420172e-07,4.209042859662008e-07,1.403014286389308e-07,1.2844226318358634e-16,-2.8060285739445657e-07,0.0,5.851185807459118e-15,8.109002460450718e-22,6.280144720354527e-18,-7.141872656981159e-21,1.3379594791975e-16,2.514629062161204e-19,-2.541628237354935e-19,5.9733522362041665e-15,-2.3090395914087125e-21,-5.540021219815306e-18,5.1154378839346636e-21,3.7046317708953036e-21,2.008698283692333e-21,-1.7462060091530462e-22,-5.9796624146038484e-15,2.78055770396642e-07,2.1045214311420172e-07,3.832891032823108e-07,-4.2090309639719733e-07,-3.6140166090089623e-07,1.0530909589992625e-10,1.1599060541470089e-07,5.2666259815982946e-08,5.9291206629192767e-08,5.2666259815982946e-08,1.402388291582621e-07,1.402388291582621e-07,-1.2844226318358634e-16,2.804776593723663e-07,-1.1787395126855848e-16,2.1969722901767135e-19,-1.0899950256470433e-15,2.8047765221472787e-07,9.528852066288198e-14,3.747135579010169e-12,5.245995238829386e-11,-1.1891115475697543e-11,-7.757980873355882e-20,2.803207293593143e-07,3.747135579010169e-12,5.245995238829386e-11,-1.3486853492324404e-07,1.569288350759862e-10,-1.401444998038521e-07,-5.432893715686753e-09,-5.43289371543259e-09,-1.518809252155194e-16,2.5484836429871927e-09,8.065988497567745e-21,-1.1895690034755427e-12,2.5470869978145665e-09,1.371809221212123e-12,4.15749619953243e-13,7.98503461042702e-13,2.0201587835285656e-21,1.518807505949185e-16
7.622999999999998,548,101324.99999999999,2.771e-08,0.066,0.29999999999999993,0.6339999999999998,0.22000000000000003,548.0,1e-11,1e-22,IdealGasReactor,off,0.6292675753827238,0.0,0.0,0.274484714297985,0.046035338348365394,0.015342265466661429,1.2143240896315193e-11,0.034870106492121314,0.0,0.002631001686554578,2.9784386862134834e-11,0.614276393439142,5.063572491022741e-09,1.8560182468900346e-07,1.18889171302301e-07,1.1359838922855081e-05,0.38251716582605233,3.8847110268983115e-05,2.8461039022678214e-05,0.00041596455279826935,4.480860890119885e-06,1.8562120656053146e-13,2.024524170533725e-09,7.601403728544086e-05,0.0,0.0,0.0,0.0,0.0,0.0,0.0,0.0,0.0,0.0,0.0,0.0,-2.1029122524142822e-07,4.2058245035445943e-07,1.4019415005377297e-07,1.2839224113813412e-16,-2.8038830023631966e-07,0.0,3.0558805677404154e-16,-3.144987694437213e-23,-3.683940679926041e-19,2.987244344349973e-22,2.8587361969832636e-21,-1.402898318889935e-21,1.5104317985218285e-21,3.059729075171155e-16,-1.4778926619548805e-22,1.1568232544014722e-20,-5.210803670041841e-23,-1.072491362963285e-22,-7.324104063713159e-23,-1.1083732894316751e-23,-3.056027129410805e-16,2.7784492595458446e-07,2.1029122524142822e-07,3.8295471155657186e-07,-4.20581262390975e-07,-3.61131200106912e-07,1.0516202772184732e-10,1.1595079987681397e-07,5.2604417619681816e-08,5.9240114928544545e-08,5.2604417619681816e-08,1.4013163684503186e-07,1.4013163684503186e-07,-1.2839224113813412e-16,2.8026327474478354e-07,-1.176974877737967e-16,2.1940881433702035e-19,-1.088932097777467e-15,2.8026327325569866e-07,9.521568632476751e-14,3.741158673457712e-12,5.239266378598195e-11,-1.1866260491452694e-11,-7.747150122032689e-20,2.801065192914923e-07,3.741158673457712e-12,5.239266378598195e-11,-1.3476362321975876e-07,1.567542698090597e-10,-1.4003739578396401e-07,-5.4305268340142e-09,-5.4305268340157104e-09,-1.5176590078826023e-16,2.544769067518859e-09,8.05510181870874e-21,-1.1879634844477644e-12,2.5433742817352187e-09,1.369809292242699e-12,4.1536314545441793e-13,7.97425070507979e-13,2.017446880950027e-21,1.5176588970452734e-16
7.631999999999999,548,101325.00000000004,2.771e-08,0.066,0.29999999999999993,0.6339999999999998,0.22000000000000003,548.0,1e-11,1e-22,IdealGasReactor,off,0.6292633686031497,0.0,0.0,0.2744628237128759,0.04607514179272302,0.015355533300476098,1.2155409160592848e-11,0.034843132578619866,0.0,0.0026301000651420365,2.9758221645687774e-11,0.6144263279848581,5.062181491608534e-09,1.8569839455198487e-07,1.1886423208225597e-07,1.1361349167824562e-05,0.38236866268458697,3.882428521518372e-05,2.8429270345085817e-05,0.00041554504177819307,4.4791475905069264e-06,1.85440430490266e-13,2.024926082494421e-09,7.595849163800288e-05,0.0,0.0,0.0,0.0,0.0,0.0,0.0,0.0,0.0,0.0,0.0,0.0,-2.1013038377786053e-07,4.2026076704786086e-07,1.4008692240778017e-07,1.2834223048592032e-16,-2.8017384496017254e-07,0.0,-1.1789549026708147e-14,-3.1422517801814704e-22,-7.624820964023952e-18,-1.0513090712158484e-20,3.7948965979256216e-16,-6.529565232146588e-19,6.539342506986965e-19,-1.1394421156784523e-14,4.88741800531199e-21,8.607122401825552e-18,-9.444300817468578e-21,1.7868910688735358e-21,5.542443301892534e-21,1.6827612096866e-22,1.1402079094522341e-14,2.7763417867634034e-07,2.1013038377786053e-07,3.8262051651700153e-07,-4.2025958068799864e-07,-3.608608648252579e-07,1.0501514311603123e-10,1.1591096960454595e-07,5.254262527081515e-08,5.9189050194645714e-08,5.254262527081515e-08,1.400244953611148e-07,1.400244953611148e-07,-1.2834223048592032e-16,2.8004899177582036e-07,-1.1752126633247963e-16,2.1912074063923175e-19,-1.08786990163961e-15,2.8004900198830285e-07,9.514288652388685e-14,3.735190090360809e-12,5.23254521207287e-11,-1.1841454014122688e-11,-7.736333167854486e-20,2.798924107365583e-07,3.735190090360809e-12,5.23254521207287e-11,-1.3465876192870974e-07,1.5657984966544155e-10,-1.399303425581157e-07,-5.42816047907044e-09,-5.428160479724374e-09,-1.5165091275694801e-16,2.541059212343482e-09,8.04422800232619e-21,-1.1863598622398197e-12,2.539666283832197e-09,1.367811905331768e-12,4.149768826883548e-13,7.963479401388876e-13,2.0147381097206052e-21,1.5165108103306898e-16
7.640999999999999,548,101324.99999999999,2.771e-08,0.066,0.29999999999999993,0.6339999999999998,0.22000000000000003,548.0,1e-11,1e-22,IdealGasReactor,off,0.6292591650982489,0.0,0.0,0.27444095016800163,0.0461149142529828,0.015368790806243275,1.2167572552334116e-11,0.034816179662355964,0.0,0.0026291983880112205,2.973207695959464e-11,0.6145762287073807,5.060790512732123e-09,1.8579472597384777e-07,1.1883919342349942e-07,1.1362851180522984e-05,0.38222019299001714,3.8801465170075836e-05,2.8397533295712894e-05,0.0004151259092976318,4.477434449759602e-06,1.8525981651734313e-13,2.0253279948459706e-09,7.590297124204835e-05,0.0,0.0,0.0,0.0,0.0,0.0,0.0,0.0,0.0,0.0,0.0,0.0,-2.0996961877520194e-07,4.199392374162931e-07,1.399797457449452e-07,1.2829223124855385e-16,-2.799594916112702e-07,0.0,1.412715414205e-16,4.67568116641692e-22,3.4168205261719445e-18,-3.696859752559455e-21,5.837221676884604e-18,6.688913305348803e-20,-6.70165188678212e-20,1.4024413181451116e-16,1.6288464089617828e-21,-3.484464687393153e-18,2.3415977616115817e-21,9.204969254066661e-23,1.067927216946663e-21,-2.6928929780693534e-23,-1.4367688805887104e-16,2.7742352861107825e-07,2.0996961877520194e-07,3.822865182471956e-07,-4.199380526581577e-07,-3.6059065514335045e-07,1.048684419231702e-10,1.1587111463992956e-07,5.248088277465836e-08,5.9138012443827775e-08,5.248088277465836e-08,1.3991740474110613e-07,1.3991740474110613e-07,-1.2829223124855385e-16,2.79834810534685e-07,-1.1734528669880492e-16,2.1883300764514374e-19,-1.0868084373882773e-15,2.7983480921367487e-07,9.507012128374647e-14,3.729229821500996e-12,5.2258317333307626e-11,-1.18166959612724e-11,-7.725529998152347e-20,2.7967840378269926e-07,3.729229821500996e-12,5.2258317333307626e-11,-1.3455395109307175e-07,1.5640557465249754e-10,-1.3982334017029257e-07,-5.425794651873433e-09,-5.425794651806417e-09,-1.5153635155083187e-16,2.537354073545573e-09,8.033367038565773e-21,-1.1847581353991919e-12,2.535963000191931e-09,1.3658170583700514e-12,4.1459083181531765e-13,7.952720690202148e-13,2.012032467658435e-21,1.515363246219021e-16
7.649999999999999,548,101325.00000000006,2.771e-08,0.066,0.29999999999999993,0.6339999999999998,0.22000000000000003,548.0,1e-11,1e-22,IdealGasReactor,off,0.6292549648663588,0.0,0.0,0.2744190936547121,0.046154655744872444,0.015382037989205585,1.2179731072884168e-11,0.03478924773267123,0.0,0.002628296655855992,2.9705952798062804e-11,0.6147260955786861,5.059399555261072e-09,1.858908191845488e-07,1.1881405553686439e-07,1.136434496974272e-05,0.3820717567698209,3.87786501467393e-05,2.8365827857114306e-05,0.00041470715518149336,4.475721468670435e-06,1.8507936455707334e-13,2.0257299073925017e-09,7.584747611810022e-05,0.0,0.0,0.0,0.0,0.0,0.0,0.0,0.0,0.0,0.0,0.0,0.0,-2.0980893031030198e-07,4.1961786043149744e-07,1.3987262010338084e-07,1.2824224343515314e-16,-2.7974524032217824e-07,0.0,-1.1177689690098236e-15,-2.155882972594249e-22,6.705937751498576e-18,1.4275413660918089e-21,6.08987042922688e-17,5.0345520802427476e-20,-5.090634925773843e-20,-1.0696796767995437e-15,-6.412659133783743e-23,-6.0877225985035646e-18,4.770470751886394e-21,3.805547805626773e-22,-3.150367623159326e-22,1.776018688800889e-22,1.062937885223905e-15,2.77212975894974e-07,2.0980893031030198e-07,3.81952716876251e-07,-4.196166772731948e-07,-3.6032057119168053e-07,1.0472192399647553e-10,1.1583123503894233e-07,5.2419190142693244e-08,5.908700169944855e-08,5.2419190142693244e-08,1.398103650363127e-07,1.398103650363127e-07,-1.2824224343515314e-16,2.7962073112397795e-07,-1.1716954862124629e-16,2.1854561509113714e-19,-1.0857477051368512e-15,2.7962073101406304e-07,9.499739063920791e-14,3.72327785910768e-12,5.219125937073133e-11,-1.1791986252057192e-11,-7.714740599972816e-20,2.794644985063568e-07,3.72327785910768e-12,5.219125937073133e-11,-1.3444919075047957e-07,1.5623144476832908e-10,-1.3971638865861196e-07,-5.423429352901277e-09,-5.4234293528503705e-09,-1.5142144292885845e-16,2.5336536475162688e-09,8.0225189185349e-21,-1.1831583026141496e-12,2.5322644272042716e-09,1.3638247494114503e-12,4.1420499304491673e-13,7.941974563318078e-13,2.009329952825128e-21,1.5142162053072733e-16
7.658999999999999,548,101324.99999999997,2.771e-08,0.066,0.29999999999999993,0.6339999999999998,0.22000000000000003,548.0,1e-11,1e-22,IdealGasReactor,off,0.6292507679058165,0.0,0.0,0.27439725416435234,0.046194366284129686,0.015395274854609004,1.2191884723589428e-11,0.0347623367789006,0.0,0.0026273948693000537,2.96798491544982e-11,0.6148759285545417,5.058008619929757e-09,1.8598667440998241e-07,1.1878881863017797e-07,1.1365830544302233e-05,0.3819233540677683,3.875584015721284e-05,2.8334154011074405e-05,0.00041428877924342376,4.474008648071943e-06,1.8489907452415804e-13,2.0261318200249165e-09,7.579200628785599e-05,0.0,0.0,0.0,0.0,0.0,0.0,0.0,0.0,0.0,0.0,0.0,0.0,-2.096483184486544e-07,4.1929663672941133e-07,1.3976554552362764e-07,1.2819226706031674e-16,-2.795310911421119e-07,0.0,2.265228102145219e-15,9.5513550726456e-23,-3.9203383750200576e-18,-1.1196031723202289e-20,3.9689316930376344e-17,1.7652696016371653e-19,-1.7585694386754858e-19,2.2717723184003753e-15,-1.8292187449621516e-21,-3.72835173837608e-17,-2.0815171116748863e-21,2.7206487334751926e-21,1.7110183595371195e-21,-1.5775724953429214e-22,-2.267826112279746e-15,2.770025205809908e-07,2.096483184486544e-07,3.81619112512533e-07,-4.192954551690488e-07,-3.600506130812936e-07,1.0457558918355442e-10,1.157913308514454e-07,5.235754738351118e-08,5.9036017981680285e-08,5.235754738351118e-08,1.3970337629048826e-07,1.3970337629048826e-07,-1.2819226706031674e-16,2.7940675363120637e-07,-1.169940518508656e-16,2.1825856270660065e-19,-1.0846877050151746e-15,2.7940675018101047e-07,9.492469462000051e-14,3.717334195210648e-12,5.2124278177212555e-11,-1.1767324805068994e-11,-7.703964960488212e-20,2.7925069498882186e-07,3.717334195210648e-12,5.2124278177212555e-11,-1.3434448094075817e-07,1.5605746001471746e-10,-1.396094880636136e-07,-5.421064582869462e-09,-5.421064582693605e-09,-1.5130712656820362e-16,2.529957930503663e-09,8.011683632905768e-21,-1.1815603625095021e-12,2.5285705611210937e-09,1.3618349764358094e-12,4.138193665641428e-13,7.931241012103038e-13,2.0066305631713725e-21,1.513069688109541e-16
7.667999999999999,548,101324.99999999996,2.771e-08,0.066,0.29999999999999993,0.6339999999999998,0.22000000000000003,548.0,1e-11,1e-22,IdealGasReactor,off,0.6292465742149574,0.0,0.0,0.2743754316882614,0.046234045886502526,0.015408501407702769,1.2204033505797453e-11,0.034735446790371986,0.0,0.002626493028807423,2.965376602047186e-11,0.6150257275539845,5.0566177071663205e-09,1.8608229186457506e-07,1.1876348290443847e-07,1.136730791306667e-05,0.38177498496454554,3.8733035211177395e-05,2.830251173763344e-05,0.00041387078127158946,4.472295988886344e-06,1.8471894633182935e-13,2.026533732831947e-09,7.57365617756881e-05,0.0,0.0,0.0,0.0,0.0,0.0,0.0,0.0,0.0,0.0,0.0,0.0,-2.094877832301343e-07,4.189755663160505e-07,1.396585220517561e-07,1.2814230215105875e-16,-2.7931704420297256e-07,0.0,3.49603317377014e-16,-1.5103884949723739e-21,1.0125912268365441e-17,1.1415122832084165e-20,1.6130577810155675e-17,1.3716639789599326e-19,-1.3950401030706812e-19,3.371365135785772e-16,1.3807112335882467e-20,-1.8492507515925497e-17,-2.1233378973002433e-21,-3.7623534680150195e-21,-2.3301964932702518e-21,4.989649577276037e-22,-3.473273324289656e-16,2.7679216280508765e-07,2.094877832301343e-07,3.8128570521787623e-07,-4.1897438635173697e-07,-3.5978078087945004e-07,1.0442943731926291e-10,1.1575140211338818e-07,5.229595449926429e-08,5.898506130349108e-08,5.229595449926429e-08,1.3959643853038953e-07,1.3959643853038953e-07,-1.2814230215105875e-16,2.791928781098932e-07,-1.168187961443721e-16,2.179718502049333e-19,-1.0836284371911455e-15,2.7919287659550207e-07,9.485203324430473e-14,3.711398821387097e-12,5.205737369060184e-11,-1.1742711537493922e-11,-7.693203067146481e-20,2.7903699332242747e-07,3.711398821387097e-12,5.205737369060184e-11,-1.3423982170872872e-07,1.558836204019309e-10,-1.3950263843135183e-07,-5.4187003430273886e-09,-5.4187003428878846e-09,-1.5119187053037294e-16,2.5262669184517124e-09,8.000861171369706e-21,-1.1799643135651388e-12,2.524881397884934e-09,1.359847737256036e-12,4.1343395250926036e-13,7.920520026950425e-13,2.0039342963980484e-21,1.5119236949533066e-16
7.676999999999999,548,101325.0,2.771e-08,0.066,0.29999999999999993,0.6339999999999998,0.22000000000000003,548.0,1e-11,1e-22,IdealGasReactor,off,0.6292423837921161,0.0,0.0,0.2743536262177731,0.04627369456774838,0.015421717653739472,1.221617742085714e-11,0.034708577756406914,0.0,0.002625591135147832,2.962770339101607e-11,0.6151754925669339,5.055226817984976e-09,1.8617767178456216e-07,1.1873804857346563e-07,1.136877708481562e-05,0.3816266494696006,3.8710235322803257e-05,2.8270901020119187e-05,0.0004134531611023018,4.470583491860368e-06,1.8453897989580394e-13,2.026935645522374e-09,7.568114260061286e-05,0.0,0.0,0.0,0.0,0.0,0.0,0.0,0.0,0.0,0.0,0.0,0.0,-2.093273247432689e-07,4.1865464936027835e-07,1.3955154972277643e-07,1.280923487104329e-16,-2.7910309957062383e-07,0.0,7.571326182708024e-15,3.69091387360687e-23,1.3333513923085372e-18,-1.1487637964791985e-21,-1.823450177201695e-18,-1.1940517578325465e-19,1.1845888116249399e-19,7.5663549074631e-15,-1.670910188989497e-21,-1.6783388163528292e-18,2.2864160703889326e-21,-1.7585342834994523e-22,-1.1098473581485704e-21,-9.878586342321312e-23,-7.567695248723051e-15,2.765819026365993e-07,2.093273247432689e-07,3.8095249514213105e-07,-4.186534709901238e-07,-3.595110747366008e-07,1.042834682627214e-10,1.1571144888753308e-07,5.2234411504164894e-08,5.8934131691489484e-08,5.2234411504164894e-08,1.3948955181505343e-07,1.3948955181505343e-07,-1.280923487104329e-16,2.7897910467810097e-07,-1.166437812476255e-16,2.1768547732982273e-19,-1.0825699017552589e-15,2.7897909593566084e-07,9.477940655223442e-14,3.705471730078888e-12,5.199054586084491e-11,-1.171814636949439e-11,-7.682454906859467e-20,2.7882339357743314e-07,3.705471730078888e-12,5.199054586084491e-11,-1.3413521308918384e-07,1.5570992592294804e-10,-1.3939583979685253e-07,-5.416336633592577e-09,-5.416336633711036e-09,-1.5107792143791008e-16,2.5225806078829493e-09,7.990051525478512e-21,-1.1783701545353805e-12,2.521196934024565e-09,1.357863030001104e-12,4.1304875111221737e-13,7.909811600094854e-13,2.0012411506781834e-21,1.5107782265204666e-16
7.685999999999999,548,101325.0,2.771e-08,0.066,0.29999999999999993,0.6339999999999998,0.22000000000000003,548.0,1e-11,1e-22,IdealGasReactor,off,0.629238196635626,0.0,0.0,0.27433183774421577,0.046313312343634915,0.015434923597974961,1.222831647011852e-11,0.034681729666319994,0.0,0.002624689188809718,2.96016612579556e-11,0.6153252235182873,5.053835952861e-09,1.8627281438632286e-07,1.1871251583914692e-07,1.1370238068413364e-05,0.3814783476577322,3.868744050211349e-05,2.8239321838810768e-05,0.0004130359185272833,4.468871157900938e-06,1.843591751293854e-13,2.027337558154206e-09,7.562574878645617e-05,0.0,0.0,0.0,0.0,0.0,0.0,0.0,0.0,0.0,0.0,0.0,0.0,-2.0916694303157026e-07,4.183338858796573e-07,1.3944462858166204e-07,1.280424067634739e-16,-2.788892572907078e-07,0.0,4.756487766001235e-15,6.507677201459198e-23,1.2470798941960562e-18,3.245004615912782e-21,5.544815315580579e-17,-3.6607705189146793e-19,3.4785922608060005e-19,4.81092556187938e-15,3.843414845638711e-21,6.360592213775883e-19,-3.265695527817107e-21,-1.2998367844446561e-21,-3.257202481681751e-21,-9.808973716031297e-23,-4.812179756853877e-15,2.7637174012518214e-07,2.0916694303157026e-07,3.806194823535097e-07,-4.183327091017734e-07,-3.5924149472625065e-07,1.0413768185068119e-10,1.156714712120608e-07,5.217291840115495e-08,5.8883229159641294e-08,5.217291840115495e-08,1.3938271617365483e-07,1.3938271617365483e-07,-1.280424067634739e-16,2.78765433394188e-07,-1.1646900691654342e-16,2.1739944379699674e-19,-1.0815120988667444e-15,2.787654274083451e-07,9.470681456361307e-14,3.699552912932537e-12,5.1923794626726865e-11,-1.1693629218690493e-11,-7.671720467032721e-20,2.7860989584393876e-07,3.699552912932537e-12,5.1923794626726865e-11,-1.3403065512593205e-07,1.5553637658609018e-10,-1.3928909220505774e-07,-5.413973455729996e-09,-5.4139734560778555e-09,-1.5096342640624294e-16,2.518898994786223e-09,7.979254685063602e-21,-1.1767778839207781e-12,2.517517165525631e-09,1.3558808525074362e-12,4.126637625159992e-13,7.89911572206568e-13,1.9985511237471338e-21,1.5096332831650578e-16
7.6949999999999985,548,101324.99999999999,2.771e-08,0.066,0.29999999999999993,0.6339999999999998,0.22000000000000003,548.0,1e-11,1e-22,IdealGasReactor,off,0.62923401274382,0.0,0.0,0.2743100662589126,0.046352899229939466,0.015448119245668395,1.224045065493291e-11,0.03465490250941931,0.0,0.0026237871905013905,2.957563961559173e-11,0.6154749203841842,5.052445112691548e-09,1.8636771990210052e-07,1.1868688491252625e-07,1.137169087265908e-05,0.38133007955224035,3.8664650762355e-05,2.8207774176335156e-05,0.000412619053372662,4.4671589877871305e-06,1.841795319475459e-13,2.027739470511181e-09,7.557038035313132e-05,0.0,0.0,0.0,0.0,0.0,0.0,0.0,0.0,0.0,0.0,0.0,0.0,-2.090066381734759e-07,4.180132762784309e-07,1.3933775866524048e-07,1.279924763178945e-16,-2.786755174967276e-07,0.0,1.4512287512059766e-14,8.99228862034448e-23,-2.0646802644864306e-17,-7.2174811179695e-21,-5.957765053190732e-17,-6.109225132071641e-20,6.468056081797145e-20,1.449100391749794e-14,-3.873678831624355e-21,1.7500528346272912e-17,-1.236186670142282e-20,2.2301564796253895e-21,2.18601674896741e-21,-3.128315482967883e-22,-1.4470245272122164e-14,2.761616754079336e-07,2.090066381734759e-07,3.80286666983339e-07,-4.180121010909305e-07,-3.589720409816185e-07,1.0399207793727269e-10,1.156314691444773e-07,5.2111475201808033e-08,5.883235373170052e-08,5.2111475201808033e-08,1.3927593165853513e-07,1.3927593165853513e-07,-1.279924763178945e-16,2.785518643628262e-07,-1.162944728991482e-16,2.171137493438077e-19,-1.0804550286281404e-15,2.7855184869807204e-07,9.463425731400513e-14,3.6936423622136955e-12,5.1857119935697184e-11,-1.1669160004856946e-11,-7.66099973467961e-20,2.783965001959303e-07,3.6936423622136955e-12,5.1857119935697184e-11,-1.339261478553846e-07,1.5536297238703197e-10,-1.3918239569285705e-07,-5.411610809855899e-09,-5.41161080992058e-09,-1.5084919938109427e-16,2.5152220755646605e-09,7.968470641288151e-21,-1.1751875004184453e-12,2.5138420887940138e-09,1.353901202837572e-12,4.1227898693218116e-13,7.888432384709721e-13,1.9958642136780357e-21,1.5084888654954597e-16
7.703999999999999,548,101324.99999999997,2.771e-08,0.066,0.29999999999999993,0.6339999999999998,0.22000000000000003,548.0,1e-11,1e-22,IdealGasReactor,off,0.629229832115029,0.0,0.0,0.27428831175318086,0.04639245524244936,0.015461304602082143,1.2252579976652765e-11,0.03462809627500609,0.0,0.002622885140601295,2.954963845447818e-11,0.6156245830641512,5.051054297741211e-09,1.8646238854055702e-07,1.186611559907042e-07,1.1373135506454655e-05,0.3811818452534222,3.864186611192248e-05,2.8176258011764e-05,0.00041220256541253637,4.465446982488018e-06,1.8400005026256053e-13,2.028141382788723e-09,7.551503732626369e-05,0.0,0.0,0.0,0.0,0.0,0.0,0.0,0.0,0.0,0.0,0.0,0.0,-2.0884641019472334e-07,4.1769282031720573e-07,1.3923094002223515e-07,1.2794255740730413e-16,-2.7846188017594384e-07,0.0,5.00143967636278e-16,-2.339004135932932e-22,-1.909062776347798e-18,-7.758284232196554e-21,-5.57042218036726e-17,1.1403181052411018e-19,-1.1098778586991504e-19,4.480816036939947e-16,-1.7897646430266535e-21,1.6137203962666854e-18,-3.8811202259630645e-21,-2.5568152734014085e-21,2.4612985680464785e-21,5.110453514918578e-23,-4.461648298110126e-16,2.7595170847634267e-07,2.0884641019472334e-07,3.799540490674101e-07,-4.176916467182033e-07,-3.587027135458488e-07,1.0384665635050847e-10,1.1559144271343065e-07,5.2050081904546056e-08,5.8781505416630705e-08,5.2050081904546056e-08,1.3916919828706947e-07,1.3916919828706947e-07,-1.2794255740730413e-16,2.7833839761877853e-07,-1.1612017895535747e-16,2.1682839367504047e-19,-1.079398691223802e-15,2.783383959981123e-07,9.456173481521645e-14,3.687740069260596e-12,5.179052172216927e-11,-1.1644738644792591e-11,-7.650292697399845e-20,2.7818320673093745e-07,3.687740069260596e-12,5.179052172216927e-11,-1.338216913247301e-07,1.5518971333965565e-10,-1.3907575030889853e-07,-5.4092486975050484e-09,-5.409248697394061e-09,-1.50734446269076e-16,2.5115498459884975e-09,7.957699383307189e-21,-1.1735990024290769e-12,2.5101716996011905e-09,1.3519240787127468e-12,4.1189442446834355e-13,7.877761577883615e-13,1.9931804180333157e-21,1.5073449737361116e-16
7.712999999999999,548,101324.99999999999,2.771e-08,0.066,0.29999999999999993,0.6339999999999998,0.22000000000000003,548.0,1e-11,1e-22,IdealGasReactor,off,0.629225654747584,0.0,0.0,0.2742665742183328,0.04643198039696159,0.015474479672481884,1.2264704436631793e-11,0.0346013109523751,0.0,0.002621983039826572,2.9523657768985926e-11,0.61577421153667,5.049663508923904e-09,1.865568205345332e-07,1.186353292849492e-07,1.1374571978602013e-05,0.3810336447822265,3.861908656417376e-05,2.8144773327788945e-05,0.0004117864544740371,4.463735142775741e-06,1.8382072998928747e-13,2.0285432947590113e-09,7.545971972547605e-05,0.0,0.0,0.0,0.0,0.0,0.0,0.0,0.0,0.0,0.0,0.0,0.0,-2.0868625917489643e-07,4.173725178590457e-07,1.3912417268891925e-07,1.2789265003862508e-16,-2.782483454657218e-07,0.0,2.1418399895085396e-14,-1.33694062741608e-21,2.429013188157821e-17,-2.412019595881433e-20,3.629847992988385e-16,-5.407775972626674e-20,5.4175367038547995e-20,2.1741180457522544e-14,1.936959373156869e-21,-1.5632736959474598e-17,1.55542976751244e-20,2.314425504529229e-21,8.685734066295681e-21,2.0299551192175546e-22,-2.1765585903422364e-14,2.7574183947135563e-07,2.0868625917489643e-07,3.796216287388861e-07,-4.17371345846657e-07,-3.584335125541285e-07,1.0370141694514265e-10,1.1555139197730238e-07,5.1988738521107215e-08,5.873068423847594e-08,5.1988738521107215e-08,1.390625161123526e-07,1.390625161123526e-07,-1.2789265003862508e-16,2.781250332682234e-07,-1.1594612483290782e-16,2.1654337652875256e-19,-1.0783430867511806e-15,2.781250103556232e-07,9.448924710332341e-14,3.681846026363125e-12,5.1723999933892235e-11,-1.1620365058553466e-11,-7.639599342188446e-20,2.779700155217706e-07,3.681846026363125e-12,5.1723999933892235e-11,-1.337172855698585e-07,1.5501659943851027e-10,-1.3896915608948084e-07,-5.406887119060763e-09,-5.406887119114938e-09,-1.5061995785485377e-16,2.507882302475949e-09,7.946940902327324e-21,-1.1720123886559556e-12,2.5065059943661757e-09,1.3499494782025616e-12,4.115100753378521e-13,7.86710329347414e-13,1.9904997348959643e-21,1.506201608503657e-16
7.721999999999999,548,101324.99999999999,2.771e-08,0.066,0.29999999999999993,0.6339999999999998,0.22000000000000003,548.0,1e-11,1e-22,IdealGasReactor,off,0.6292214806398142,0.0,0.0,0.2742448536456753,0.04647147470928269,0.015487644462136524,1.2276824036224976e-11,0.03457454653081459,0.0,0.002621080888980355,2.9497697554444343e-11,0.6159238058005252,5.048272747319897e-09,1.8665101612378688e-07,1.1860940501008051e-07,1.1376000297880414e-05,0.3808854781391985,3.8596312133717515e-05,2.811332010800371e-05,0.000411370720397593,4.462023469370704e-06,1.8364157104318814e-13,2.0289452060852102e-09,7.540442756877587e-05,0.0,0.0,0.0,0.0,0.0,0.0,0.0,0.0,0.0,0.0,0.0,0.0,-2.0852618520709493e-07,4.170523702119311e-07,1.3901745669828072e-07,1.2784275421191664e-16,-2.780349135296088e-07,0.0,2.9196453171338057e-15,4.729229171473531e-22,1.845876109413522e-19,-7.529222328690637e-21,7.441629133926337e-17,6.604210010623373e-20,-6.375080980946184e-20,2.9993308647803176e-15,-1.92009410760487e-21,5.3808273647043886e-18,3.0433541855345764e-22,-1.8776741411012305e-21,-5.814510278096707e-22,-2.9140620052046876e-23,-2.999507633664961e-15,2.755320685599396e-07,2.0852618520709493e-07,3.792894061552885e-07,-4.170511997842732e-07,-3.5816443816477033e-07,1.0355635958265346e-10,1.155113170020684e-07,5.192744506651605e-08,5.8679890225068405e-08,5.192744506651605e-08,1.3895588519647172e-07,1.3895588519647172e-07,-1.2784275421191664e-16,2.779117714353567e-07,-1.1577231027643733e-16,2.162586976513682e-19,-1.0772882152842863e-15,2.779117672657705e-07,9.441679422051251e-14,3.675960226050281e-12,5.1657554521974686e-11,-1.1596039167087634e-11,-7.628919655885361e-20,2.777569266346052e-07,3.675960226050281e-12,5.1657554521974686e-11,-1.336129306236691e-07,1.5484363067290323e-10,-1.388626130676101e-07,-5.404526074611639e-09,-5.404526074547888e-09,-1.5050590619199496e-16,2.504219441602408e-09,7.936195190066726e-21,-1.1704276578784274e-12,2.502844969669199e-09,1.3479773994633892e-12,4.1112593978041625e-13,7.856457523874783e-13,1.9878221624790793e-21,1.505058770513749e-16
7.730999999999999,548,101324.99999999996,2.771e-08,0.066,0.29999999999999993,0.6339999999999998,0.22000000000000003,548.0,1e-11,1e-22,IdealGasReactor,off,0.6292173097900476,0.0,0.0,0.2742231500265098,0.046510938195229154,0.015500798976318187,1.2288938776788419e-11,0.03454780299960606,0.0,0.002620178688400768,2.947175780091074e-11,0.6160733657462376,5.046882013116501e-09,1.867449755141294e-07,1.185833833612324e-07,1.1377420473208036e-05,0.3807373454336896,3.85735428283336e-05,2.808189833100643e-05,0.0004109553629504313,4.460311963262906e-06,1.8346257333594458e-13,2.029347117012894e-09,7.534916088230463e-05,0.0,0.0,0.0,0.0,0.0,0.0,0.0,0.0,0.0,0.0,0.0,0.0,-2.0836618831026697e-07,4.167323764979276e-07,1.3891079210005291e-07,1.2779286996383384e-16,-2.7782158432838293e-07,0.0,-1.2489536376030998e-16,-3.167764983005471e-23,-5.909030024968639e-19,2.990853171393243e-23,-5.189453230471878e-18,-6.1145190879919806e-21,6.193928426797071e-21,-1.2960394877656396e-16,-8.73994269241484e-23,-1.090843095905952e-19,-4.556254601196993e-22,-1.6887409193152906e-22,1.2360587082555675e-22,1.3149364509036582e-23,1.3019755984711646e-16,2.753223957071833e-07,2.0836618831026697e-07,3.789573813397737e-07,-4.1673120765311914e-07,-3.5789549040934725e-07,1.0341148408779834e-10,1.1547121781300582e-07,5.186620153734448e-08,5.862912338343239e-08,5.186620153734448e-08,1.3884930555228483e-07,1.3884930555228483e-07,-1.2779286996383384e-16,2.776986121458689e-07,-1.1559873504737314e-16,2.1597435674349745e-19,-1.0762340770135789e-15,2.776986111063806e-07,9.434437617552028e-14,3.670082659547939e-12,5.159118541918521e-11,-1.1571760887122479e-11,-7.618253626158783e-20,2.77543940169125e-07,3.670082659547939e-12,5.159118541918521e-11,-1.3350862653423167e-07,1.546708070580657e-10,-1.3875612129299493e-07,-5.402165565821239e-09,-5.402165565827433e-09,-1.5039163284473199e-16,2.500561259060844e-09,7.925462235423598e-21,-1.168844808459038e-12,2.4991886211996352e-09,1.3460078401723223e-12,4.1074201788960845e-13,7.845824258682537e-13,1.9851476982775796e-21,1.503916459940965e-16
7.739999999999999,548,101324.99999999997,2.771e-08,0.066,0.29999999999999993,0.6339999999999998,0.22000000000000003,548.0,1e-11,1e-22,IdealGasReactor,off,0.6292131421966125,0.0,0.0,0.27420146335213275,0.04655037087062699,0.015513943220302251,1.2301048659679511e-11,0.03452108034802461,0.0,0.002619276438787929,2.944583850251857e-11,0.6162228913488785,5.045491307195995e-09,1.868386989377269e-07,1.185572645487159e-07,1.1378832513398461e-05,0.38058924669007993,3.855077866110194e-05,2.8050507979255737e-05,0.0004105403819564034,4.458600625230819e-06,1.8328373678200997e-13,2.0297490273337193e-09,7.529391968574869e-05,0.0,0.0,0.0,0.0,0.0,0.0,0.0,0.0,0.0,0.0,0.0,0.0,-2.0820626856084844e-07,4.164125369611962e-07,1.3880417893068292e-07,1.2774299730245186e-16,-2.776083580074473e-07,0.0,4.966876353020642e-15,-7.265623217305393e-23,-6.7969057500149756e-18,-9.875509048053629e-21,3.272617670835396e-17,-5.233075427255474e-20,5.427793743450457e-20,5.017918513754433e-15,-7.087953805553613e-21,1.1508213077891879e-17,-2.8497835218549935e-21,-1.9300967124217787e-21,-3.1661630240145735e-22,-9.028289245624527e-23,-5.011079810525408e-15,2.7511282106211033e-07,2.0820626856084844e-07,3.786255544194339e-07,-4.1641136969735714e-07,-3.5762666941770386e-07,1.0326679031384564e-10,1.1543109446716646e-07,5.1805007944365575e-08,5.857838373669692e-08,5.1805007944365575e-08,1.3874277723080449e-07,1.3874277723080449e-07,-1.2774299730245186e-16,2.774855555017963e-07,-1.1542539889409286e-16,2.1569035354125716e-19,-1.0751806720363061e-15,2.774855493159478e-07,9.427199300300832e-14,3.664213319095754e-12,5.1524892572522424e-11,-1.1547530138846076e-11,-7.60760124002935e-20,2.7733105619843915e-07,3.664213319095754e-12,5.1524892572522424e-11,-1.3340437333756002e-07,1.5449812858848375e-10,-1.3864968080209638e-07,-5.399805593122911e-09,-5.399805593177189e-09,-1.5027755802081602e-16,2.4969077512266976e-09,7.914742029482033e-21,-1.1672638390831674e-12,2.495536945336957e-09,1.3440407983776341e-12,4.1035830987188924e-13,7.835203489659194e-13,1.9824763403420102e-21,1.5027746773792357e-16
7.748999999999999,548,101324.99999999999,2.771e-08,0.066,0.29999999999999993,0.6339999999999998,0.22000000000000003,548.0,1e-11,1e-22,IdealGasReactor,off,0.6292089778578344,0.0,0.0,0.27417979361383477,0.04658977275131174,0.015527077199367257,1.2313153686256808e-11,0.034494378565338775,0.0,0.0026183741406789465,2.941993965154928e-11,0.6163723825456277,5.0441006301283e-09,1.8693218661527265e-07,1.1853104877586437e-07,1.13802364273005e-05,0.38044118196970755,3.8528019642703874e-05,2.8019149033454384e-05,0.00041012577721363287,4.45688945614005e-06,1.8310506129430077e-13,2.030150937037562e-09,7.523870512260909e-05,0.0,0.0,0.0,0.0,0.0,0.0,0.0,0.0,0.0,0.0,0.0,0.0,-2.080464260096792e-07,4.160928518873144e-07,1.3869761723226507e-07,1.2769313624842108e-16,-2.773952345914967e-07,0.0,1.3431904442878305e-08,-4.283897764053082e-22,4.366586704209975e-15,-1.607251396264084e-21,4.345279019414561e-18,2.6166965323053473e-18,-2.828560648237329e-19,1.3431904446786034e-08,-5.724135782126072e-22,-2.941552297720406e-18,-1.164388988364974e-22,4.364127746295929e-15,-1.2140531717723854e-21,1.5360298388506524e-22,-1.3431908813364716e-08,2.749033446533436e-07,2.080464260096792e-07,3.7829392547495015e-07,-4.1609168620256607e-07,-3.573579752759321e-07,1.0312227810144332e-10,1.1539094700762909e-07,5.174386429194888e-08,5.852767130080921e-08,5.174386429194888e-08,1.3863630026605906e-07,1.3863630026605906e-07,-1.2769313624842108e-16,2.772726015711949e-07,-1.152523015707839e-16,2.1540668776500402e-19,-1.0741280004889614e-15,2.6384069595764004e-07,9.419964472609791e-14,3.658352196485748e-12,5.145867592267584e-11,-1.1523346841063849e-11,-7.59696248480312e-20,2.7711827917343776e-07,3.658352196485748e-12,5.145867592267584e-11,-1.333001710747752e-07,1.5432559756698773e-10,-1.3854329163703193e-07,-5.397446157489877e-09,-5.397446157207021e-09,-1.50163188720602e-16,2.493258914171324e-09,7.904034562353296e-21,-1.1656847482927516e-12,2.4918899381531645e-09,1.342076271962349e-12,4.0997481588314065e-13,7.824595207601568e-13,1.9798080864750003e-21,1.5016334232358588e-16
7.757999999999999,548,101325.0,2.771e-08,0.066,0.29999999999999993,0.6339999999999998,0.22000000000000003,548.0,1e-11,1e-22,IdealGasReactor,off,0.629204816772039,0.0,0.0,0.27415814080290124,0.0466291438531298,0.015540200918794865,1.232525385787983e-11,0.03446769764080989,0.0,0.0026174717947606467,2.939406124195526e-11,0.6165218393088346,5.042709982770573e-09,1.8702543877814367e-07,1.1850473625232842e-07,1.1381632223779739e-05,0.3802931513030543,3.8505265786006395e-05,2.798782147588572e-05,0.00040971154854347805,4.455178456794733e-06,1.829265467875168e-13,2.030552845949552e-09,7.518351384963286e-05,0.0,0.0,0.0,0.0,0.0,0.0,0.0,0.0,0.0,0.0,0.0,0.0,-2.0788666072939484e-07,4.1577332133634545e-07,1.3859110704186258e-07,1.2764328681143824e-16,-2.771822142207378e-07,0.0,1.382264654197463e-16,8.302976436967732e-24,-9.322734531750209e-18,2.694852548505862e-22,-5.245569163227475e-18,-1.2546675531204324e-20,1.25400580863039e-20,1.4238419364297366e-16,-4.725364164953287e-22,6.833033290435472e-21,-6.2310180664750196e-21,1.1166938269465874e-22,-8.075283980090399e-23,1.0327222336654141e-23,-1.3301509947691426e-16,2.746939666247567e-07,2.0788666072939484e-07,3.779624946262855e-07,-4.157721572288107e-07,-3.57089408107401e-07,1.0297794730202564e-10,1.1535077548961729e-07,5.168277058980414e-08,5.847698609780758e-08,5.168277058980414e-08,1.3852987470653837e-07,1.3852987470653837e-07,-1.2764328681143824e-16,2.7705975045104183e-07,-1.1507944282664513e-16,2.151233591484934e-19,-1.0730760624714346e-15,2.770597491430493e-07,9.412733137773647e-14,3.6524992838943775e-12,5.1392535415720515e-11,-1.1499210913952958e-11,-7.586337347537169e-20,2.7690559606897466e-07,3.6524992838943775e-12,5.1392535415720515e-11,-1.3319601978243354e-07,1.5415320708976032e-10,-1.3843695383477283e-07,-5.395087259429047e-09,-5.395087259441587e-09,-1.5004925948047384e-16,2.489614744225164e-09,7.893339824975829e-21,-1.164107534751612e-12,2.4882475959810864e-09,1.3401142589496294e-12,4.0959153612187787e-13,7.813999404124279e-13,1.9771429346888463e-21,1.5004926980769617e-16
7.766999999999999,548,101325.0,2.771e-08,0.066,0.29999999999999993,0.6339999999999998,0.22000000000000003,548.0,1e-11,1e-22,IdealGasReactor,off,0.6292006589375503,0.0,0.0,0.2741365049106133,0.04666848419193387,0.015553314383870226,1.233734917591005e-11,0.034441037563694855,0.0,0.0026165694015354464,2.936820326559874e-11,0.6166712615678666,5.041319365626381e-09,1.8711845564463896e-07,1.1847832717976057e-07,1.1383019911669147e-05,0.38014515475707156,3.8482517101165376e-05,2.795652528685194e-05,0.0004092976957382631,4.453467628065383e-06,1.8274819317376664e-13,2.03095475409074e-09,7.512834925281077e-05,0.0,0.0,0.0,0.0,0.0,0.0,0.0,0.0,0.0,0.0,0.0,0.0,-2.077269727659941e-07,4.154539453262316e-07,1.3848464840225426e-07,1.2759344901432783e-16,-2.769692969378589e-07,0.0,7.49535476286584e-17,8.900061791536071e-22,-4.0964951612384334e-18,-8.615061616207878e-21,7.814159518084699e-17,5.031905102282578e-20,-4.1719681374724504e-20,1.5891638418413608e-16,-6.797914061215698e-22,1.6142269490722333e-18,-3.859842034641936e-21,3.04275803388217e-21,4.361659322720347e-22,-2.553751830387773e-22,-1.5478968045545708e-16,2.744846870230246e-07,2.077269727659941e-07,3.776312619451141e-07,-4.1545278279403464e-07,-3.5682096798995806e-07,1.0283379775391362e-10,1.1531057995379113e-07,5.1621726840987835e-08,5.8426328142259165e-08,5.1621726840987835e-08,1.3842350058305437e-07,1.3842350058305437e-07,-1.2759344901432783e-16,2.768470022029637e-07,-1.149068224169325e-16,2.1484036740912545e-19,-1.0720248581247087e-15,2.768470008795987e-07,9.405505297885981e-14,3.646654573033263e-12,5.1326470991174135e-11,-1.1475122276252322e-11,-7.575725815586641e-20,2.766930200703285e-07,3.646654573033263e-12,5.1326470991174135e-11,-1.3309191950225034e-07,1.539809640598834e-10,-1.3833066743820297e-07,-5.392728900003923e-09,-5.392728899962203e-09,-1.4993550560263554e-16,2.4859752374007318e-09,7.882657807277528e-21,-1.1625321969745277e-12,2.484609914834345e-09,1.3381547571909889e-12,4.092084707340159e-13,7.803416069839348e-13,1.9744808827384076e-21,1.499352502274525e-16
7.775999999999999,548,101325.0,2.771e-08,0.066,0.29999999999999993,0.6339999999999998,0.22000000000000003,548.0,1e-11,1e-22,IdealGasReactor,off,0.6291965043526918,0.0,0.0,0.2741148859282462,0.046707793783588324,0.015566417599881465,1.2349439641709633e-11,0.034414398323242744,0.0,0.002615666961616692,2.934236571557875e-11,0.6168206492782041,5.039928779412548e-09,1.8721123744124835e-07,1.1845182176450676e-07,1.1384399499831053e-05,0.3799971923769518,3.8459773599954284e-05,2.792526044782497e-05,0.00040888421860749185,4.451756970783603e-06,1.825700003666526e-13,2.031356661366056e-09,7.507321023206264e-05,0.0,0.0,0.0,0.0,0.0,0.0,0.0,0.0,0.0,0.0,0.0,0.0,-2.0756736218110672e-07,4.151347242349243e-07,1.3837824135264078e-07,1.2754362287202142e-16,-2.767564828230864e-07,0.0,2.222217373814034e-16,-1.501345144441056e-23,9.636386038843979e-18,-1.049305689683389e-22,-2.0635840177482892e-19,-3.044024654195142e-21,2.933182452113036e-21,2.1222548136310424e-16,7.3969717509791685e-22,-6.150446191558058e-20,6.388685739226498e-21,4.642551187953868e-23,1.8883278638206995e-23,1.7452415512615894e-24,-2.2190984572611542e-16,2.7427550593217293e-07,2.0756736218110672e-07,3.773002275312847e-07,-4.151335632761907e-07,-3.5655265502817316e-07,1.0268982930318847e-10,1.1527036044955907e-07,5.1560733052370405e-08,5.837569745310068e-08,5.1560733052370405e-08,1.3831717793679577e-07,1.3831717793679577e-07,-1.2754362287202142e-16,2.766343569093382e-07,-1.1473444009332962e-16,2.145577122739222e-19,-1.0709743875630386e-15,2.7663435553382243e-07,9.398280955745445e-14,3.64081805589047e-12,5.126048259242508e-11,-1.145108084771536e-11,-7.565127876127497e-20,2.764805468895563e-07,3.64081805589047e-12,5.126048259242508e-11,-1.3298787027269578e-07,1.5380886617597726e-10,-1.382244324864647e-07,-5.390371079945006e-09,-5.390371079947939e-09,-1.4982128188620932e-16,2.482340389899428e-09,7.871988499779344e-21,-1.1609587335638895e-12,2.480976890913464e-09,1.3361977646385113e-12,4.088256198959831e-13,7.792845195945114e-13,1.9718219285287756e-21,1.4982128363145087e-16
7.784999999999999,548,101325.0,2.771e-08,0.066,0.29999999999999993,0.6339999999999998,0.22000000000000003,548.0,1e-11,1e-22,IdealGasReactor,off,0.6291923530157861,0.0,0.0,0.2740932838470689,0.04674707264396909,0.015579510572119603,1.2361525256641438e-11,0.03438777990869485,0.0,0.002614764475716761,2.9316548586092076e-11,0.6169700024186536,5.038538225035697e-09,1.8730378440145802e-07,1.1842522021697578e-07,1.1385770997084719e-05,0.37984926418332726,3.843703529558667e-05,2.7894026941315594e-05,0.00040847111697594633,4.450046485714925e-06,1.823919682802604e-13,2.0317585675489134e-09,7.501809680648775e-05,0.0,0.0,0.0,0.0,0.0,0.0,0.0,0.0,0.0,0.0,0.0,0.0,-2.0740782905240483e-07,4.148156579824622e-07,1.3827188592826403e-07,1.2749380839133404e-16,-2.7654377198502677e-07,0.0,1.8808380821288275e-16,-2.2094221203381964e-25,-8.491878158531295e-19,1.5451353112366692e-22,-5.15048971489818e-18,-1.2758433768017899e-20,1.2751816323117475e-20,1.8392966085452714e-16,-6.370017730868565e-23,1.5254225144782432e-19,-5.771033752268078e-22,-1.636266649206458e-23,-6.227664662055667e-23,1.0816451091713575e-23,-1.830764968445726e-16,2.7406642346441664e-07,2.0740782905240483e-07,3.769693915135264e-07,-4.14814498595319e-07,-3.562844693540646e-07,1.0254604180386178e-10,1.1523011703531241e-07,5.1499789234729175e-08,5.8325094053744265e-08,5.1499789234729175e-08,1.382109068195943e-07,1.382109068195943e-07,-1.2749380839133404e-16,2.764218146738275e-07,-1.1456229560386806e-16,2.1427539347975224e-19,-1.0699246508732763e-15,2.7642181332776516e-07,9.391060114873857e-14,3.6349897247366842e-12,5.119457016681973e-11,-1.1427086549128919e-11,-7.554543516152547e-20,2.7626817659741146e-07,3.6349897247366842e-12,5.119457016681973e-11,-1.3288387212863405e-07,1.5363691343019804e-10,-1.3811824901483385e-07,-5.388013799629988e-09,-5.38801379964274e-09,-1.4970735926352607e-16,2.478710198109001e-09,7.861331893609732e-21,-1.1593871432114797e-12,2.477348520610148e-09,1.334243279347187e-12,4.084429838155004e-13,7.782286774240253e-13,1.969166070118931e-21,1.4970737007997716e-16
7.793999999999999,548,101325.0,2.771e-08,0.066,0.29999999999999993,0.6339999999999998,0.22000000000000003,548.0,1e-11,1e-22,IdealGasReactor,off,0.6291882049251543,0.0,0.0,0.2740716986583465,0.04678632078895815,0.015592593305879204,1.2373606022070328e-11,0.03436118230928824,0.0,0.0026138619443051036,2.929075186858843e-11,0.6171193209113555,5.037147702936815e-09,1.873960967415691e-07,1.1839852273722878e-07,1.1387134412321933e-05,0.3797013702537785,3.84143021977099e-05,2.7862824747230788e-05,0.0004080583906302473,4.448336173766502e-06,1.8221409682672616e-13,2.032160472719097e-09,7.49630089994232e-05,0.0,0.0,0.0,0.0,0.0,0.0,0.0,0.0,0.0,0.0,0.0,0.0,-2.0724837341887175e-07,4.1449674669157563e-07,1.381655821731117e-07,1.2744400559823427e-16,-2.76331164470621e-07,0.0,4.773700089257457e-15,-7.588549967074826e-22,1.6310330081022033e-19,5.9792419508758406e-21,1.8722975084786665e-17,-9.050017645820165e-20,1.066864466846393e-19,4.789270787388465e-15,3.405648388619649e-21,-2.914990688347967e-18,8.537196604530902e-23,1.0867085297415401e-21,-1.1838702116378172e-21,2.185480546996711e-22,-4.789438126259029e-15,2.738574396707674e-07,2.0724837341887175e-07,3.7663875395046784e-07,-4.1449558887415123e-07,-3.560164110334995e-07,1.0240243509090134e-10,1.1518984974821244e-07,5.1438895389211736e-08,5.827451795675756e-08,5.1438895389211736e-08,1.38104687257602e-07,1.38104687257602e-07,-1.2744400559823427e-16,2.762093755487372e-07,-1.1439038870534973e-16,2.139934107397372e-19,-1.0688756482027066e-15,2.762093695984902e-07,9.383842777048168e-14,3.6291695711675532e-12,5.112873365218452e-11,-1.1403139299147607e-11,-7.543972723087559e-20,2.760559092821002e-07,3.6291695711675532e-12,5.112873365218452e-11,-1.3277992511285043e-07,1.534651058281353e-10,-1.3801211706729976e-07,-5.385657060261291e-09,-5.385657060367978e-09,-1.49593291057055e-16,2.475084657958823e-09,7.850687978430865e-21,-1.1578174243929354e-12,2.473724799853578e-09,1.3322912991230245e-12,4.0806056262401217e-13,7.771740795069481e-13,1.9665133051945607e-21,1.495935096051097e-16
7.802999999999999,548,101325.0,2.771e-08,0.066,0.29999999999999993,0.6339999999999998,0.22000000000000003,548.0,1e-11,1e-22,IdealGasReactor,off,0.6291840600791168,0.0,0.0,0.2740501303533387,0.046825538234448794,0.015605665806457754,1.238568193936193e-11,0.034334605514252436,0.0,0.002612959368039362,2.926497555662158e-11,0.6172686047226463,5.035757213918199e-09,1.8748817469149524e-07,1.1837172953321404e-07,1.1388489754383927e-05,0.3795535106214701,3.8391574318719086e-05,2.7831653847468452e-05,0.00040764603938625707,4.446626035733885e-06,1.82036385919542e-13,2.032562376718315e-09,7.490794683079116e-05,0.0,0.0,0.0,0.0,0.0,0.0,0.0,0.0,0.0,0.0,0.0,0.0,-2.0708899534922352e-07,4.1417799057108045e-07,1.380593301242094e-07,1.2739421450375143e-16,-2.7611866038056187e-07,0.0,1.2650947933989288e-16,-3.10581722247792e-23,-4.851448679477024e-18,-1.4431729265918829e-22,-5.1457251545698746e-20,-1.437309032372141e-20,1.4235778342037606e-20,1.3121639510567073e-16,-3.469811128719607e-22,-1.2284224451435103e-19,-3.2781718994585928e-21,9.745221591640357e-24,-1.0910865662635918e-23,6.262712689577605e-24,-1.263409827783628e-16,2.7364855465563396e-07,2.0708899534922352e-07,3.7630831495440643e-07,-4.141768343215047e-07,-3.557484801832051e-07,1.0225900901397444e-10,1.1514955864196432e-07,5.137805152426487e-08,5.822396918302528e-08,5.137805152426487e-08,1.3799851929670912e-07,1.3799851929670912e-07,-1.2739421450375143e-16,2.759970396258443e-07,-1.1421871914781133e-16,2.137117637852716e-19,-1.0678273796492305e-15,2.759970383348076e-07,9.37662894538649e-14,3.6233575873015023e-12,5.106297299368588e-11,-1.13792390182536e-11,-7.533415484020821e-20,2.758437450177842e-07,3.6233575873015023e-12,5.106297299368588e-11,-1.326760292618086e-07,1.532934433643902e-10,-1.379060366808449e-07,-5.383300862400796e-09,-5.3833008624150315e-09,-1.4947969599789432e-16,2.471463765729492e-09,7.840056745031637e-21,-1.156249575750088e-12,2.4701057249279213e-09,1.3303418219631037e-12,4.0767835651118475e-13,7.761207249892486e-13,1.9638636317272634e-21,1.4947970226060701e-16
7.8119999999999985,548,101324.99999999999,2.771e-08,0.066,0.29999999999999993,0.6339999999999998,0.22000000000000003,548.0,1e-11,1e-22,IdealGasReactor,off,0.6291799184759926,0.0,0.0,0.2740285789233,0.04686472499634197,0.015618728079156045,1.2397753009883462e-11,0.03430804951281169,0.0,0.002612056747447148,2.9239219642269933e-11,0.6174178537885586,5.034366758532716e-09,1.8758001847188068e-07,1.1834484080726142e-07,1.1389837032147863e-05,0.37940568535002417,3.836885166909682e-05,2.780051422252932e-05,0.0004072340630393544,4.444916072488227e-06,1.8185883547112794e-13,2.0329642795524647e-09,7.485291032275941e-05,0.0,0.0,0.0,0.0,0.0,0.0,0.0,0.0,0.0,0.0,0.0,0.0,-2.0692969489142458e-07,4.138593897116146e-07,1.3795312982310592e-07,1.2734443512915917e-16,-2.7590625976552955e-07,0.0,-1.0053476915460633e-15,-4.348570974978478e-22,3.174020048583997e-18,1.2985644277989252e-20,-5.609269228910711e-17,2.2155205526620293e-20,-2.309984578615585e-20,-1.0694610661985357e-15,2.847730968888481e-21,-4.824409835065694e-18,5.926969212689436e-22,4.1764866115685213e-22,-5.140195851592983e-22,1.919993100474059e-23,1.0662574154609044e-15,2.7343976847366003e-07,2.0692969489142458e-07,3.7597807460000157e-07,-4.1385823502801877e-07,-3.5548067688442174e-07,1.0211576341256296e-10,1.1510924375893092e-07,5.131725764314646e-08,5.817344774760763e-08,5.131725764314646e-08,1.3789240296902888e-07,1.3789240296902888e-07,-1.2734443512915917e-16,2.757848069693793e-07,-1.1404728668600556e-16,2.1343045233503738e-19,-1.0667798453425303e-15,2.757848068801749e-07,9.369418622070818e-14,3.6175537648965214e-12,5.0997288131392655e-11,-1.135538562583791e-11,-7.522871786272503e-20,2.756316838878769e-07,3.6175537648965214e-12,5.0997288131392655e-11,-1.3257218461605885e-07,1.531219260406307e-10,-1.3780000789706433e-07,-5.380945207047057e-09,-5.380945207023957e-09,-1.4936592888516623e-16,2.467847517458509e-09,7.829438183415639e-21,-1.1546835958089102e-12,2.4664912918695076e-09,1.3283948457311502e-12,4.072963656256751e-13,7.750686129389434e-13,1.961217047488433e-21,1.4936594808509724e-16
7.820999999999999,548,101324.99999999999,2.771e-08,0.066,0.29999999999999993,0.6339999999999998,0.22000000000000003,548.0,1e-11,1e-22,IdealGasReactor,off,0.6291757801141004,0.0,0.0,0.27400704435947965,0.046903881090549555,0.015631780129277812,1.2409819235002939e-11,0.03428151429418287,0.0,0.0026111540832283544,2.9213484119532604e-11,0.6175670680856669,5.032976337663902e-09,1.876716283157711e-07,1.1831785676892454e-07,1.139117625444547e-05,0.3792578944623204,3.8346134261837855e-05,2.7769405854729565e-05,0.00040682246141159577,4.443206284798033e-06,1.816814453951123e-13,2.0333661810086793e-09,7.479789949435318e-05,0.0,0.0,0.0,0.0,0.0,0.0,0.0,0.0,0.0,0.0,0.0,0.0,-2.0677047212061252e-07,4.1354094406482123e-07,1.3784698130495662e-07,1.272946674820277e-16,-2.75693962749332e-07,0.0,-5.501256224405914e-16,4.169914842698726e-22,-5.365658582347897e-18,-9.602513109338474e-22,4.9081482947328043e-17,6.013933925505532e-20,-5.765614305617113e-20,-4.888355417773962e-16,-2.668348290444547e-21,6.7324870106884725e-18,-2.5611184907067274e-21,-2.4760100673126347e-21,1.3299846138174497e-21,-2.3823267177929652e-23,4.942285032295954e-16,2.732310812522936e-07,2.0677047212061252e-07,3.7564803301090954e-07,-4.1353979094533797e-07,-3.552130012648753e-07,1.0197269813955101e-10,1.1506890515662214e-07,5.12565137557701e-08,5.812295367315956e-08,5.12565137557701e-08,1.3778633832470473e-07,1.3778633832470473e-07,-1.272946674820277e-16,2.7557267767962503e-07,-1.138760910684881e-16,2.1314947612436596e-19,-1.0657330453668299e-15,2.75572677010949e-07,9.362211810508259e-14,3.6117580961871195e-12,5.0931679012067814e-11,-1.1331579042963475e-11,-7.512341616852994e-20,2.754197259628721e-07,3.6117580961871195e-12,5.0931679012067814e-11,-1.3246839121034508e-07,1.5295055384842085e-10,-1.376940307511107e-07,-5.378590094611553e-09,-5.378590094553897e-09,-1.49252270960279e-16,2.4642359095022825e-09,7.818832284614347e-21,-1.1531194832468951e-12,2.4628814970384e-09,1.3264503684650584e-12,4.069145901692956e-13,7.740177425257135e-13,1.958573550510137e-21,1.4925224713701182e-16
7.829999999999998,548,101325.00000000003,2.771e-08,0.066,0.29999999999999993,0.6339999999999998,0.22000000000000003,548.0,1e-11,1e-22,IdealGasReactor,off,0.6291716449917572,0.0,0.0,0.2739855266531216,0.04694300653299229,0.015644821962129938,1.2421880616089686e-11,0.03425499984757683,0.0,0.002610251375854469,2.918776897983071e-11,0.6177162475371357,5.031585951757249e-09,1.8776300444001196e-07,1.1829077761799934e-07,1.1392507430175117e-05,0.3791101380349123,3.8323422106587346e-05,2.7738328723945868e-05,0.00040641123428926943,4.441496673565654e-06,1.8150421560332992e-13,2.033768081163625e-09,7.474291436860077e-05,0.0,0.0,0.0,0.0,0.0,0.0,0.0,0.0,0.0,0.0,0.0,0.0,-2.06611327075605e-07,4.132226537692057e-07,1.3774088461314515e-07,1.2724491158798004e-16,-2.7548176935494713e-07,0.0,-2.105571206024391e-15,1.092224352784759e-21,4.208488100120165e-18,2.6610242186859887e-20,2.5475161751295364e-16,-1.776916304661912e-19,1.7999450129153882e-19,-1.8495739206833814e-15,-1.627532204559008e-20,5.640260461468426e-18,1.3686822230728455e-20,-3.7256990271212635e-21,-3.0552405732079914e-21,-8.440764186084533e-22,1.8453512502000698e-15,2.7302249301858553e-07,2.06611327075605e-07,3.7531819024501365e-07,-4.1322150221196913e-07,-3.549454533901646e-07,1.0182981302999795e-10,1.1502854287259016e-07,5.1195819863023e-08,5.807248697215842e-08,5.1195819863023e-08,1.3768032538977758e-07,1.3768032538977758e-07,-1.2724491158798004e-16,2.753606518086719e-07,-1.137051320520799e-16,2.1286883486637916e-19,-1.0646869798633883e-15,2.753606525018881e-07,9.355008512468207e-14,3.6059705727767527e-12,5.086614557355911e-11,-1.1307819188710171e-11,-7.501824963181523e-20,2.752078713297449e-07,3.6059705727767527e-12,5.086614557355911e-11,-1.323646490868634e-07,1.527793267919847e-10,-1.3758810528635546e-07,-5.3762355262817534e-09,-5.376235526461748e-09,-1.4913944352472676e-16,2.4606289377877483e-09,7.808239038285819e-21,-1.1515572365390799e-12,2.459276336361607e-09,1.324508387969749e-12,4.065330302722956e-13,7.72968112783124e-13,1.9559331384750297e-21,1.4913859944830815e-16
7.838999999999999,548,101325.00000000003,2.771e-08,0.066,0.29999999999999993,0.6339999999999998,0.22000000000000003,548.0,1e-11,1e-22,IdealGasReactor,off,0.6291675131072801,0.0,0.0,0.2739640257954654,0.04698210133959995,0.01565785358302244,1.2433937154514295e-11,0.0342285061621984,0.0,0.0026093486260304073,2.916207421719573e-11,0.6178653921211286,5.030195601707465e-09,1.8785414707857246e-07,1.1826360356406316e-07,1.1393830568169512e-05,0.3789624160890857,3.8300715216394135e-05,2.7707282812519345e-05,0.00040600038149486413,4.4397872395539445e-06,1.8132714600926957e-13,2.0341699797967197e-09,7.468795496427767e-05,0.0,0.0,0.0,0.0,0.0,0.0,0.0,0.0,0.0,0.0,0.0,0.0,-2.064522598320592e-07,4.129045195367622e-07,1.376348397823085e-07,1.2719516745404972e-16,-2.7526967969155185e-07,0.0,5.64631790408441e-17,-7.923613974971412e-23,5.26170905527349e-19,3.8107694643897464e-22,1.632656005832664e-19,-1.0614381620280451e-20,1.069875404276086e-20,5.63530225714898e-17,1.7256076079687617e-22,2.678805598221322e-19,2.5631269684367436e-22,-1.504434739080819e-23,9.43597626415862e-23,1.3571368657816763e-23,-5.68818516999005e-17,2.7281400388534703e-07,2.064522598320592e-07,3.7498854642673013e-07,-4.1290336953990784e-07,-3.5467803338899655e-07,1.0168710793713577e-10,1.14988156964898e-07,5.11351759748255e-08,5.802204766739142e-08,5.11351759748255e-08,1.3757436421475732e-07,1.3757436421475732e-07,-1.2719516745404972e-16,2.75148729457526e-07,-1.1353440938518209e-16,2.125885282967742e-19,-1.0636416489120186e-15,2.7514872824596637e-07,9.347808731382675e-14,3.60019118691337e-12,5.0800687762793815e-11,-1.128410598438418e-11,-7.491321812256522e-20,2.749961200579863e-07,3.60019118691337e-12,5.0800687762793815e-11,-1.3226095827986308e-07,1.526082448619105e-10,-1.3748223153744667e-07,-5.373881502445431e-09,-5.37388150245613e-09,-1.4902499150645147e-16,2.4570265986809764e-09,7.797658435482015e-21,-1.149996854366306e-12,2.455675806204797e-09,1.3225689022861875e-12,4.061516861370306e-13,7.719197228825471e-13,1.953295809419041e-21,1.4902500507782013e-16
7.847999999999999,548,101324.99999999999,2.771e-08,0.066,0.29999999999999993,0.6339999999999998,0.22000000000000003,548.0,1e-11,1e-22,IdealGasReactor,off,0.6291633844589839,0.0,0.0,0.2739425417777441,0.047021165526312476,0.015670874997268245,1.2445988851648234e-11,0.03420203322724531,0.0,0.002608445834315406,2.913639982400185e-11,0.6180145017816892,5.0288052881278695e-09,1.8794505645446443e-07,1.1823633481045094e-07,1.1395145677305446e-05,0.37881472868041477,3.82780136021703e-05,2.7676268101227963e-05,0.00040558990282794997,4.438077983611569e-06,1.8115023652524123e-13,2.034571876872623e-09,7.463302130270811e-05,0.0,0.0,0.0,0.0,0.0,0.0,0.0,0.0,0.0,0.0,0.0,0.0,-2.0629327044243057e-07,4.125865407578425e-07,1.3752884685233157e-07,1.2714543509880378e-16,-2.7505769383817666e-07,0.0,-3.69286217364695e-16,-1.3660659908788282e-23,-6.617436006352978e-18,-3.049483613381474e-24,-1.5945395232062204e-19,1.2334917294390749e-20,-1.2424252800546476e-20,-3.630325540899624e-16,-3.6819377193997096e-22,-2.7693788036608402e-19,-4.320427044340098e-21,2.9778502051908996e-23,8.482270302786191e-23,4.754408863857994e-24,3.6968252355112645e-16,2.726056139355196e-07,2.0629327044243057e-07,3.746591016383206e-07,-4.125853923195072e-07,-3.544107413502623e-07,1.0154458270277838e-10,1.1494774747888941e-07,5.1074582095319554e-08,5.797163577512064e-08,5.1074582095319554e-08,1.3746845483471706e-07,1.3746845483471706e-07,-1.2714543509880378e-16,2.749369106963441e-07,-1.133639228214971e-16,2.1230855613701002e-19,-1.0625970526287838e-15,2.7493690990532116e-07,9.340612469634766e-14,3.5944199304427078e-12,5.073530552098399e-11,-1.1260439350061415e-11,-7.480832151338087e-20,2.747844722275818e-07,3.5944199304427078e-12,5.073530552098399e-11,-1.3215731882834555e-07,1.5243730805681784e-10,-1.3737640954427468e-07,-5.371528023986036e-09,-5.371528023973612e-09,-1.4891145931301735e-16,2.453428888266557e-09,7.787090466375866e-21,-1.1484383352792157e-12,2.452079902657061e-09,1.3206319093064314e-12,4.0577055792009115e-13,7.708725719083053e-13,1.950661561154745e-21,1.489114640674262e-16
7.856999999999999,548,101325.0,2.771e-08,0.066,0.29999999999999993,0.6339999999999998,0.22000000000000003,548.0,1e-11,1e-22,IdealGasReactor,off,0.6291592590451831,0.0,0.0,0.27392107459118753,0.047060199109076814,0.015683886210183663,1.245803570886477e-11,0.03417558103191074,0.0,0.0026075430011245865,2.911074579100342e-11,0.6181635764291398,5.027415011356706e-09,1.8803573278080268e-07,1.1820897155429815e-07,1.1396452766502322e-05,0.37866707589836246,3.8255317272712035e-05,2.76452845693141e-05,0.00040517979806558007,4.4363689066717955e-06,1.8097348706242833e-13,2.034973772539441e-09,7.457811340772916e-05,0.0,0.0,0.0,0.0,0.0,0.0,0.0,0.0,0.0,0.0,0.0,0.0,-2.061343589362642e-07,4.122687176956892e-07,1.374229058682748e-07,1.2709571455220662e-16,-2.7484581180083016e-07,0.0,1.2155315896623255e-14,-2.8351954146769608e-22,3.3093706597500313e-17,-5.7537037063720815e-21,4.991009292797956e-17,-1.6133330667234252e-19,1.5274386319159188e-19,1.214209373134177e-14,1.4246495238316087e-21,-2.957728600864749e-17,2.947468786215461e-20,2.7994635362150108e-21,-2.7133893658074826e-21,7.57925171141022e-23,-1.2175345641687736e-14,2.723973231792947e-07,2.061343589362642e-07,3.7432985592058277e-07,-4.122675708140115e-07,-3.541435773237773e-07,1.014022371575847e-10,1.1490731444733304e-07,5.1014038222939616e-08,5.7921251305199375e-08,5.1014038222939616e-08,1.3736259726954193e-07,1.3736259726954193e-07,-1.2709571455220662e-16,2.747251955648962e-07,-1.1319367211995236e-16,2.12028918094655e-19,-1.0615531911652528e-15,2.7472518226989706e-07,9.333419728575617e-14,3.5886567948153058e-12,5.066999878375697e-11,-1.12368192046176e-11,-7.470355967944662e-20,2.745729279288595e-07,3.5886567948153058e-12,5.066999878375697e-11,-1.3205373077599714e-07,1.52266516383217e-10,-1.3727063935188303e-07,-5.369175092277688e-09,-5.369175092430432e-09,-1.4879790064980362e-16,2.4498358023615636e-09,7.776535120279297e-21,-1.1468816777018564e-12,2.4484886215354657e-09,1.318697406776227e-12,4.0538964573285977e-13,7.69826658859165e-13,1.948030391274867e-21,1.4879797644232073e-16
7.866,548,101324.99999999996,2.771e-08,0.066,0.29999999999999993,0.6339999999999998,0.22000000000000003,548.0,1e-11,1e-22,IdealGasReactor,off,0.6291551368641913,0.0,0.0,0.2738996242270196,0.04709920210385102,0.015696887227087803,1.2470077727537852e-11,0.03414914956538028,0.0,0.002606640127501911,2.908511211598287e-11,0.6183126161219299,5.026024772939438e-09,1.8812617631621318e-07,1.1818151401927733e-07,1.1397751844501007e-05,0.3785194576835349,3.823262624599605e-05,2.7614332202660505e-05,0.000404770067082347,4.434660009292148e-06,1.8079689753654027e-13,2.035375666142327e-09,7.452323129180195e-05,0.0,0.0,0.0,0.0,0.0,0.0,0.0,0.0,0.0,0.0,0.0,0.0,-2.0597552544240728e-07,4.1195105084339656e-07,1.3731701685179729e-07,1.2704600579415526e-16,-2.746340338320011e-07,0.0,-6.971138793847974e-16,4.8796446847339304e-23,-7.811029437028931e-18,1.7914979764346438e-21,-8.566615942822136e-17,-1.1990810159568689e-20,1.2976809449731898e-20,-7.813912124907096e-16,-1.3367663295350553e-21,-6.4834476550117884e-18,-3.0838357504001323e-21,-9.72066466720519e-22,-3.0066935276280263e-21,-3.791448992143166e-23,7.892417263537317e-16,2.721891318721646e-07,2.0597552544240728e-07,3.7400080949368025e-07,-4.1194990551651593e-07,-3.5387654152917196e-07,1.0126007118094761e-10,1.1486685795816017e-07,5.095354438054172e-08,5.7870894295255034e-08,5.095354438054172e-08,1.372567916050424e-07,1.372567916050424e-07,-1.2704600579415526e-16,2.7451358423479787e-07,-1.1302365701676796e-16,2.1174961393783476e-19,-1.0605100645097168e-15,2.7451358386443303e-07,9.326230514035809e-14,3.5829017732095977e-12,5.060476751110971e-11,-1.121324547271799e-11,-7.45989324846185e-20,2.7436148720537994e-07,3.5829017732095977e-12,5.060476751110971e-11,-1.319501941452576e-07,1.5209586981136064e-10,-1.371649209819869e-07,-5.366822706539676e-09,-5.3668227065526526e-09,-1.486845802146063e-16,2.4462473379606173e-09,7.76599239024739e-21,-1.1453268806103714e-12,2.4449019598364926e-09,1.3167653930759225e-12,4.050089498813997e-13,7.687819831046539e-13,1.94540229832334e-21,1.4868454230011638e-16
7.874999999999998,548,101325.0,2.771e-08,0.066,0.29999999999999993,0.6339999999999998,0.22000000000000003,548.0,1e-11,1e-22,IdealGasReactor,off,0.6291510179143208,0.0,0.0,0.2738781906764588,0.04713817452660166,0.01570987805330287,1.2482114909042722e-11,0.03412273881683367,0.0,0.002605737213573747,2.905949878643028e-11,0.6184616207027567,5.024634572659779e-09,1.882163872528894e-07,1.1815396239011264e-07,1.1399042920306483e-05,0.3783718741933567,3.820994052658217e-05,2.7583410977424838e-05,0.00040436070961006676,4.432951292575917e-06,1.806204678564569e-13,2.03577755819743e-09,7.44683749838114e-05,0.0,0.0,0.0,0.0,0.0,0.0,0.0,0.0,0.0,0.0,0.0,0.0,-2.0581676994449682e-07,4.1163353976207757e-07,1.3721117985835885e-07,1.2699630887747309e-16,-2.7442235984136325e-07,0.0,-7.240776611744784e-17,4.815963496341103e-23,2.364605094815324e-18,-4.841827880027468e-22,-6.829203137237796e-20,-2.3822801641527197e-21,2.4004781376288863e-21,-7.484097579191544e-17,-4.692629340394746e-23,2.3322870521796018e-20,1.5973036352725651e-21,2.1111200196001803e-22,-9.954353005653233e-25,-2.193943168960972e-24,7.246504193836799e-17,2.7198103992853153e-07,2.0581676994449682e-07,3.736719623151841e-07,-4.116323959881354e-07,-3.536096339377464e-07,1.0111808458107661e-10,1.1482637801894321e-07,5.089310055513196e-08,5.7820564742265585e-08,5.089310055513196e-08,1.3715103783061693e-07,1.3715103783061693e-07,-1.2699630887747309e-16,2.7430207668484533e-07,-1.1285387728134424e-16,2.114706433461355e-19,-1.0594676728852326e-15,2.743020756090786e-07,9.319044825294988e-14,3.577154856283362e-12,5.0539611627428976e-11,-1.1189718070824615e-11,-7.449443980925624e-20,2.7415015016824993e-07,3.577154856283362e-12,5.0539611627428976e-11,-1.3184670898922916e-07,1.5192536836362663e-10,-1.3705925448999525e-07,-5.3644708691296945e-09,-5.364470869132095e-09,-1.4857116382645793e-16,2.4426634903343625e-09,7.755462263861852e-21,-1.1437739421733533e-12,2.441319912831719e-09,1.3148358656576973e-12,4.0462847038654346e-13,7.677385434718623e-13,1.942777279451975e-21,1.4857116163251476e-16
7.883999999999999,548,101324.99999999996,2.771e-08,0.066,0.29999999999999993,0.6339999999999998,0.22000000000000003,548.0,1e-11,1e-22,IdealGasReactor,off,0.6291469021938837,0.0,0.0,0.27385677393071917,0.04717711639330487,0.015722858694154088,1.2494147254755731e-11,0.03409634877544434,0.0,0.0026048342601837308,2.9033905797858146e-11,0.6186105901832527,5.023244411679077e-09,1.8830636583521545e-07,1.1812631688182116e-07,1.1400326002720872e-05,0.3782243254154844,3.8187260129502444e-05,2.7552520877342153e-05,0.00040395172549183517,4.431242757197967e-06,1.804441979362589e-13,2.036179448304575e-09,7.441354449967908e-05,0.0,0.0,0.0,0.0,0.0,0.0,0.0,0.0,0.0,0.0,0.0,0.0,-2.0565809253942924e-07,4.113161848860625e-07,1.3710539491675184e-07,1.2694662379788264e-16,-2.742107899726593e-07,0.0,-7.864004693878205e-16,5.723563262469991e-22,-7.42090757123302e-18,-7.27562313292642e-21,6.581514821592878e-17,2.432572745395944e-19,-2.400924815159665e-19,-7.080999562676898e-16,-1.5567058491075648e-21,4.74515105040223e-18,-1.993171556535452e-21,-1.7199669874391674e-21,-1.002247824579981e-21,-2.537228982434852e-22,7.155639760899535e-16,2.7177304749552173e-07,2.0565809253942924e-07,3.733433145472707e-07,-4.113150426632013e-07,-3.5334285471451066e-07,1.0097627722176937e-10,1.1478587470015934e-07,5.083270676157478e-08,5.7770262674895263e-08,5.083270676157478e-08,1.3704533601085615e-07,1.3704533601085615e-07,-1.2694662379788264e-16,2.740906730442271e-07,-1.1268433265721031e-16,2.1119200606824163e-19,-1.0584260163288926e-15,2.740906726028669e-07,9.311862666741902e-14,3.5714160366643625e-12,5.0474531084898153e-11,-1.1166236921985505e-11,-7.439008152081308e-20,2.7393891687528183e-07,3.5714160366643625e-12,5.0474531084898153e-11,-1.317432753368038e-07,1.5175501202109793e-10,-1.3695363990473393e-07,-5.362119579948065e-09,-5.362119579707973e-09,-1.4845808823672193e-16,2.4390842560971954e-09,7.744944732973694e-21,-1.1422228611893567e-12,2.4377424771375276e-09,1.3129088226974812e-12,4.0424820749118693e-13,7.666963392107127e-13,1.940155332897496e-21,1.484578345138237e-16
7.892999999999999,548,101324.99999999999,2.771e-08,0.066,0.29999999999999993,0.6339999999999998,0.22000000000000003,548.0,1e-11,1e-22,IdealGasReactor,off,0.6291427897011898,0.0,0.0,0.27383537398100943,0.04721602771994516,0.015735829154969714,1.2506174766054522e-11,0.03406997943037984,0.0,0.0026039312678032647,2.9008333141597626e-11,0.6187595244876034,5.021854290444143e-09,1.8839611228074044e-07,1.1809857769355212e-07,1.1401601100653298e-05,0.37807681142545324,3.816458506434085e-05,2.7521661882195238e-05,0.0004035431145127759,4.429534404053968e-06,1.8026808768720523e-13,2.036581336538921e-09,7.435873986194656e-05,0.0,0.0,0.0,0.0,0.0,0.0,0.0,0.0,0.0,0.0,0.0,0.0,-2.0549949326514807e-07,4.109989864562053e-07,1.3699966206939266e-07,1.268969505806638e-16,-2.739993242763954e-07,0.0,-1.922406493676212e-15,-4.697260574660125e-22,-3.212730177060923e-18,5.181990125607965e-22,-5.282859788730346e-17,3.758179307848924e-19,-3.7531500497246014e-19,-1.9641251543100606e-15,-1.273926906759049e-21,7.479466079871666e-18,-3.742702475860308e-21,2.933079054536467e-21,5.009723402228606e-22,-1.4920266965987912e-23,1.9673593615389594e-15,2.715651546277248e-07,2.0549949326514807e-07,3.730148662454402e-07,-4.1099784578256917e-07,-3.53076203923643e-07,1.0083464893796167e-10,1.147453480397203e-07,5.0772363000149e-08,5.771998810529844e-08,5.0772363000149e-08,1.3693968617121821e-07,1.3693968617121821e-07,-1.268969505806638e-16,2.738793733638529e-07,-1.1251502290134638e-16,2.109137018169172e-19,-1.057385094972119e-15,2.738793741796641e-07,9.304684040106357e-14,3.5656853059594207e-12,5.0409525821262084e-11,-1.1142801945987244e-11,-7.428585749342889e-20,2.7372778741151896e-07,3.5656853059594207e-12,5.0409525821262084e-11,-1.3163989322922595e-07,1.515848007858015e-10,-1.3684807726860735e-07,-5.359768840166708e-09,-5.359768839791393e-09,-1.483445758956225e-16,2.4355096311663774e-09,7.734439787212978e-21,-1.140673636129334e-12,2.434169648670605e-09,1.3109842619945458e-12,4.03868161322297e-13,7.656553693510145e-13,1.937536456331482e-21,1.4834456097535554e-16
7.901999999999999,548,101324.99999999999,2.771e-08,0.066,0.29999999999999993,0.6339999999999998,0.22000000000000003,548.0,1e-11,1e-22,IdealGasReactor,off,0.6291386804345492,0.0,0.0,0.27381399081853364,0.04725490852251629,0.015748789441081032,1.2518197444317887e-11,0.0340436307708016,0.0,0.002603028237088163,2.8982780811020213e-11,0.6189084235837813,5.020464209756019e-09,1.8848562682017378e-07,1.1807074503216347e-07,1.1402868222960574e-05,0.3779293322547984,3.814191534336524e-05,2.7490833973695623e-05,0.00040313487648632854,4.42782623392748e-06,1.8009213702173508e-13,2.0369832227389336e-09,7.430396108972852e-05,0.0,0.0,0.0,0.0,0.0,0.0,0.0,0.0,0.0,0.0,0.0,0.0,-2.053409721885936e-07,4.10681944164537e-07,1.3689398135167624e-07,1.2684728923629678e-16,-2.7378796295558947e-07,0.0,2.145923968045431e-14,-1.1036073847325154e-21,-3.3705178010056793e-18,-1.7839784697455998e-20,8.580332582611735e-17,1.5712461171567271e-19,-1.7339360000336566e-19,2.167060549037758e-14,6.029597668808636e-21,1.2203152226012185e-16,4.450984963036466e-22,-3.9086868882544786e-21,-3.0905495352837333e-22,-2.7835032394196182e-22,-2.1667216629506402e-14,2.71357361531898e-07,2.053409721885936e-07,3.726866175175036e-07,-4.1068080503827136e-07,-3.5280968167898616e-07,1.006931995788079e-10,1.1470479809177985e-07,5.071206927821541e-08,5.7669741053728636e-08,5.071206927821541e-08,1.3683408835640758e-07,1.3683408835640758e-07,-1.2684728923629678e-16,2.736681777331366e-07,-1.123459477640156e-16,2.1063573032252058e-19,-1.0563449088968416e-15,2.73668154915363e-07,9.29750894842589e-14,3.5599626562795404e-12,5.034459578136771e-11,-1.111941306437039e-11,-7.418176759785671e-20,2.7351676184793084e-07,3.5599626562795404e-12,5.034459578136771e-11,-1.3153656270135476e-07,1.5141473464879873e-10,-1.3674256661701115e-07,-5.357418650321467e-09,-5.3574186501480735e-09,-1.4823161941989471e-16,2.431939611799095e-09,7.723947417300672e-21,-1.139126265624876e-12,2.4306014236914374e-09,1.3090621815328801e-12,4.0348833206349747e-13,7.646156330303915e-13,1.934920647702123e-21,1.4823134106957077e-16
7.911,548,101324.99999999999,2.771e-08,0.066,0.29999999999999993,0.6339999999999998,0.22000000000000003,548.0,1e-11,1e-22,IdealGasReactor,off,0.6291345743922708,0.0,0.0,0.2737926244344905,0.047293758817022157,0.015761739557822188,1.25302152909255e-11,0.034017302785864185,0.0,0.0026021251686380266,2.895724879888593e-11,0.6190572874259825,5.019074170307651e-09,1.8857490968068816e-07,1.1804281910210023e-07,1.1404127378523073e-05,0.3777818879488964,3.811925097802296e-05,2.7460037132977037e-05,0.0004027270112174783,4.4261182476383745e-06,1.799163458521006e-13,2.037385106815887e-09,7.42492082032101e-05,0.0,0.0,0.0,0.0,0.0,0.0,0.0,0.0,0.0,0.0,0.0,0.0,-2.0518252936769685e-07,4.103650586085058e-07,1.3678835280111646e-07,1.26797639779918e-16,-2.735767057389764e-07,0.0,-1.2463973351816782e-16,-3.847230005170368e-23,-9.956289480978725e-18,3.7341194621141954e-22,4.113403750103696e-20,-1.1990810159568689e-20,1.201562557794528e-20,-1.1461573386212362e-16,-3.455013360315109e-22,-5.2511492832500796e-20,-6.548438832045245e-21,-4.4538506107152084e-23,8.545817108870215e-24,1.1515274544004378e-23,1.246210424157996e-16,2.71149667940623e-07,2.0518252936769685e-07,3.7235856845485624e-07,-4.103639210277575e-07,-3.525432880788584e-07,1.0055192898919057e-10,1.1466422490551808e-07,5.065182560088356e-08,5.761952153791704e-08,5.065182560088356e-08,1.3672854260514258e-07,1.3672854260514258e-07,-1.26797639779918e-16,2.7345708622951134e-07,-1.1217710699788573e-16,2.1035809131026156e-19,-1.0553054582003004e-15,2.734570851981033e-07,9.290337394331298e-14,3.5542480795867095e-12,5.027974090791978e-11,-1.1096070198293086e-11,-7.40778117060762e-20,2.733058402598778e-07,3.5542480795867095e-12,5.027974090791978e-11,-1.31433283789971e-07,1.5124481360444886e-10,-1.3663710798751204e-07,-5.355069011145469e-09,-5.355069011157485e-09,-1.4811816332707694e-16,2.428374194146007e-09,7.713467613624971e-21,-1.1375807482588875e-12,2.4270377983533585e-09,1.30714257924033e-12,4.0310871988060656e-13,7.635771293536009e-13,1.9323079048729442e-21,1.4811817484235148e-16
7.919999999999998,548,101324.99999999997,2.771e-08,0.066,0.29999999999999993,0.6339999999999998,0.22000000000000003,548.0,1e-11,1e-22,IdealGasReactor,off,0.629130471572662,0.0,0.0,0.27377127482007474,0.04733257861947231,0.01577467951053065,1.2542228307258996e-11,0.033990995464718184,0.0,0.002601222062984857,2.893173709714345e-11,0.6192061159536393,5.0176841726630705e-09,1.8866396108423186e-07,1.18014800104754e-07,1.1405378576232976e-05,0.3776344785679673,3.809659197874943e-05,2.742927134040046e-05,0.00040231951849992387,4.424410446040309e-06,1.7974071408953603e-13,2.037786988765604e-09,7.419448122353502e-05,0.0,0.0,0.0,0.0,0.0,0.0,0.0,0.0,0.0,0.0,0.0,0.0,-2.0502416484959677e-07,4.100483294801967e-07,1.3668277645733137e-07,1.2674800223165526e-16,-2.733655530545282e-07,0.0,-7.521231768296969e-15,6.138871027547537e-22,-6.821882825788053e-18,-3.3329017924654487e-21,9.221192416548419e-17,2.159404619906432e-19,-2.1573862992118025e-19,-7.415646279155303e-15,2.3846046911158036e-21,6.257768367740916e-18,-5.8395302038805074e-21,1.3855275260263214e-22,-2.0404095655897363e-21,-4.588482686161923e-22,7.422511387230252e-15,2.7094207428584585e-07,2.0502416484959677e-07,3.7203071912926855e-07,-4.1004719344311415e-07,-3.522770232032704e-07,1.0041083700860276e-10,1.1462362852438214e-07,5.059163197050761e-08,5.75693295725474e-08,5.059163197050761e-08,1.3662304894898163e-07,1.3662304894898163e-07,-1.2674800223165526e-16,2.7324609891609744e-07,-1.120085003575717e-16,2.1008078449834775e-19,-1.0542667429924293e-15,2.73246105186864e-07,9.283169379966885e-14,3.5485415676515535e-12,5.021496114092408e-11,-1.1072773268370176e-11,-7.397398969095546e-20,2.730950227267025e-07,3.5485415676515535e-12,5.021496114092408e-11,-1.3133005653374036e-07,1.5107503765007973e-10,-1.365317014196815e-07,-5.352719923591019e-09,-5.3527199233752805e-09,-1.4800552117998192e-16,2.4248133742337477e-09,7.703000366159663e-21,-1.1360370825527731e-12,2.4234787686823498e-09,1.305225452973791e-12,4.027293249178754e-13,7.62539857383912e-13,1.9296982256009404e-21,1.480050623317133e-16
7.9289999999999985,548,101325.00000000004,2.771e-08,0.066,0.29999999999999993,0.6339999999999998,0.22000000000000003,548.0,1e-11,1e-22,IdealGasReactor,off,0.6291263719740294,0.0,0.0,0.27374994196647523,0.047371367945888344,0.01578760930454652,1.2554236494700402e-11,0.03396470879650613,0.0,0.0026003189207400614,2.890624569864561e-11,0.6193549091244018,5.0162942175387514e-09,1.8875278125893643e-07,1.1798668824485334e-07,1.1406621824967005e-05,0.3774871041539203,3.8073938357143635e-05,2.7398536577184138e-05,0.00040191239813994656,4.4227028299421785e-06,1.7956524164606888e-13,2.038188868482772e-09,7.413978017046927e-05,0.0,0.0,0.0,0.0,0.0,0.0,0.0,0.0,0.0,0.0,0.0,0.0,-2.048658786938328e-07,4.0973175719111734e-07,1.3657725235702942e-07,1.2669837660547802e-16,-2.731545048404668e-07,0.0,-1.6656231857483883e-15,5.689590335106168e-23,1.1468061120372129e-19,-3.531995205272174e-21,6.985189548430596e-17,-1.3224301889007764e-19,1.3303214919445323e-19,-1.5961964850871723e-15,1.6118045900283081e-21,-1.794619258201286e-19,8.826140324459765e-22,-1.7520460855697395e-21,2.5006127472580273e-24,-1.0120711410100036e-22,1.596083487123167e-15,2.70734580509616e-07,2.048658786938328e-07,3.7170306963483927e-07,-4.0973062269585026e-07,-3.520108871533772e-07,1.0026992348275912e-10,1.145830089987446e-07,5.053148839247117e-08,5.751916517577777e-08,5.053148839247117e-08,1.365176074277184e-07,1.365176074277184e-07,-1.2669837660547802e-16,2.7303521587247583e-07,-1.1184012759520004e-16,2.0980380961287087e-19,-1.0532287633635084e-15,2.73035216324935e-07,9.276004908036511e-14,3.542843112467098e-12,5.015025642348918e-11,-1.1049522196054275e-11,-7.387030142414228e-20,2.7288430932207296e-07,3.542843112467098e-12,5.015025642348918e-11,-1.3122688096868726e-07,1.5090540677855048e-10,-1.3642634695025166e-07,-5.350371388342166e-09,-5.350371388475198e-09,-1.4789210479183355e-16,2.4212571482341918e-09,7.692545665351978e-21,-1.1344952670980645e-12,2.419924330850863e-09,1.3033108006707103e-12,4.023501473437897e-13,7.615038162315474e-13,1.9270916077632805e-21,1.4789200358471945e-16
7.937999999999999,548,101324.99999999999,2.771e-08,0.066,0.29999999999999993,0.6339999999999998,0.22000000000000003,548.0,1e-11,1e-22,IdealGasReactor,off,0.6291222755946795,0.0,0.0,0.27372862586487623,0.047410126812300106,0.015800528945212937,1.256623985463309e-11,0.03393844277036501,0.0,0.0025994157424459726,2.888077459545107e-11,0.6195036668798959,5.0149043055181e-09,1.8884137042769108e-07,1.1795848372407307e-07,1.1407857133620891e-05,0.3773397647647695,3.8051290123782805e-05,2.7367832823796624e-05,0.0004015056499328368,4.420995400192464e-06,1.7938992843307385e-13,2.0385907459505546e-09,7.408510506493106e-05,0.0,0.0,0.0,0.0,0.0,0.0,0.0,0.0,0.0,0.0,0.0,0.0,-2.0470767094893223e-07,4.0941534143416596e-07,1.364717805392725e-07,1.2664876292077338e-16,-2.72943561155881e-07,0.0,-1.2300780166760242e-14,9.305010366679939e-22,2.4309681760469676e-17,4.634977711198444e-21,3.371466415779973e-16,8.359421096011893e-19,-8.003915412348853e-19,-1.2012243904782486e-14,4.6802899907370534e-21,-2.5008709979096982e-17,2.7334574515849593e-20,4.411328357351154e-21,1.848994020278936e-21,1.249482399538825e-22,1.1987830483491543e-14,2.7052718667497973e-07,2.0470767094893223e-07,3.7137562004561715e-07,-4.0941420847886555e-07,-3.5174488001149087e-07,1.001291882519953e-10,1.145423663729873e-07,5.047139486938059e-08,5.74690283626601e-08,5.047139486938059e-08,1.3641221807381663e-07,1.3641221807381663e-07,-1.2664876292077338e-16,2.7282443716357824e-07,-1.1167198846534323e-16,2.0952716637316752e-19,-1.0521915194197855e-15,2.728244480332265e-07,9.268843980745993e-14,3.537152705837068e-12,5.008562669602418e-11,-1.1026316902272499e-11,-7.376674677847479e-20,2.726737001244097e-07,3.537152705837068e-12,5.008562669602418e-11,-1.3112375713295677e-07,1.5073592098628563e-10,-1.3632104461832176e-07,-5.348023406315728e-09,-5.348023405515336e-09,-1.477788736921424e-16,2.417705512185647e-09,7.68210350123413e-21,-1.1329553004247822e-12,2.4163744809012928e-09,1.30139862019806e-12,4.0197118730496363e-13,7.604690049654375e-13,1.9244880491310994e-21,1.4777899864038234e-16
7.946999999999999,548,101324.99999999999,2.771e-08,0.066,0.29999999999999993,0.6339999999999998,0.22000000000000003,548.0,1e-11,1e-22,IdealGasReactor,off,0.6291181824329166,0.0,0.0,0.2737073265064572,0.047448855234745894,0.01581343843787602,1.2578238388441656e-11,0.033912197375425994,0.0,0.0025985125287550834,2.8855323780838684e-11,0.6196523891880792,5.013514437397842e-09,1.8892972882212968e-07,1.1793018674882165e-07,1.1409084511074925e-05,0.37719246043207083,3.802864729084137e-05,2.733716006184971e-05,0.00040109927369080144,4.419288157571396e-06,1.7921477436262597e-13,2.03899262100951e-09,7.403045592574428e-05,0.0,0.0,0.0,0.0,0.0,0.0,0.0,0.0,0.0,0.0,0.0,0.0,-2.045495416806454e-07,4.0909908334222406e-07,1.3636636103930903e-07,1.2659916118802758e-16,-2.7273272213330076e-07,0.0,-4.950135884191503e-14,-1.773876096982046e-21,4.769974881863483e-17,8.317734016766662e-20,-1.0735142048779313e-16,2.3357727613925383e-18,-2.6804175636127573e-18,-4.967813041427513e-14,2.7604772174367116e-20,-2.332959156399997e-17,5.1219735397364345e-21,3.218518404413203e-20,3.869422546563212e-21,-1.2824905837034652e-21,4.96301652219042e-14,2.7031989291822133e-07,2.045495416806454e-07,3.710483704666818e-07,-4.090979519250429e-07,-3.514790018894364e-07,9.99886311651132e-11,1.1450170070121514e-07,5.041135140801496e-08,5.741891915306665e-08,5.041135140801496e-08,1.3630688093122002e-07,1.3630688093122002e-07,-1.2659916118802758e-16,2.726137628772917e-07,-1.115040827185667e-16,2.0925085450907069e-19,-1.0511550112371428e-15,2.726138114139687e-07,9.261686601081175e-14,3.531470339865462e-12,5.002107190318213e-11,-1.1003157309037692e-11,-7.366332562477983e-20,2.7246319520354047e-07,3.531470339865462e-12,5.002107190318213e-11,-1.3102068506124523e-07,1.5056658026298377e-10,-1.362157944587014e-07,-5.3456759780638034e-09,-5.345675975383386e-09,-1.4766733004090084e-16,2.4141584623375703e-09,7.671673864485133e-21,-1.1314171811589472e-12,2.412829215079425e-09,1.2994889095321496e-12,4.015924449815353e-13,7.59435422718557e-13,1.9218875476396075e-21,1.4766604755031714e-16
7.9559999999999995,548,101325.0,2.771e-08,0.066,0.29999999999999993,0.6339999999999998,0.22000000000000003,548.0,1e-11,1e-22,IdealGasReactor,off,0.6291140924870451,0.0,0.0,0.27368604388239265,0.04748755322927256,0.015826337787884847,1.259023209751194e-11,0.033885972600814475,0.0,0.0025976092805246134,2.882989325034712e-11,0.6198010760654594,5.012124614366775e-09,1.8901785668787126e-07,1.179017975336107e-07,1.1410303966103362e-05,0.37704519113859114,3.800600987347585e-05,2.7306518275094142e-05,0.00040069326925732236,4.4175811027357634e-06,1.7903977934812594e-13,2.0393944932345403e-09,7.397583276796413e-05,0.0,0.0,0.0,0.0,0.0,0.0,0.0,0.0,0.0,0.0,0.0,0.0,-2.0439149098680066e-07,4.0878298184708017e-07,1.3626099388311092e-07,1.265495714013183e-16,-2.725219878980444e-07,0.0,1.0626075720754297e-16,-4.872997196790989e-24,-5.22273258531685e-18,9.259214341668372e-23,-5.4104229505868434e-20,-1.852884572118782e-22,1.9686898578762059e-22,1.1150501528949955e-16,-2.93543195524859e-22,2.83156371775768e-20,-3.2988841304118798e-21,2.773639991466871e-23,2.83666270548256e-23,1.0516213515459142e-24,-1.0625681623476143e-16,2.701126993680356e-07,2.0439149098680066e-07,3.707213210609029e-07,-4.087818519661721e-07,-3.5121325295400127e-07,9.984825208656234e-11,1.1446101205552716e-07,5.035135802298549e-08,5.7368837575818675e-08,5.035135802298549e-08,1.3620159606510007e-07,1.3620159606510007e-07,-1.265495714013183e-16,2.724031931439653e-07,-1.1133641009812723e-16,2.0897487376978858e-19,-1.0501192388373523e-15,2.7240319189214546e-07,9.254532773470277e-14,3.5257960072103633e-12,4.9956591997420765e-11,-1.098004334026974e-11,-7.356003783017633e-20,2.722527946138159e-07,3.5257960072103633e-12,4.9956591997420765e-11,-1.309176647797395e-07,1.50397384586359e-10,-1.3611059649852456e-07,-5.343329103371412e-09,-5.343329103371609e-09,-1.4755314933786647e-16,2.410615995304371e-09,7.661256746987615e-21,-1.129880908103131e-12,2.4092885300088487e-09,1.2975816668528602e-12,4.012139206163323e-13,7.584030687425334e-13,1.9192901015284535e-21,1.4755315038948782e-16
7.965,548,101324.99999999999,2.771e-08,0.066,0.29999999999999993,0.6339999999999998,0.22000000000000003,548.0,1e-11,1e-22,IdealGasReactor,off,0.6291100057553679,0.0,0.0,0.27366477798385297,0.04752622081193528,0.01583922700059149,1.2602220983231044e-11,0.03385976843565023,0.0,0.0025967059979099157,2.88044829916877e-11,0.6199497273625951,5.010734836265808e-09,1.8910575422040222e-07,1.1787331626373596e-07,1.1411515507749404e-05,0.3768979570338622,3.798337787659097e-05,2.7275907439893097e-05,0.0004002876363675305,4.415874236763843e-06,1.7886494329800015e-13,2.039796363107623e-09,7.392123561931656e-05,0.0,0.0,0.0,0.0,0.0,0.0,0.0,0.0,0.0,0.0,0.0,0.0,-2.0423351885461365e-07,4.084670375712272e-07,1.3615567912477922e-07,1.2649999361081287e-16,-2.7231135840526163e-07,0.0,-4.364962520762547e-15,-6.715157180599651e-22,-1.2295059735710766e-17,3.6788842040119877e-22,1.1438385859281275e-17,5.18278284601225e-20,-3.490702184973777e-20,-4.324226005584388e-15,-7.136241735988844e-22,1.682104839344291e-17,-7.798536434424553e-21,8.933292121631276e-22,2.7844024005822405e-22,3.425919094814537e-22,4.336581434864169e-15,2.6990560598425277e-07,2.0423351885461365e-07,3.7039447179127265e-07,-4.084659092247478e-07,-3.5094763318254555e-07,9.970805082692633e-11,1.1442030044653867e-07,5.029141470166459e-08,5.731878362878882e-08,5.029141470166459e-08,1.3609636346724468e-07,1.3609636346724468e-07,-1.2649999361081287e-16,2.721927279471648e-07,-1.1116897037266361e-16,2.086992238376334e-19,-1.0490842024227274e-15,2.7219273113221476e-07,9.247382497355301e-14,3.520129698627174e-12,4.989218690424614e-11,-1.095697491375638e-11,-7.34568832744958e-20,2.720424984616592e-07,3.520129698627174e-12,4.989218690424614e-11,-1.308146963402584e-07,1.5022833397410947e-10,-1.3600545079082204e-07,-5.340982784520806e-09,-5.340982784485899e-09,-1.4743996456028961e-16,2.4070781064104013e-09,7.650852136476136e-21,-1.1283464794489218e-12,2.405752421008854e-09,1.2956768896379305e-12,4.0083561423509694e-13,7.573719418785884e-13,1.9166957079836854e-21,1.474403071521991e-16
7.973999999999998,548,101325.00000000003,2.771e-08,0.066,0.29999999999999993,0.6339999999999998,0.22000000000000003,548.0,1e-11,1e-22,IdealGasReactor,off,0.629105922236187,0.0,0.0,0.2736435288020022,0.04756485799880021,0.015852106081350625,1.2614205046986634e-11,0.03383358486904554,0.0,0.0025958026813977975,2.877909299626298e-11,0.6200983430085029,5.009345103574037e-09,1.891934216394267e-07,1.1784474313801833e-07,1.1412719144917654e-05,0.3767507581885728,3.79607513099294e-05,2.7245327536090424e-05,0.00039988237480766023,4.414167560534718e-06,1.786902661229834e-13,2.040198230683175e-09,7.386666450146721e-05,0.0,0.0,0.0,0.0,0.0,0.0,0.0,0.0,0.0,0.0,0.0,0.0,-2.0407562532340647e-07,4.081512513168107e-07,1.3605041680460976e-07,1.2645042784016046e-16,-2.721008336169516e-07,0.0,-4.047851651609132e-14,1.4957498430025213e-21,5.514286412340265e-17,-5.24331949211871e-20,-7.961356903658551e-16,-4.780971591658491e-19,5.534748196653563e-19,-4.139424808707629e-14,-4.251335864811424e-20,-6.347151684471568e-17,4.255992087905498e-20,5.5691485703781125e-21,1.2772175514878677e-20,1.1273952058380245e-22,4.133883206999068e-14,2.696986127329374e-07,2.0407562532340647e-07,3.700678227148289e-07,-4.08150124502917e-07,-3.506821426417774e-07,9.956802722231334e-11,1.1437956591399015e-07,5.02315214442041e-08,5.7268757324441776e-08,5.02315214442041e-08,1.3599118316403258e-07,1.3599118316403258e-07,-1.2645042784016046e-16,2.7198236733963955e-07,-1.1100176329889866e-16,2.0842390442663275e-19,-1.0480499021087208e-15,2.719824075958499e-07,9.240235774528605e-14,3.5144714057748896e-12,4.9827856561926377e-11,-1.0933951950345849e-11,-7.335386183159031e-20,2.7183230682859317e-07,3.5144714057748896e-12,4.9827856561926377e-11,-1.3071177978201208e-07,1.5005942842467076e-10,-1.3590035737626047e-07,-5.338637022597682e-09,-5.3386370231511566e-09,-1.4732740513125585e-16,2.4035447915836424e-09,7.64046002264567e-21,-1.126813893677082e-12,2.4022208840141994e-09,1.2937745756966687e-12,4.00457525965614e-13,7.563420411616469e-13,1.9141043646883476e-21,1.4732751787077643e-16
7.982999999999999,548,101325.0,2.771e-08,0.066,0.29999999999999993,0.6339999999999998,0.22000000000000003,548.0,1e-11,1e-22,IdealGasReactor,off,0.6291018419278039,0.0,0.0,0.2736222963280014,0.04760346480593929,0.01586497503552023,1.2626184290168316e-11,0.03380742189010886,0.0,0.0025948993322913337,2.8753723264513194e-11,0.6202469231261745,5.007955418335831e-09,1.8928085922290157e-07,1.1781607839005615e-07,1.1413914886305123e-05,0.37660359447849073,3.7938130195098106e-05,2.721477855205483e-05,0.00039947748448917564,4.412461074428777e-06,1.7851574773919212e-13,2.0406000949561332e-09,7.38121194210645e-05,0.0,0.0,0.0,0.0,0.0,0.0,0.0,0.0,0.0,0.0,0.0,0.0,-2.0391781056069638e-07,4.078356210695989e-07,1.3594520693262118e-07,1.2640087404744844e-16,-2.718904139941627e-07,0.0,8.434645315334953e-15,-2.508021553959909e-22,-4.979688333435926e-18,-3.935814236137302e-21,-7.462720254312969e-17,-2.7758857868299524e-19,2.770277502276843e-19,8.362280503879534e-15,4.9799063297595086e-21,-2.485490560614051e-18,-4.769583794549887e-21,2.0773090120620753e-21,2.786611657809347e-23,-3.474221080088694e-24,-8.357276778675221e-15,2.6949172007769426e-07,2.0391781056069638e-07,3.697413741198586e-07,-4.0783449578644894e-07,-3.504167816175626e-07,9.94281811711052e-11,1.1433880856919303e-07,5.017167828208169e-08,5.721875871099245e-08,5.017167828208169e-08,1.3588605526688972e-07,1.3588605526688972e-07,-1.2640087404744844e-16,2.7177211154427895e-07,-1.1083478860393489e-16,2.0814891532793219e-19,-1.0470163377955194e-15,2.7177210204509805e-07,9.233092612561264e-14,3.508821122513453e-12,4.9763600939897285e-11,-1.091097437818727e-11,-7.32509733604069e-20,2.7162221973448593e-07,3.508821122513453e-12,4.9763600939897285e-11,-1.3060891511672922e-07,1.498906678889023e-10,-1.3579531626473172e-07,-5.336291815891957e-09,-5.336291816168985e-09,-1.4721478614521798e-16,2.400016048273718e-09,7.630080399981551e-21,-1.1252831499735975e-12,2.39869391646844e-09,1.2918747236496086e-12,4.000796561863169e-13,7.553133661009531e-13,1.91151607054274e-21,1.472147826709969e-16
7.991999999999999,548,101325.0,2.771e-08,0.066,0.29999999999999993,0.6339999999999998,0.22000000000000003,548.0,1e-11,1e-22,IdealGasReactor,off,0.629097764828519,0.0,0.0,0.27360108055300547,0.047642041249435066,0.015877833868460894,1.263815871416631e-11,0.03378127948794137,0.0,0.0025939959504888404,2.8728373781276436e-11,0.6203954675054217,5.006565779901131e-09,1.8936806714846625e-07,1.177873221935113e-07,1.1415102740988111e-05,0.37645646611419264,3.7915514533252104e-05,2.7184260461435845e-05,0.0003990729651074133,4.4107547796798555e-06,1.7834138805317463e-13,2.041001956742313e-09,7.375760041036423e-05,0.0,0.0,0.0,0.0,0.0,0.0,0.0,0.0,0.0,0.0,0.0,0.0,-2.037600745129868e-07,4.075201488846409e-07,1.358400495710053e-07,1.263513323033775e-16,-2.7168009926681183e-07,0.0,-5.777353197921129e-16,4.411512059711272e-23,1.9188103341675013e-18,7.4533163549479965e-22,1.498973030932254e-17,-2.6575658720103673e-20,1.9561167125653998e-20,-5.643232503855975e-16,3.011232274344956e-23,3.9135284737188763e-19,8.268988945465551e-23,5.591223952975621e-22,-4.732001518336376e-22,1.0310316771353938e-22,5.623956911014035e-16,2.692849277535986e-07,2.037600745129868e-07,3.694151258955863e-07,-4.075190251303946e-07,-3.5015155001783804e-07,9.928851246435277e-11,1.1429802840042235e-07,5.0111885192582144e-08,5.716878777495862e-08,5.0111885192582144e-08,1.3578097974060156e-07,1.3578097974060156e-07,-1.263513323033775e-16,2.715619604906164e-07,-1.1066804606588037e-16,2.0787425619962855e-19,-1.0459835097493148e-15,2.715619599191754e-07,9.225953009060543e-14,3.5031788389124054e-12,4.96994199538629e-11,-1.0888042113119735e-11,-7.314821774549294e-20,2.7141223730438117e-07,3.5031788389124054e-12,4.96994199538629e-11,-1.3050610240348747e-07,1.4972205239856545e-10,-1.356903275185997e-07,-5.333947167517818e-09,-5.333947167537379e-09,-1.4710199841433515e-16,2.396491871314217e-09,7.619713254706689e-21,-1.1237542463077462e-12,2.39517151321323e-09,1.2899773307179078e-12,3.9970200484277065e-13,7.542859153873967e-13,1.9089308223464552e-21,1.4710210151750286e-16
8.001,548,101325.0,2.771e-08,0.066,0.29999999999999993,0.6339999999999998,0.22000000000000003,548.0,1e-11,1e-22,IdealGasReactor,off,0.6290936909366313,0.0,0.0,0.27357988146816536,0.04768058734537825,0.015890682585536157,1.2650128320372119e-11,0.03375515765163878,0.0,0.0025930925368350087,2.870304454188315e-11,0.6205439761607917,5.0051761894358836e-09,1.8945504566170344e-07,1.1775847476226706e-07,1.1416282717789718e-05,0.3763093730804225,3.789290433930939e-05,2.715377324777884e-05,0.0003986688165030434,4.409048676945124e-06,1.7816718697780322e-13,2.0414038156300504e-09,7.370310748425465e-05,0.0,0.0,0.0,0.0,0.0,0.0,0.0,0.0,0.0,0.0,0.0,0.0,-2.0360241727545205e-07,4.072048344989622e-07,1.3573494474657622e-07,1.2630180260268841e-16,-2.7146988961927463e-07,0.0,4.192012690750107e-15,8.548906967121338e-23,3.0365073075299532e-18,5.840262139385054e-21,-7.435318738469292e-17,-1.7144476248019073e-19,1.7191129234567064e-19,4.117304690859104e-15,6.7089997184309375e-22,2.8669044033818847e-18,1.6450081872911674e-21,-4.738710934163157e-22,-3.6073512553866944e-21,1.0498119610091314e-22,-4.120350429328131e-15,2.6907823594843425e-07,2.0360241727545205e-07,3.690890781994967e-07,-4.072037122717807e-07,-3.4988644800479076e-07,9.914902096539084e-11,1.1425722547892202e-07,5.0052142189348084e-08,5.711884454434474e-08,5.0052142189348084e-08,1.3567595664859423e-07,1.3567595664859423e-07,-1.2630180260268841e-16,2.713519143055191e-07,-1.1050153542854807e-16,2.0759992678938217e-19,-1.0449514179873751e-15,2.713519090535854e-07,9.218816968336067e-14,3.4975445475954137e-12,4.9635313555701666e-11,-1.0865155079440946e-11,-7.30455948541478e-20,2.7120235959200544e-07,3.4975445475954137e-12,4.9635313555701666e-11,-1.3040334166924108e-07,1.4955358193040948e-10,-1.3558539116464629e-07,-5.3316030773351505e-09,-5.331603077507062e-09,-1.4698936950212993e-16,2.392972257298081e-09,7.609358578603327e-21,-1.1222271814676421e-12,2.391653670840365e-09,1.2880823950641255e-12,3.9932457217133334e-13,7.532596882622463e-13,1.9063486183116033e-21,1.4698947448332603e-16
8.01,548,101325.0,2.771e-08,0.066,0.29999999999999993,0.6339999999999998,0.22000000000000003,548.0,1e-11,1e-22,IdealGasReactor,off,0.6290896202504395,0.0,0.0,0.2735586990646273,0.047719103109867,0.015903521192112555,1.2662093110178677e-11,0.03372905637029167,0.0,0.00259218909187986,2.867773553837688e-11,0.6206924490370862,5.0037866475403465e-09,1.895417949868279e-07,1.1772953629756602e-07,1.1417454825614985e-05,0.37616231543201234,3.7870299623892525e-05,2.7123316891531764e-05,0.00039826503847128315,4.407342767059775e-06,1.7799314442386377e-13,2.0418056715894527e-09,7.364864066293301e-05,0.0,0.0,0.0,0.0,0.0,0.0,0.0,0.0,0.0,0.0,0.0,0.0,-2.0344483889681927e-07,4.0688967766742316e-07,1.3562989249701623e-07,1.2625228496369693e-16,-2.7125978511167274e-07,0.0,-2.785507675792261e-16,1.8903489588842395e-23,8.627788961324751e-18,-1.9612107683157956e-23,5.241016361135983e-21,9.211483301390516e-21,-9.04604717887991e-21,-2.871906368172986e-16,3.479374899681272e-22,5.1684790837636184e-20,5.533441974260972e-21,-1.3025509708295958e-22,-4.476783467761753e-24,-1.1096889097411671e-24,2.785208301292496e-16,2.6887164472627753e-07,2.0344483889681927e-07,3.687632311051294e-07,-4.068885569654692e-07,-3.496214756611977e-07,9.900970651502562e-11,1.1421639985017885e-07,4.999244927459383e-08,5.7068929034174696e-08,4.999244927459383e-08,1.3557098602348083e-07,1.3557098602348083e-07,-1.2625228496369693e-16,2.711419730542038e-07,-1.1033525644646379e-16,2.0732592681689606e-19,-1.0439200626026205e-15,2.7114197220790004e-07,9.211684492603795e-14,3.491918240392141e-12,4.9571281686008676e-11,-1.0842313198947182e-11,-7.294310455903359e-20,2.709925866729013e-07,3.491918240392141e-12,4.9571281686008676e-11,-1.303006329508004e-07,1.4938525647788867e-10,-1.354805072405385e-07,-5.3292595462158275e-09,-5.3292595462067814e-09,-1.4687690271732477e-16,2.3894572022690715e-09,7.599016361718266e-21,-1.1207019539854828e-12,2.3881403853952008e-09,1.2861899145568316e-12,3.989473583172315e-13,7.522346837947889e-13,1.903769456208607e-21,1.4687690160763586e-16
8.018999999999998,548,101324.99999999999,2.771e-08,0.066,0.29999999999999993,0.6339999999999998,0.22000000000000003,548.0,1e-11,1e-22,IdealGasReactor,off,0.6290855527682412,0.0,0.0,0.2735375333335318,0.04775758855901103,0.01591634969355912,1.267405308497931e-11,0.03370297563298292,0.0,0.002591285616276184,2.865244676393178e-11,0.6208408861036736,5.00239715501277e-09,1.8962831535594295e-07,1.1770050700491806e-07,1.1418619073340786e-05,0.3760152931991079,3.784770039910824e-05,2.7092891374202447e-05,0.000397861630822952,4.405637050795363e-06,1.778192603027688e-13,2.0422075244564718e-09,7.35941999646464e-05,0.0,0.0,0.0,0.0,0.0,0.0,0.0,0.0,0.0,0.0,0.0,0.0,-2.0328733944181972e-07,4.0657467875756705e-07,1.3552489285598153e-07,1.2620277939641499e-16,-2.710497858382513e-07,0.0,2.975022215297285e-16,-2.5360663817528168e-23,-1.2489553540815104e-19,1.070916317675254e-22,-1.309195299099928e-19,-1.0587911840678754e-22,1.819797347616661e-23,2.974573213388985e-16,-4.775362547779429e-23,-3.9423607930294336e-20,-1.7566238517136242e-22,-7.651420666115506e-24,-9.390515026168732e-23,-6.669135824751637e-24,-2.973320583543605e-16,2.686651541851403e-07,2.0328733944181972e-07,3.684375847147582e-07,-4.065735595790046e-07,-3.493566330971875e-07,9.887056896187664e-11,1.141755515687233e-07,4.9932806454388944e-08,5.7019041263931085e-08,4.9932806454388944e-08,1.3546606790848461e-07,1.3546606790848461e-07,-1.2620277939641499e-16,2.709321368231275e-07,-1.1016920887046472e-16,2.0705225601154397e-19,-1.0428894436596569e-15,2.709321353933092e-07,9.204555584800628e-14,3.486299909408783e-12,4.9507324289286385e-11,-1.0819516394436488e-11,-7.284074673093997e-20,2.70782918614613e-07,3.486299909408783e-12,4.9507324289286385e-11,-1.3019797628130825e-07,1.4921707602821342e-10,-1.3537567577995322e-07,-5.326916574673288e-09,-5.3269165746733065e-09,-1.467643896104053e-16,2.38594670245895e-09,7.588686594696137e-21,-1.1191785624818883e-12,2.384631653110975e-09,1.2842998871657086e-12,3.985703634567631e-13,7.512109011133961e-13,1.901193333959466e-21,1.4676438294126948e-16
8.027999999999999,548,101325.0,2.771e-08,0.066,0.29999999999999993,0.6339999999999998,0.22000000000000003,548.0,1e-11,1e-22,IdealGasReactor,off,0.6290814884883329,0.0,0.0,0.27351638426601577,0.047796043708925484,0.015929168095248084,1.268600824616925e-11,0.03367691542879159,0.0,0.0025903821105721357,2.862717821054608e-11,0.6209892873052613,5.001007712450431e-09,1.8971460699340932e-07,1.176713870852799e-07,1.1419775469874042e-05,0.37586830643663793,3.782510667553312e-05,2.7062496676193215e-05,0.0003974585933526409,4.403931528986024e-06,1.776455345251283e-13,2.0426093742027675e-09,7.353978540948161e-05,0.0,0.0,0.0,0.0,0.0,0.0,0.0,0.0,0.0,0.0,0.0,0.0,-2.0312991895863148e-07,4.0625983773935995e-07,1.3541994586091263e-07,1.2615328591919026e-16,-2.7083989187099777e-07,0.0,6.194068078872708e-15,-3.550145684454708e-22,-1.2653399447900606e-17,-8.63772913830379e-21,5.1691879672088187e-17,-3.660770518914679e-20,3.860948227152512e-20,6.268796017952376e-15,1.193852349951578e-21,1.0301140364489219e-17,-9.17608013273196e-21,2.064461863173361e-21,2.1063403982980572e-21,-2.0846221541836748e-23,-6.2560781029287305e-15,2.6845876440097097e-07,2.0312991895863148e-07,3.68112139100698e-07,-4.062587200823545e-07,-3.4909192039461226e-07,9.873160814657531e-11,1.1413468067997906e-07,4.9873213730697946e-08,5.696918124846112e-08,4.9873213730697946e-08,1.3536120233584865e-07,1.3536120233584865e-07,-1.2615328591919026e-16,2.707224056767703e-07,-1.1000339245520387e-16,2.0677891409275552e-19,-1.0418595612490029e-15,2.7072239827674593e-07,9.197430247117383e-14,3.480689546470876e-12,4.944344130602837e-11,-1.0796764587886419e-11,-7.273852124255144e-20,2.705733554922497e-07,3.480689546470876e-12,4.944344130602837e-11,-1.300953716973331e-07,1.490490405743202e-10,-1.3527089682034033e-07,-5.324574163579535e-09,-5.3245741636181445e-09,-1.466519393692124e-16,2.3824407539056674e-09,7.578369267564785e-21,-1.117657005486354e-12,2.381127470026785e-09,1.282412310755918e-12,3.981935877336126e-13,7.50188339285189e-13,1.8986202493286886e-21,1.4665191852299085e-16
8.036999999999999,548,101325.0,2.771e-08,0.066,0.29999999999999993,0.6339999999999998,0.22000000000000003,548.0,1e-11,1e-22,IdealGasReactor,off,0.6290774274090108,0.0,0.0,0.27349525185321116,0.047834468575735464,0.015941976402554344,1.2697958595144522e-11,0.03365087574679009,0.0,0.002589478575298011,2.860192987001025e-11,0.6211376525824206,4.999618320416564e-09,1.8980067012250258e-07,1.1764217673875246e-07,1.1420924024128216e-05,0.3757213552036879,3.780251846347628e-05,2.7032132777709937e-05,0.00039705592585207285,4.402226202476144e-06,1.7747196700137853e-13,2.043011220823204e-09,7.348539701779052e-05,0.0,0.0,0.0,0.0,0.0,0.0,0.0,0.0,0.0,0.0,0.0,0.0,-2.0297257749251538e-07,4.059451548777794e-07,1.3531505154980908e-07,1.2610380455176874e-16,-2.706301032503696e-07,0.0,4.136958866172834e-15,-4.654780405580435e-22,-1.346311868069717e-17,6.230781662605996e-21,-1.891821617912878e-17,-3.263723824889226e-20,3.498973991099307e-20,4.142720172521821e-15,-3.820257272096984e-21,1.1132401309360212e-17,-7.596950842973728e-21,-1.0294004229281007e-21,-1.5566194541705606e-21,-2.7060691911141725e-23,-4.1291958454004e-15,2.682524754182218e-07,2.0297257749251538e-07,3.6778689432988693e-07,-4.059440387404979e-07,-3.488273376303168e-07,9.859282390839947e-11,1.140937872278519e-07,4.9813671104720135e-08,5.6919349001788256e-08,4.9813671104720135e-08,1.3525638933587682e-07,1.3525638933587682e-07,-1.2610380455176874e-16,2.7051277967574814e-07,-1.0983780695602937e-16,2.065059007782712e-19,-1.0408304154645964e-15,2.705127744029312e-07,9.190308481613118e-14,3.475087143357434e-12,4.937963267604246e-11,-1.0774057701220767e-11,-7.263642796688552e-20,2.7036389738201715e-07,3.475087143357434e-12,4.937963267604246e-11,-1.299928192359422e-07,1.488811501098969e-10,-1.3516617039970155e-07,-5.322232313866891e-09,-5.322232313901881e-09,-1.465395354501338e-16,2.378939352612419e-09,7.568064370244616e-21,-1.116137281512655e-12,2.3776278321478032e-09,1.2805271831744482e-12,3.978170312855454e-13,7.491669973665567e-13,1.8960502000531576e-21,1.4653950838944188e-16
8.046,548,101325.0,2.771e-08,0.066,0.29999999999999993,0.6339999999999998,0.22000000000000003,548.0,1e-11,1e-22,IdealGasReactor,off,0.6290733695285697,0.0,0.0,0.27347413608624527,0.047872863175574015,0.01595477462085567,1.2709904133302398e-11,0.033624856576045414,0.0,0.002588575011037805,2.857670173469585e-11,0.6212859818886849,4.998228979577611e-09,1.898865049703037e-07,1.1761287616761515e-07,1.1422064745002469e-05,0.37557443954631964,3.7779935774017355e-05,2.7001799659505257e-05,0.0003966536281210359,4.400521072075923e-06,1.772985576422149e-13,2.043413064242221e-09,7.343103480886274e-05,0.0,0.0,0.0,0.0,0.0,0.0,0.0,0.0,0.0,0.0,0.0,0.0,-2.0281531509703573e-07,4.056306299893769e-07,1.3521020995848498e-07,1.2605433530951552e-16,-2.7042042006690364e-07,0.0,-9.220511884305123e-15,-3.691587795750235e-22,-2.297635144806034e-18,3.581391202492881e-21,7.86222334388546e-17,2.1361112138569387e-19,-2.1227605187703328e-19,-9.117780122781832e-15,1.7812267194079123e-22,2.1571354669096345e-17,-4.109447318576667e-21,-2.6222400899755246e-21,-6.539023166711003e-22,1.9641454104066407e-22,9.120092590324002e-15,2.680462873313268e-07,2.0281531509703573e-07,3.6746185048412536e-07,-4.056295153699878e-07,-3.485628848953851e-07,9.845421609069275e-11,1.1405287126100336e-07,4.975417857962569e-08,5.686954454023805e-08,4.975417857962569e-08,1.351516289443816e-07,1.351516289443816e-07,-1.2605433530951552e-16,2.7030325889167555e-07,-1.0967245212636384e-16,2.0623321579083227e-19,-1.0398020063847746e-15,2.7030326688048945e-07,9.183190290721184e-14,3.469492691992123e-12,4.9315898341166515e-11,-1.0751395656933482e-11,-7.25344667759708e-20,2.7015454435577166e-07,3.469492691992123e-12,4.9315898341166515e-11,-1.2989031893220608e-07,1.487134046251904e-10,-1.3506149655386113e-07,-5.3198910262788934e-09,-5.319891026066617e-09,-1.4642695616876532e-16,2.3754424946806167e-09,7.55777189296711e-21,-1.1146193891202505e-12,2.374132735576848e-09,1.2786445023207312e-12,3.9744069426632753e-13,7.481468744444989e-13,1.893483183947989e-21,1.4642715258330636e-16
8.055,548,101324.99999999999,2.771e-08,0.066,0.29999999999999993,0.6339999999999998,0.22000000000000003,548.0,1e-11,1e-22,IdealGasReactor,off,0.6290693148453034,0.0,0.0,0.27345303695624057,0.0479112275245828,0.015967562755532606,1.272184486204124e-11,0.0335988579056187,0.0,0.002587671418454258,2.8551493797839763e-11,0.6214342751964805,4.996839690752311e-09,1.8997211177012713e-07,1.1758348557741131e-07,1.1423197641376115e-05,0.37542755949161044,3.7757358619376245e-05,2.6971497303143923e-05,0.0003962516999712768,4.398816138546368e-06,1.771253063588193e-13,2.0438149042808455e-09,7.337669880047434e-05,0.0,0.0,0.0,0.0,0.0,0.0,0.0,0.0,0.0,0.0,0.0,0.0,-2.0265813183796508e-07,4.0531626369409795e-07,1.3510542111965718e-07,1.260048782014103e-16,-2.7021084236417104e-07,0.0,-1.5271263067145922e-15,-6.169590641443367e-22,-1.2997235482051076e-18,-4.586379103936107e-21,-1.4417024863904305e-16,-2.234049398383217e-20,2.047437452191254e-20,-1.6724690028082292e-15,-1.800398134619347e-21,-2.444846522208891e-18,5.04326324528934e-22,-1.0070923957833112e-22,3.6732449985423093e-22,1.4008782304585967e-22,1.6737702056039073e-15,2.6784020018761137e-07,2.0265813183796508e-07,3.671370076671549e-07,-4.0531515059077103e-07,-3.4829856230180434e-07,9.831578454278215e-11,1.1401193283505105e-07,4.9694736161522994e-08,5.681976788354773e-08,4.9694736161522994e-08,1.3504692120528927e-07,1.3504692120528927e-07,-1.260048782014103e-16,2.7009384341240956e-07,-1.0950732771684504e-16,2.0596085886059407e-19,-1.038774334066023e-15,2.7009384395704217e-07,9.176075677426249e-14,3.4639061845106474e-12,4.9252238246229855e-11,-1.0728778378307766e-11,-7.243263754041884e-20,2.6994529647916637e-07,3.4639061845106474e-12,4.9252238246229855e-11,-1.297878708183727e-07,1.485458041055948e-10,-1.3495687531554974e-07,-5.317550301284501e-09,-5.317550301304976e-09,-1.4631471106836433e-16,2.371950176355218e-09,7.547491826419879e-21,-1.1131033269362057e-12,2.3706421765596663e-09,1.2767642661713605e-12,3.97064576853419e-13,7.471279696510944e-13,1.8909191989438866e-21,1.4631485115618737e-16
8.063999999999998,548,101324.99999999999,2.771e-08,0.066,0.29999999999999993,0.6339999999999998,0.22000000000000003,548.0,1e-11,1e-22,IdealGasReactor,off,0.6290652633575053,0.0,0.0,0.2734319544543154,0.047949561638911876,0.015980340811968505,1.2733780782760539e-11,0.03357287972456543,0.0,0.0025867677980915406,2.852630605134189e-11,0.6215825324502309,4.9954504545303176e-09,1.9005749074606868e-07,1.1755400516852751e-07,1.1424322722161983e-05,0.3752807150947789,3.7734787010034374e-05,2.6941225688934865e-05,0.00039585014119612754,4.397111402719839e-06,1.769522130614451e-13,2.044216740914507e-09,7.332238901249754e-05,0.0,0.0,0.0,0.0,0.0,0.0,0.0,0.0,0.0,0.0,0.0,0.0,-2.0250102776236521e-07,4.0500205525034676e-07,1.350006850703655e-07,1.2595543324589827e-16,-2.7000137026418296e-07,0.0,1.0075394339648369e-14,2.1387176933556884e-22,7.93138782725585e-19,-6.243022544070938e-21,1.4843315370433713e-16,1.6543612251060553e-20,-3.496492449261648e-20,1.0221351013860396e-14,-5.8366867200377584e-21,-1.6655672339269737e-18,-2.3951836566427284e-22,-3.10652848923118e-21,3.3597485802047556e-21,-3.3875506679260526e-23,-1.0222146218694847e-14,2.6763421411305985e-07,2.0250102776236521e-07,3.668123659487839e-07,-4.050009436612533e-07,-3.480343699295119e-07,9.817752910492796e-11,1.1397097199526899e-07,4.963534385187647e-08,5.677001904619351e-08,4.963534385187647e-08,1.349422661500888e-07,1.349422661500888e-07,-1.2595543324589827e-16,2.698845333009262e-07,-1.0934243348239105e-16,2.0568882970641765e-19,-1.0377473985942183e-15,2.6988452195286783e-07,9.168964643867888e-14,3.4583276127307314e-12,4.9188652331513863e-11,-1.0706205787685132e-11,-7.233094013297127e-20,2.69736153826471e-07,3.4583276127307314e-12,4.9188652331513863e-11,-1.2968547493060515e-07,1.4837834854303661e-10,-1.3485230672180404e-07,-5.315210139760341e-09,-5.315210139725376e-09,-1.4620263802153074e-16,2.3684623936601704e-09,7.537224160592577e-21,-1.111589093484079e-12,2.367156151123092e-09,1.2748864725847255e-12,3.9668867918739485e-13,7.461102820491875e-13,1.8883582427936734e-21,1.4620260414602406e-16
8.072999999999999,548,101325.0,2.771e-08,0.066,0.29999999999999993,0.6339999999999998,0.22000000000000003,548.0,1e-11,1e-22,IdealGasReactor,off,0.629061215063467,0.0,0.0,0.2734108885715828,0.047987865534719454,0.015993108795549493,1.2745711896860949e-11,0.03354692202193549,0.0,0.0025858641505652888,2.8501138487893304e-11,0.6217307536115494,4.9940612716407865e-09,1.9014264212841685e-07,1.1752443514427116e-07,1.1425439996251698e-05,0.37513390639376987,3.771222095750615e-05,2.6910984797924938e-05,0.00039544895159975224,4.39540686538344e-06,1.7677927766078468e-13,2.0446185740246274e-09,7.326810546341513e-05,0.0,0.0,0.0,0.0,0.0,0.0,0.0,0.0,0.0,0.0,0.0,0.0,-2.0234400292836617e-07,4.046880058061836e-07,1.348960018447356e-07,1.2590600045561403e-16,-2.6979200382196797e-07,0.0,2.5077919933635216e-15,-1.227574930991974e-21,-5.143145244389253e-18,7.20798710642966e-21,-7.538249123428451e-17,-5.05440441494402e-19,5.023567121708043e-19,2.4385225132669724e-15,2.008509587374943e-21,1.431551938915406e-18,-2.18963321241694e-21,4.441236106373775e-21,-6.765828264571357e-22,4.8456215765559427e-23,-2.4333607436778017e-15,2.674283291665444e-07,2.0234400292836617e-07,3.664879254187433e-07,-4.0468689572949624e-07,-3.4777030787744153e-07,9.80394496228514e-11,1.1392998879325031e-07,4.9576001654806625e-08,5.672029804575638e-08,4.9576001654806625e-08,1.3483766381762812e-07,1.3483766381762812e-07,-1.2590600045561403e-16,2.696753286349304e-07,-1.0917776917539491e-16,2.054171280539226e-19,-1.0367212000351611e-15,2.6967532507082836e-07,9.161857192685712e-14,3.4527569686624974e-12,4.912514054002555e-11,-1.068367780813229e-11,-7.222937442507645e-20,2.6952711646626413e-07,3.4527569686624974e-12,4.912514054002555e-11,-1.2958313130240583e-07,1.482110379249735e-10,-1.3474779080680755e-07,-5.312870542329793e-09,-5.312870542832149e-09,-1.460903631426277e-16,2.364979142753902e-09,7.526968885889556e-21,-1.1100766873493895e-12,2.3636746554235915e-09,1.2730111194892827e-12,3.963130014302794e-13,7.450938107424826e-13,1.885800313354875e-21,1.4609041159884346e-16
8.081999999999999,548,101325.0,2.771e-08,0.066,0.29999999999999993,0.6339999999999998,0.22000000000000003,548.0,1e-11,1e-22,IdealGasReactor,off,0.6290571699614806,0.0,0.0,0.2733898392991519,0.04802613922817237,0.01600586671166446,1.27576382057442e-11,0.033520984786773025,0.0,0.0025849604764146775,2.847599109931684e-11,0.6218789386239336,4.992672142664218e-09,1.9022756614099765e-07,1.1749477570463398e-07,1.1426549472564032e-05,0.37498713344473483,3.768966047218665e-05,2.6880774610351505e-05,0.000395048130974479,4.3937025273711134e-06,1.7660650006693725e-13,2.045020403592663e-09,7.321384817306458e-05,0.0,0.0,0.0,0.0,0.0,0.0,0.0,0.0,0.0,0.0,0.0,0.0,-2.0218705738200318e-07,4.043741144597676e-07,1.3479137147978302e-07,1.258565798493162e-16,-2.695827431020631e-07,0.0,-7.502113152725198e-15,8.465024679010667e-23,-6.610797263087545e-18,-1.4660549078053974e-21,1.7834289292351134e-16,2.983408858907256e-19,-2.96397011451226e-19,-7.306792232145248e-15,-9.887764844463704e-22,9.991974433705579e-18,-2.290633863524547e-21,-3.7157211609823426e-21,-1.9480484254635292e-21,8.27177173612519e-23,7.313445762644799e-15,2.672225454165866e-07,2.0218705738200318e-07,3.661636861447822e-07,-4.0437300589366053e-07,-3.475063762238221e-07,9.790154593643377e-11,1.138889832739324e-07,4.9516709571426944e-08,5.667060489640852e-08,4.9516709571426944e-08,1.3473311423872007e-07,1.3473311423872007e-07,-1.258565798493162e-16,2.69466229476038e-07,-1.090133345510627e-16,2.0514575362147363e-19,-1.0356957384735226e-15,2.694662356583777e-07,9.154753325973356e-14,3.4471942441130768e-12,4.906170281184212e-11,-1.0661194362151172e-11,-7.212794028958849e-20,2.6931818447268886e-07,3.4471942441130768e-12,4.906170281184212e-11,-1.2948083996989809e-07,1.480438722430587e-10,-1.346433276075419e-07,-5.310531509884924e-09,-5.310531509588527e-09,-1.459781908341206e-16,2.361500419645246e-09,7.516725992265941e-21,-1.1085661070505351e-12,2.3601976854764938e-09,1.2711382047374164e-12,3.959375437202288e-13,7.440785547901339e-13,1.8832454083704337e-21,1.4597827355183797e-16
8.091,548,101324.99999999999,2.771e-08,0.066,0.29999999999999993,0.6339999999999998,0.22000000000000003,548.0,1e-11,1e-22,IdealGasReactor,off,0.6290531280498364,0.0,0.0,0.2733688066281269,0.048064382735445624,0.016018614565705056,1.2769559710813173e-11,0.0334950680081166,0.0,0.0025840567761875044,2.845086387752869e-11,0.6220270874331523,4.9912830681995855e-09,1.9031226300927648e-07,1.1746502704983778e-07,1.142765116001209e-05,0.3748403963015423,3.766710556458503e-05,2.6850595106531615e-05,0.00039464767911376433,4.39199838950977e-06,1.7643388018997678e-13,2.045422229588448e-09,7.315961716103903e-05,0.0,0.0,0.0,0.0,0.0,0.0,0.0,0.0,0.0,0.0,0.0,0.0,-2.0203019117054545e-07,4.04060382338017e-07,1.3468679401196147e-07,1.2580717144499518e-16,-2.6937358816012944e-07,0.0,-3.738084588631376e-14,-2.5086702086789053e-21,6.2121794623348484e-18,-3.2217386707908286e-21,-1.2273105065064866e-16,1.1237744929900413e-18,-1.1177244939898284e-18,-3.749206749711769e-14,2.3955425946654912e-20,1.658637408004264e-17,1.0801120369867586e-20,-2.346636434569927e-20,4.309709868582989e-21,-7.350724766605521e-22,3.748585344367093e-14,2.6701686292281753e-07,2.0203019117054545e-07,3.65839648196814e-07,-4.040592752806659e-07,-3.472425750489913e-07,9.776381788624333e-11,1.138479554830616e-07,4.945746760309126e-08,5.6620939612670205e-08,4.945746760309126e-08,1.3462861744499177e-07,1.3462861744499177e-07,-1.2580717144499518e-16,2.6925723588749846e-07,-1.088491293643096e-16,2.048747061282333e-19,-1.0346710139900698e-15,2.692572722562403e-07,9.14765304587979e-14,3.4416394309131753e-12,4.8998339087370464e-11,-1.063875537241754e-11,-7.202663759918249e-20,2.6910935791889877e-07,3.4416394309131753e-12,4.8998339087370464e-11,-1.2937860096868084e-07,1.478768514880831e-10,-1.3453891716047945e-07,-5.308193043280638e-09,-5.3081930421629135e-09,-1.4586692511556487e-16,2.358026220369533e-09,7.506495469724299e-21,-1.107057351113774e-12,2.356725237311931e-09,1.2692677261895168e-12,3.9556230619756163e-13,7.430645132557706e-13,1.880693525594528e-21,1.458661900430882e-16
8.1,548,101324.99999999999,2.771e-08,0.066,0.29999999999999993,0.6339999999999998,0.22000000000000003,548.0,1e-11,1e-22,IdealGasReactor,off,0.6290490893268237,0.0,0.0,0.27334779054960745,0.04810259607272242,0.01603135236306567,1.2781476413471857e-11,0.03346917167499918,0.0,0.002583153050324229,2.8425756813249067e-11,0.6221751999596218,4.9898940486386324e-09,1.9039673295050452e-07,1.174351893754643e-07,1.142874506753999e-05,0.37469369504353855,3.764455624365393e-05,2.6820446265662682e-05,0.00039424759579463115,4.3902944526913965e-06,1.7626141793918416e-13,2.045824052122048e-09,7.310541244885911e-05,0.0,0.0,0.0,0.0,0.0,0.0,0.0,0.0,0.0,0.0,0.0,0.0,-2.0187340432437027e-07,4.037468097175645e-07,1.3458226948179735e-07,1.2575777526921129e-16,-2.6916453895725206e-07,0.0,2.9673082849066075e-13,-7.005760139625334e-20,7.277073613987801e-17,5.334489662007344e-19,-1.1943536191991243e-15,-9.51368877510309e-18,9.374907720651393e-18,2.9539466369726183e-13,9.861896032983557e-20,-5.847046363774949e-17,5.809097055824526e-20,2.848864313360326e-20,2.6725680967482612e-20,5.453327268796812e-21,-2.95468233657956e-13,2.6681128165048857e-07,2.0187340432437027e-07,3.6551581161434686e-07,-4.037457041671465e-07,-3.4697890440432985e-07,9.762626530475576e-11,1.1380690545709005e-07,4.939827574700912e-08,5.657130220434031e-08,4.939827574700912e-08,1.345241734569186e-07,1.345241734569186e-07,-1.2575777526921129e-16,2.6904834791025393e-07,-1.0868515337394709e-16,2.046039852832721e-19,-1.0336470266924006e-15,2.690480513933835e-07,9.14055635379625e-14,3.4360925206114813e-12,4.893504930295333e-11,-1.0616360760785715e-11,-7.192546622848198e-20,2.6890063688596037e-07,3.4360925206114813e-12,4.893504930295333e-11,-1.2927641433805375e-07,1.477099756567927e-10,-1.3443455950600177e-07,-5.305855143743594e-09,-5.305855153118501e-09,-1.4574870777114124e-16,2.3545565408198308e-09,7.496277307642752e-21,-1.1055504179729164e-12,2.3532573067634925e-09,1.2673996816003993e-12,3.951872889694783e-13,7.420516851411207e-13,1.8781446626218205e-21,1.4575416109841004e-16
8.108999999999998,548,101324.99999999999,2.771e-08,0.066,0.29999999999999993,0.6339999999999998,0.22000000000000003,548.0,1e-11,1e-22,IdealGasReactor,off,0.6290450537907317,0.0,0.0,0.2733267910546889,0.0481407792561945,0.01604408010914341,1.2793388315125309e-11,0.03344329577644802,0.0,0.002582249300120687,2.8400669906597944e-11,0.6223232763276617,4.988505086017979e-09,1.90480976243657e-07,1.1740526291335529e-07,1.1429831203861743e-05,0.37454702954517655,3.762201253073608e-05,2.679032807578321e-05,0.00039384788092449753,4.3885907172790845e-06,1.7608911322951496e-13,2.0462258701793442e-09,7.305123404212601e-05,0.0,0.0,0.0,0.0,0.0,0.0,0.0,0.0,0.0,0.0,0.0,0.0,-2.017166970074108e-07,4.034333938891506e-07,1.344777978967283e-07,1.257083912796085e-16,-2.689555959260201e-07,0.0,-3.0863094488207503e-16,6.153799888533633e-23,-6.858224435847308e-18,-2.8196167517437955e-22,-7.040961374051372e-20,4.2881042954748955e-21,-4.238473458721714e-21,-3.018089431792501e-16,-4.711642276605766e-22,-3.148716881514015e-20,-4.42667067959397e-21,-4.583097581426619e-23,2.4875279286794587e-23,-6.53703650557027e-24,3.0870034931627493e-16,2.6660580203479844e-07,2.017166970074108e-07,3.6519217667684254e-07,-4.034322898438438e-07,-3.4671536457017296e-07,9.748888808882866e-11,1.137658333072689e-07,4.933913403283917e-08,5.6521692718445255e-08,4.933913403283917e-08,1.3441978238347848e-07,1.3441978238347848e-07,-1.257083912796085e-16,2.6883956576232555e-07,-1.0852140630801052e-16,2.0433359087576518e-19,-1.0326237764624985e-15,2.688395649430575e-07,9.133463257127487e-14,3.430553507026532e-12,4.8871833427247905e-11,-1.0594010456601854e-11,-7.182442603664106e-20,2.686920213896613e-07,3.430553507026532e-12,4.8871833427247905e-11,-1.291742800872014e-07,1.475432446958607e-10,-1.3433025465203247e-07,-5.303517809526888e-09,-5.30351780952265e-09,-1.4564219337802401e-16,2.351091378183275e-09,7.486071500354765e-21,-1.1040453067912579e-12,2.3497938912216475e-09,1.2655340695621046e-12,3.948124924036982e-13,7.410400699387757e-13,1.875598818309155e-21,1.456421868409875e-16
8.117999999999999,548,101324.99999999999,2.771e-08,0.066,0.29999999999999993,0.6339999999999998,0.22000000000000003,548.0,1e-11,1e-22,IdealGasReactor,off,0.6290410214398481,0.0,0.0,0.2733058081344625,0.0481789323020601,0.016056797809338285,1.2805295417180112e-11,0.0334174403014859,0.0,0.0025813455253843906,2.8375603141303827e-11,0.6224713163071789,4.987116179513521e-09,1.9056499306093104e-07,1.1737524783193898e-07,1.1430909578094613e-05,0.37440040003704517,3.759947442557482e-05,2.6760240509506382e-05,0.00039344853418325375,4.386887184553713e-06,1.7591696596581456e-13,2.0466276847015556e-09,7.299708197392441e-05,0.0,0.0,0.0,0.0,0.0,0.0,0.0,0.0,0.0,0.0,0.0,0.0,-2.0156006915084902e-07,4.0312013813985737e-07,1.3437337932123858e-07,1.256590195536171e-16,-2.687467587861574e-07,0.0,6.417762036444236e-15,-3.559209110082639e-22,-1.5730809346777035e-17,2.607551603470894e-22,3.610456761847774e-17,-1.920647207899126e-19,2.1081359655403953e-19,6.471752758572089e-15,6.574845906671307e-22,2.1854382232937205e-18,-1.0158383565377998e-20,2.4414752767385457e-22,8.109341424866371e-22,4.101389274034929e-23,-6.4559461087223146e-15,2.664004238007935e-07,2.0156006915084902e-07,3.6486874324508216e-07,-4.031190355978419e-07,-3.464519554278828e-07,9.735168602322635e-11,1.1372473901476389e-07,4.928004243349123e-08,5.647211113708368e-08,4.928004243349123e-08,1.343154441793121e-07,1.343154441793121e-07,-1.256590195536171e-16,2.6863088935291806e-07,-1.0835788794821382e-16,2.040635225553485e-19,-1.031601263570962e-15,2.686308817612115e-07,9.126373752791447e-14,3.4250223800253917e-12,4.8808691372620456e-11,-1.0571704376432694e-11,-7.172351690972057e-20,2.684835115585194e-07,3.4250223800253917e-12,4.8808691372620456e-11,-1.2907219827718882e-07,1.4737665863823435e-10,-1.3422600266261909e-07,-5.301181044049752e-09,-5.3011810442605656e-09,-1.4553022621030884e-16,2.347630727343377e-09,7.47587803355845e-21,-1.1025420154612044e-12,2.3463349853639118e-09,1.2636708872074e-12,3.9443791641312015e-13,7.400296662853538e-13,1.8730559893121564e-21,1.4553026722420158e-16
8.126999999999999,548,101325.0,2.771e-08,0.066,0.29999999999999993,0.6339999999999998,0.22000000000000003,548.0,1e-11,1e-22,IdealGasReactor,off,0.6290369922724595,0.0,0.0,0.2732848417800141,0.04821705522652759,0.01606950546905277,1.2817197721043449e-11,0.03339160523912874,0.0,0.002580441726938084,2.8350556512256195e-11,0.6226193199101416,4.985727330253063e-09,1.9064878364747795e-07,1.1734514434274507e-07,1.1431980199083692e-05,0.37425380650649837,3.757694194263705e-05,2.6730183549949626e-05,0.00039304955540581213,4.3851838551679534e-06,1.7574497605971746e-13,2.04702949529538e-09,7.294295625847202e-05,0.0,0.0,0.0,0.0,0.0,0.0,0.0,0.0,0.0,0.0,0.0,0.0,-2.0140352084443068e-07,4.028070416183138e-07,1.3426901378072834e-07,1.256096600868544e-16,-2.6853802772517247e-07,0.0,-6.102822754130481e-18,1.0972768023114394e-21,-2.160788220789349e-17,3.4302880212289694e-21,-5.516815582717904e-17,-3.961202517393939e-19,3.897013301859824e-19,-2.3442973539132648e-17,-5.299238334909129e-21,1.6415207685245104e-17,-9.12175308710314e-21,7.62451144681339e-21,-4.215445796692055e-21,-4.2013897936790464e-23,4.515788545644805e-17,2.661951471394559e-07,2.0140352084443068e-07,3.645455114649211e-07,-4.0280594057777105e-07,-3.4618867713066687e-07,9.721465896917559e-11,1.1368362264957914e-07,4.922100096045628e-08,5.642255748657589e-08,4.922100096045628e-08,1.3421115890422924e-07,1.3421115890422924e-07,-1.256096600868544e-16,2.6842231880168435e-07,-1.0819459803971129e-16,2.0379378006682355e-19,-1.0305794880209976e-15,2.684223177062961e-07,9.119287844852034e-14,3.419499132173359e-12,4.874562308982791e-11,-1.0549442445734741e-11,-7.162273871543308e-20,2.6827510744368073e-07,3.419499132173359e-12,4.874562308982791e-11,-1.2897016893352327e-07,1.4721021745748208e-10,-1.3412180356326443e-07,-5.298844847205057e-09,-5.298844847594758e-09,-1.4541844433105087e-16,2.3441745847528283e-09,7.465696898837503e-21,-1.1010405427413383e-12,2.342880585716575e-09,1.2618101326635526e-12,3.940635612201645e-13,7.390204734007489e-13,1.8705161737861827e-21,1.4541840231715293e-16
8.136,548,101325.0,2.771e-08,0.066,0.29999999999999993,0.6339999999999998,0.22000000000000003,548.0,1e-11,1e-22,IdealGasReactor,off,0.6290329662868527,0.0,0.0,0.2732638919824256,0.04825514804581326,0.0160822030936921,1.2829095228123705e-11,0.033365790578387185,0.0,0.0025795379052804364,2.8325530010767328e-11,0.6227672870713283,4.984338538741189e-09,1.907323482249495e-07,1.1731495264336794e-07,1.1433043075759428e-05,0.374107249018452,3.755441509167825e-05,2.6700157176866396e-05,0.0003926509443774802,4.38348072997464e-06,1.7557314342062995e-13,2.0474313019937673e-09,7.288885691593637e-05,0.0,0.0,0.0,0.0,0.0,0.0,0.0,0.0,0.0,0.0,0.0,0.0,-2.012470521271507e-07,4.02494104128603e-07,1.3416470131279896e-07,1.2556031290102775e-16,-2.6832940275239054e-07,0.0,-8.555281583196689e-17,-1.5038475981208973e-23,-1.326179809068555e-18,3.173459585973256e-22,1.3160774417963692e-19,-6.088049308390284e-22,6.28657265540301e-22,-8.418301797246888e-17,-5.519259643580292e-23,-9.889693976670607e-20,-9.161719986492355e-22,-2.701261687868481e-23,-7.255717953428202e-23,9.109437813874705e-24,8.551530404421762e-17,2.659899720641756e-07,2.012470521271507e-07,3.642224813907999e-07,-4.024930045877159e-07,-3.4592552974476993e-07,9.707780676351396e-11,1.1364248425340922e-07,4.916200961280691e-08,5.637303177906835e-08,4.916200961280691e-08,1.3410692658437046e-07,1.3410692658437046e-07,-1.2556031290102775e-16,2.682138541608905e-07,-1.0803153633942278e-16,2.0352436312464315e-19,-1.0295584498996788e-15,2.682138531273637e-07,9.112205535085418e-14,3.41398375517718e-12,4.868262851737216e-11,-1.0527224587265699e-11,-7.152209132738119e-20,2.680668091207026e-07,3.41398375517718e-12,4.868262851737216e-11,-1.2886819209279325e-07,1.4704392114579818e-10,-1.340176573916532e-07,-5.296509220005714e-09,-5.296509220006343e-09,-1.453065830424541e-16,2.3407229463498946e-09,7.455528085895693e-21,-1.0995408871132905e-12,2.339430688214982e-09,1.2599518037400421e-12,3.936894269478923e-13,7.380124903183552e-13,1.8679793694068156e-21,1.4530659215189191e-16
8.145,548,101324.99999999999,2.771e-08,0.066,0.29999999999999993,0.6339999999999998,0.22000000000000003,548.0,1e-11,1e-22,IdealGasReactor,off,0.6290289434813129,0.0,0.0,0.27324295873277443,0.04829321077614043,0.016094890688664275,1.2840987939830599e-11,0.033339996308267034,0.0,0.002578634061153581,2.8300523630817826e-11,0.622915217784079,4.982949805951502e-09,1.9081568703330754e-07,1.1728467294171443e-07,1.143409821698946e-05,0.3739607275789812,3.753189388597642e-05,2.6670161372511898e-05,0.000392252700920424,4.381777809672807e-06,1.7540146795941e-13,2.0478331045069962e-09,7.283478396185834e-05,0.0,0.0,0.0,0.0,0.0,0.0,0.0,0.0,0.0,0.0,0.0,0.0,-2.0109066307586896e-07,4.021813260215174e-07,1.340604419456654e-07,1.2551097799805114e-16,-2.6812088402112593e-07,0.0,5.471564170999823e-17,-1.670093759846592e-22,-6.306913588006537e-19,6.914490034805298e-22,4.70405041213596e-18,1.0685850025205033e-19,-1.0497087409420432e-19,6.381449609918353e-17,-8.144336300666148e-22,3.645360563549626e-18,2.3791540030486375e-22,6.852674387118989e-23,-2.6027807031613987e-22,-4.378443838054201e-23,-6.317860806016799e-17,2.657848987318908e-07,2.0109066307586896e-07,3.63899653145253e-07,-4.021802279784701e-07,-3.4566251340123215e-07,9.694112926134053e-11,1.13601323889338e-07,4.9103068398776654e-08,5.6323534037264135e-08,4.9103068398776654e-08,1.3400274727100533e-07,1.3400274727100533e-07,-1.2551097799805114e-16,2.6800549553308923e-07,-1.0786870259544299e-16,2.0325527146583603e-19,-1.0285381492279873e-15,2.680054943526855e-07,9.105126826975225e-14,3.4084762413874317e-12,4.861970760291143e-11,-1.0505050725970993e-11,-7.14215746146883e-20,2.6785861664618336e-07,3.4084762413874317e-12,4.861970760291143e-11,-1.2876626778304865e-07,1.4687776968075422e-10,-1.3391356417598652e-07,-5.294174162616729e-09,-5.294174162511758e-09,-1.4519488057253494e-16,2.337275808505741e-09,7.44537158583875e-21,-1.0980430472656696e-12,2.335985289235097e-09,1.2580958984832617e-12,3.9331551379307396e-13,7.370057162103342e-13,1.8654455742058436e-21,1.4519483678809656e-16
8.154,548,101324.99999999997,2.771e-08,0.066,0.29999999999999993,0.6339999999999998,0.22000000000000003,548.0,1e-11,1e-22,IdealGasReactor,off,0.6290249238541241,0.0,0.0,0.2732220420221335,0.04833124343374131,0.0161075682593799,1.2852875857574753e-11,0.033314222417768026,0.0,0.0025777301950734494,2.8275537363885192e-11,0.6230631119876966,4.981561132422539e-09,1.9089880029576356e-07,1.1725430543592479e-07,1.143514563170305e-05,0.37381424224846027,3.750937833551976e-05,2.6640196116793302e-05,0.0003918548248222615,4.38007509510187e-06,1.7522994958541772e-13,2.048234902844063e-09,7.278073741593018e-05,0.0,0.0,0.0,0.0,0.0,0.0,0.0,0.0,0.0,0.0,0.0,0.0,-2.0093435373201638e-07,4.018687073438387e-07,1.3395623571603291e-07,1.254616553981034e-16,-2.679124715590013e-07,0.0,3.5769000296299676e-17,4.207175871062e-23,-1.5080986652107361e-18,-6.491927394422883e-22,-5.274685920789342e-18,-4.42045319348338e-21,4.42045319348338e-21,3.197069280257458e-17,-1.3517122775719899e-22,-4.078032327732321e-20,-9.473915034503809e-22,-8.057256154149335e-23,1.9751239654378885e-22,-1.8681957169022937e-23,-3.0455108780360494e-17,2.6557992717426027e-07,2.0093435373201638e-07,3.6357702678688497e-07,-4.0186761079681697e-07,-3.453996281704911e-07,9.680462630076533e-11,1.1356014160067752e-07,4.904417731792017e-08,5.6274064273968895e-08,4.904417731792017e-08,1.3389862099189167e-07,1.3389862099189167e-07,-1.254616553981034e-16,2.6779724297379117e-07,-1.0770609656413484e-16,2.029865048063827e-19,-1.0275185860855356e-15,2.677972418263508e-07,9.098051722407508e-14,3.402976582557945e-12,4.8556860285572095e-11,-1.0482920784953289e-11,-7.132118845063556e-20,2.67650530093753e-07,3.402976582557945e-12,4.8556860285572095e-11,-1.2866439604004542e-07,1.4671176305289085e-10,-1.3380952395298004e-07,-5.291839675987498e-09,-5.291839675991919e-09,-1.4508315494155863e-16,2.3338331671835806e-09,7.435227388462474e-21,-1.096547021693781e-12,2.332544384741032e-09,1.2562424147181301e-12,3.9294182188307145e-13,7.360001501189525e-13,1.862914785881345e-21,1.4508313625960146e-16
8.162999999999998,548,101324.99999999999,2.771e-08,0.066,0.29999999999999993,0.6339999999999998,0.22000000000000003,548.0,1e-11,1e-22,IdealGasReactor,off,0.6290209074035706,0.0,0.0,0.2732011418415717,0.04836924603485548,0.016120235811252312,1.2864758982768082e-11,0.03328846889588503,0.0,0.0025768263075954473,2.8250571201870352e-11,0.6232109696311114,4.980172518768994e-09,1.9098168823856377e-07,1.1722385032570794e-07,1.1436185328818773e-05,0.37366779307758935,3.748686845086022e-05,2.6610261390013852e-05,0.00039145731587646117,4.378372587075445e-06,1.7505858820818447e-13,2.0486366969614458e-09,7.272671729703531e-05,0.0,0.0,0.0,0.0,0.0,0.0,0.0,0.0,0.0,0.0,0.0,0.0,-2.0077812414306635e-07,4.0155624824388424e-07,1.338520826589325e-07,1.254123451181084e-16,-2.6770416543762054e-07,0.0,1.1939611517769699e-15,-5.321994393834026e-22,2.7948343440160673e-18,4.1407118619905756e-21,-8.315052451443529e-17,-7.101841867135274e-20,8.26171452205713e-20,1.1050575463975589e-15,-3.78010533749384e-22,-2.8700825520604517e-18,2.026560996805807e-21,1.131970818884676e-21,-4.99346192558726e-22,1.6717317967927926e-22,-1.1078698099075183e-15,2.653750574668529e-07,2.0077812414306635e-07,3.6325460238506445e-07,-4.0155515319107533e-07,-3.4513687413331787e-07,9.666829772285779e-11,1.135189374342483e-07,4.898533637120863e-08,5.6224622503662083e-08,4.898533637120863e-08,1.3379454777879186e-07,1.3379454777879186e-07,-1.254123451181084e-16,2.6758909654652284e-07,-1.0754371800045914e-16,2.0271806286590012e-19,-1.026499760540044e-15,2.675890943271142e-07,9.090980223540431e-14,3.3974847705480014e-12,4.849408650595746e-11,-1.0460834687754141e-11,-7.122093270777605e-20,2.674425495337339e-07,3.3974847705480014e-12,4.849408650595746e-11,-1.2856257689800586e-07,1.4654590125012342e-10,-1.3370553675769398e-07,-5.2895057609266375e-09,-5.289505761009255e-09,-1.449713234314639e-16,2.3303950184179756e-09,7.425095483787782e-21,-1.0950528089261715e-12,2.3291079707676706e-09,1.2543913503075513e-12,3.925683513568197e-13,7.349957911086368e-13,1.8603870021881203e-21,1.4497149060464359e-16
8.171999999999999,548,101324.99999999999,2.771e-08,0.066,0.29999999999999993,0.6339999999999998,0.22000000000000003,548.0,1e-11,1e-22,IdealGasReactor,off,0.6290168941279346,0.0,0.0,0.273180258182153,0.04840721859573065,0.01613289334969746,1.2876637316823533e-11,0.03326273573160726,0.0,0.0025759223993346804,2.822562513731794e-11,0.6233587906777506,4.978783965720526e-09,1.9106435109233726e-07,1.1719330781323732e-07,1.1437217317241882e-05,0.37352138010250446,3.746436424340637e-05,2.658035717308188e-05,0.0003910601738854242,4.3766702863686854e-06,1.7488738373753968e-13,2.049038486735982e-09,7.267272362286913e-05,0.0,0.0,0.0,0.0,0.0,0.0,0.0,0.0,0.0,0.0,0.0,0.0,-2.0062197436567653e-07,4.012439486116062e-07,1.3374798280702314e-07,1.25363047170092e-16,-2.6749596573704266e-07,0.0,3.611151841716502e-17,-9.401385077608829e-23,2.06613076010792e-18,7.461302329392939e-22,-5.606352259198604e-18,-3.8116482626443515e-21,3.76201742589117e-21,2.812488859807669e-17,3.5618809151252514e-22,-2.9138093429648383e-19,1.3095554498227831e-21,-3.4405543603377495e-23,-2.1754676102220078e-23,9.739270326363757e-25,-3.0201432545620335e-17,2.6517028969358586e-07,2.0062197436567653e-07,3.629323800255978e-07,-4.012428550511987e-07,-3.448742513862237e-07,9.653214337315095e-11,1.1347771144215276e-07,4.8926545561791825e-08,5.61752087433718e-08,4.8926545561791825e-08,1.3369052766956634e-07,1.3369052766956634e-07,-1.25363047170092e-16,2.6738105632700286e-07,-1.0738156665725893e-16,2.0244994536950738e-19,-1.0254816726420125e-15,2.673810551856448e-07,9.083912332946498e-14,3.392000797375273e-12,4.8431386206903475e-11,-1.0438792358525632e-11,-7.112080725757362e-20,2.672346750315897e-07,3.392000797375273e-12,4.8431386206903475e-11,-1.284608103889888e-07,1.4638018425656443e-10,-1.3360160262276652e-07,-5.287172418034342e-09,-5.287172418038104e-09,-1.4485989889423056e-16,2.3269613583475147e-09,7.41497586217666e-21,-1.0935604075415745e-12,2.3256760434567997e-09,1.252542703171996e-12,3.921951023709552e-13,7.33992638277465e-13,1.85786222096714e-21,1.448598998681576e-16
8.181,548,101324.99999999999,2.771e-08,0.066,0.29999999999999993,0.6339999999999998,0.22000000000000003,548.0,1e-11,1e-22,IdealGasReactor,off,0.6290128840254987,0.0,0.0,0.27315939103493764,0.04844516113262286,0.01614554088013393,1.2888510861155078e-11,0.03323702291391843,0.0,0.0025750184709548343,2.8200699163296028e-11,0.6235065751029326,4.977395474101047e-09,1.9114678909164511e-07,1.1716267810262536e-07,1.1438241605862297e-05,0.3733750033473931,3.744186572526169e-05,2.6550483447393085e-05,0.00039066339865875837,4.374968193724707e-06,1.747163360835331e-13,2.0494402719790748e-09,7.261875641013603e-05,0.0,0.0,0.0,0.0,0.0,0.0,0.0,0.0,0.0,0.0,0.0,0.0,-2.0046590446393555e-07,4.009318088553137e-07,1.336439361908536e-07,1.2531376156206075e-16,-2.6728787255877166e-07,0.0,-1.7800987464110892e-15,1.7135569682119206e-21,-2.777252720003682e-17,-2.762924062073184e-20,-5.2874867062047224e-17,1.4206330712230718e-19,-1.3429111808675894e-19,-1.7809700025154015e-15,-8.233896827817368e-21,2.382933701318758e-17,-1.1202110106241696e-20,5.930729895640355e-21,2.9535129128698172e-21,-7.15752705309053e-22,1.808887023727471e-15,2.6496562395973526e-07,2.0046590446393555e-07,3.6261035980756123e-07,-4.0093071678549757e-07,-3.44611760038454e-07,9.63961631007949e-11,1.134364636808043e-07,4.8867804894568325e-08,5.612582301219217e-08,4.8867804894568325e-08,1.3358656070701052e-07,1.3358656070701052e-07,-1.2531376156206075e-16,2.671731224008207e-07,-1.0721964228564732e-16,2.021821520467725e-19,-1.024464322427528e-15,2.67173123069675e-07,9.076848053533533e-14,3.386524655185546e-12,4.836875933305584e-11,-1.0416793721930678e-11,-7.102081197059627e-20,2.6702690664873483e-07,3.386524655185546e-12,4.836875933305584e-11,-1.2835909654311908e-07,1.4621461205314243e-10,-1.3349772157880825e-07,-5.284839647734531e-09,-5.28483964760024e-09,-1.447490798532056e-16,2.323532183198494e-09,7.40486851426638e-21,-1.0920698161595392e-12,2.322248599036427e-09,1.2506964712783198e-12,3.9182207509638096e-13,7.329906907506362e-13,1.8553404401287853e-21,1.447483641005003e-16
8.19,548,101325.0,2.771e-08,0.066,0.29999999999999993,0.6339999999999998,0.22000000000000003,548.0,1e-11,1e-22,IdealGasReactor,off,0.6290088770945433,0.0,0.0,0.27313854039098057,0.04848307366179586,0.016158178407982903,1.2900379617177809e-11,0.03321133043179691,0.0,0.0025741145227107915,2.817579326837541e-11,0.623654322783919,4.976007043949151e-09,1.9122900244147445e-07,1.1713196138042374e-07,1.1439258203682693e-05,0.3732286629349735,3.7419372902602984e-05,2.652064019013247e-05,0.00039026698994392507,4.373266310142062e-06,1.7454544515365524e-13,2.0498420530460184e-09,7.256481568313844e-05,0.0,0.0,0.0,0.0,0.0,0.0,0.0,0.0,0.0,0.0,0.0,0.0,-2.003099144381592e-07,4.0061983084086275e-07,1.3353994285662403e-07,1.252644883351619e-16,-2.6707988573886534e-07,0.0,2.773100887917732e-14,6.168093485384516e-21,4.252115158705486e-18,1.1777539886001056e-19,-2.0897175782094853e-15,2.112235472656208e-18,-2.1497845093824402e-18,2.554375059492386e-14,3.184179842042655e-20,-9.53040731979686e-17,6.767692110787794e-20,9.152962857991804e-20,-3.7683993592328915e-20,-2.0723383462994704e-21,-2.554817003195181e-14,2.6476106010586914e-07,2.003099144381592e-07,3.6228854171521995e-07,-4.006187402598297e-07,-3.44349400090108e-07,9.626035672447482e-11,1.1339519417086524e-07,4.8809114358905655e-08,5.607646531144286e-08,4.8809114358905655e-08,1.3348264689159037e-07,1.3348264689159037e-07,-1.252644883351619e-16,2.6696529476895434e-07,-1.070579446516403e-16,2.0191468258954248e-19,-1.0234477100401628e-15,2.669652681142054e-07,9.069787385333186e-14,3.381056335053067e-12,4.8306205813740613e-11,-1.0394838699252128e-11,-7.092094672491469e-20,2.6681924447773094e-07,3.381056335053067e-12,4.8306205813740613e-11,-1.2825743540474469e-07,1.460491846444959e-10,-1.3339389367194196e-07,-5.282507451879327e-09,-5.282507449729543e-09,-1.446389556438952e-16,2.320107488457525e-09,7.394773428341203e-21,-1.0905810330532388e-12,2.3188256329962088e-09,1.2488526521964581e-12,3.914492695794044e-13,7.319899474202289e-13,1.852821656985316e-21,1.446368833055489e-16
8.199,548,101325.0,2.771e-08,0.066,0.29999999999999993,0.6339999999999998,0.22000000000000003,548.0,1e-11,1e-22,IdealGasReactor,off,0.6290048733333493,0.0,0.0,0.2731177062413332,0.04852095619952134,0.016170805938668213,1.2912243586307915e-11,0.03318565827421576,0.0,0.002573210555541073,2.8150907448601464e-11,0.6238020337621786,4.974618676612099e-09,1.91310991394042e-07,1.1710115786232229e-07,1.1440267119523414e-05,0.3730823588229652,3.739688579148353e-05,2.6490827385482266e-05,0.00038987094759200037,4.371564636192246e-06,1.7437471085946034e-13,2.050243829381605e-09,7.251090145332138e-05,0.0,0.0,0.0,0.0,0.0,0.0,0.0,0.0,0.0,0.0,0.0,0.0,-2.0015400439498514e-07,4.0030800866466293e-07,1.3343600282415402e-07,1.252152274750457e-16,-2.6687200577641044e-07,0.0,-1.2632395182748398e-16,3.7791225941594066e-25,-2.957770181957039e-18,4.1074996896521565e-22,7.760939379217527e-20,-4.367513634279986e-21,4.4369968057344404e-21,-1.2334908029967888e-16,1.0958810256942155e-22,-8.287785433390308e-20,-1.77584509769072e-21,-1.7882610867630767e-22,-1.4848836005450602e-23,-2.2818156670925116e-24,1.2632085602649331e-16,2.645565986343526e-07,2.0015400439498514e-07,3.6196692592362195e-07,-4.0030691957060587e-07,-3.4408717172318303e-07,9.61247241136636e-11,1.1335390299284182e-07,4.8750473969890535e-08,5.6027135671970146e-08,4.8750473969890535e-08,1.3337878629431413e-07,1.3337878629431413e-07,-1.252152274750457e-16,2.6675757357329845e-07,-1.0689647349646296e-16,2.01647536752552e-19,-1.0224318354403782e-15,2.6675757258676214e-07,9.062730333170272e-14,3.375595829846674e-12,4.8243725603834995e-11,-1.0372927217695365e-11,-7.082121138611836e-20,2.666116885584463e-07,3.375595829846674e-12,4.8243725603834995e-11,-1.2815582699422335e-07,1.458839019949884e-10,-1.332901189221591e-07,-5.280175829930678e-09,-5.280175829935115e-09,-1.4452545984640803e-16,2.3166872708585145e-09,7.384690596614015e-21,-1.0890940570718965e-12,2.315407142057865e-09,1.2470112441579457e-12,3.910766860733401e-13,7.309904075671596e-13,1.8503058698453824e-21,1.4452545756459236e-16
8.207999999999998,548,101325.0,2.771e-08,0.066,0.29999999999999993,0.6339999999999998,0.22000000000000003,548.0,1e-11,1e-22,IdealGasReactor,off,0.6290008727401958,0.0,0.0,0.2730968885770425,0.04855880876207793,0.016183423477616376,1.2924102769962916e-11,0.033160006430143274,0.0,0.00257230656986331,2.8126041694320578e-11,0.6239497079546724,4.973230372446688e-09,1.9139275616855039e-07,1.1707026774156881e-07,1.1441268362342083e-05,0.37293609109419984,3.7374404400429964e-05,2.6461045012292684e-05,0.0003894752713747731,4.369863172766302e-06,1.742041331092953e-13,2.0506456011234527e-09,7.245701374174751e-05,0.0,0.0,0.0,0.0,0.0,0.0,0.0,0.0,0.0,0.0,0.0,0.0,-1.9999817435982953e-07,3.9999634854461214e-07,1.3333211613297254e-07,1.2516597900944373e-16,-2.6666423240036604e-07,0.0,4.629538090090663e-16,4.323106129781645e-22,-5.176610316192077e-18,-3.401025291351562e-21,4.9860065044532356e-17,-1.0190865146653301e-20,1.1593763465543236e-20,5.220785839458651e-16,6.147449398593722e-22,4.0528474203372925e-18,-2.8341373682568103e-21,8.90615025778188e-22,-2.979184344010142e-23,7.144303368368587e-23,-5.168777877169003e-16,2.6435223927836343e-07,1.9999817435982953e-07,3.6164551246230024e-07,-3.999952609357255e-07,-3.43825074980865e-07,9.598926509931631e-11,1.1331259018182957e-07,4.869188372290344e-08,5.597783410213495e-08,4.869188372290344e-08,1.332749789323329e-07,1.332749789323329e-07,-1.2516597900944373e-16,2.6654995884827117e-07,-1.0673522858028685e-16,2.013807142427205e-19,-1.0214166987252646e-15,2.6654995721742125e-07,9.05567689821015e-14,3.3701431310704905e-12,4.8181318638781834e-11,-1.0351059200124388e-11,-7.072160582923764e-20,2.6640423897020014e-07,3.3701431310704905e-12,4.8181318638781834e-11,-1.2805427134980872e-07,1.4571876409890138e-10,-1.3318639736887504e-07,-5.277844783163823e-09,-5.277844783175417e-09,-1.4441401545683998e-16,2.3132715261638496e-09,7.37462000829731e-21,-1.0876088866274176e-12,2.3119931220026107e-09,1.2451722448901563e-12,3.9070432467311433e-13,7.299920701751782e-13,1.8477930762567718e-21,1.4441408689987366e-16
8.216999999999999,548,101324.99999999997,2.771e-08,0.066,0.29999999999999993,0.6339999999999998,0.22000000000000003,548.0,1e-11,1e-22,IdealGasReactor,off,0.6289968753133613,0.0,0.0,0.27307608738915135,0.04859663136575307,0.016196031030256398,1.2935957169561151e-11,0.03313437488854185,0.0,0.002571402566254419,2.8101195997596573e-11,0.624097345316425,4.971842132108407e-09,1.914742969923739e-07,1.1703929121816692e-07,1.1442261941057184e-05,0.3727898597932599,3.735192874024932e-05,2.643129305101752e-05,0.00038907996108817364,4.368161920659039e-06,1.740337118123882e-13,2.0510473681969795e-09,7.24031525664853e-05,0.0,0.0,0.0,0.0,0.0,0.0,0.0,0.0,0.0,0.0,0.0,0.0,-1.9984242438278697e-07,3.99684848557551e-07,1.3322828281649987e-07,1.2511674295322186e-16,-2.6645656576102744e-07,0.0,-2.9588078854501083e-15,-4.596714902327592e-22,-2.180323710531572e-18,6.055949670677579e-22,8.290059685543607e-17,-1.478601888550788e-19,1.47067749828253e-19,-2.8731365412538075e-15,4.953724881974114e-22,7.261762623567292e-19,6.205162209984202e-22,-3.945393027936519e-22,-1.1478188383400237e-21,-2.5962818836140275e-22,2.8753236376058755e-15,2.6414798219212944e-07,1.9984242438278697e-07,3.6132430140454663e-07,-3.996837624320308e-07,-3.4356310994842966e-07,9.585397952403519e-11,1.1327125578680195e-07,4.863334361921629e-08,5.592856061704934e-08,4.863334361921629e-08,1.3317122483913618e-07,1.3317122483913618e-07,-1.2511674295322186e-16,2.663424506608149e-07,-1.0657420965756795e-16,2.0111421478146222e-19,-1.020402299948691e-15,2.663424524262936e-07,9.048627082728332e-14,3.364698230647346e-12,4.811898485992127e-11,-1.0329234570865208e-11,-7.062212992647873e-20,2.6619689578002883e-07,3.364698230647346e-12,4.811898485992127e-11,-1.2795276850420138e-07,1.4555377094115082e-10,-1.3308272904555793e-07,-5.275514312298489e-09,-5.275514312445557e-09,-1.4430303097969252e-16,2.3098602504475723e-09,7.364561653519158e-21,-1.0861255202632698e-12,2.3085835688980104e-09,1.2433356522733439e-12,3.9033218552138167e-13,7.289949343185121e-13,1.8452832739979708e-21,1.4430277135150415e-16
8.225999999999999,548,101324.99999999997,2.771e-08,0.066,0.29999999999999993,0.6339999999999998,0.22000000000000003,548.0,1e-11,1e-22,IdealGasReactor,off,0.628992881051124,0.0,0.0,0.27305530266869793,0.04863442402684153,0.01620862860201992,1.2947806786522166e-11,0.033108763638368885,0.0,0.0025704985453159496,2.8076370350756093e-11,0.624244945808684,4.9704539563025744e-09,1.9155561409577526e-07,1.1700822849304634e-07,1.1443247864580306e-05,0.37264366495847745,3.732945882210014e-05,2.640157148235789e-05,0.0003886850165316808,4.366460880647174e-06,1.738634468780448e-13,2.0514491304939675e-09,7.234931794504873e-05,0.0,0.0,0.0,0.0,0.0,0.0,0.0,0.0,0.0,0.0,0.0,0.0,-1.9968675451765827e-07,3.993735089167408e-07,1.331245029070074e-07,1.25067519319144e-16,-2.6624900593809744e-07,0.0,7.615906477152542e-16,7.791514406893572e-22,-1.0770214768237188e-18,-2.1226498469349485e-21,-6.495313337341992e-18,1.4478969442128196e-20,-1.5532797542520754e-20,7.541311941626163e-16,5.171635779464531e-23,-2.0658884447879436e-18,9.404743671366196e-22,-5.560463173946306e-22,-8.280743706593986e-22,-4.584928820945286e-23,-7.53047607438356e-16,2.639438274592426e-07,1.9968675451765827e-07,3.610032928303502e-07,-3.993724242727843e-07,-3.4330127671755245e-07,9.57188672323094e-11,1.1322989985897286e-07,4.857485366095527e-08,5.587931523287698e-08,4.857485366095527e-08,1.3306752405068458e-07,1.3306752405068458e-07,-1.25067519319144e-16,2.6613504908284836e-07,-1.0641341648190313e-16,2.0084803809247455e-19,-1.0193886391563691e-15,2.661350472221713e-07,9.041580889168234e-14,3.3592611205655972e-12,4.8056724209520153e-11,-1.0307453254549495e-11,-7.052278354957194e-20,2.659896590527141e-07,3.3592611205655972e-12,4.8056724209520153e-11,-1.2785131848904304e-07,1.4538892250481728e-10,-1.3297911398450153e-07,-5.273184417964356e-09,-5.273184417948823e-09,-1.4419155681162242e-16,2.3064534398155545e-09,7.354515522544564e-21,-1.084643956544021e-12,2.305178478854814e-09,1.241501464211265e-12,3.899602687678359e-13,7.2799899908486e-13,1.8427764608821856e-21,1.441915109623342e-16
8.235,548,101324.99999999997,2.771e-08,0.066,0.29999999999999993,0.6339999999999998,0.22000000000000003,548.0,1e-11,1e-22,IdealGasReactor,off,0.6289888899517607,0.0,0.0,0.2730345344067162,0.04867218676164595,0.01622121619834111,1.2959651622266556e-11,0.033083172668576404,0.0,0.0025695945076404055,2.8051564746015584e-11,0.6243925093907164,4.969065845717443e-09,1.9163670770850805e-07,1.1697707976664683e-07,1.1444226141826486e-05,0.3724975066301761,3.730699465700196e-05,2.637188028691081e-05,0.0003882904375032447,4.3647600535117485e-06,1.7369333821543673e-13,2.051850887917842e-09,7.229550989504463e-05,0.0,0.0,0.0,0.0,0.0,0.0,0.0,0.0,0.0,0.0,0.0,0.0,-1.995311648167105e-07,3.9906233001016176e-07,1.3302077643698773e-07,1.250183081206437e-16,-2.660415530038345e-07,0.0,3.088610423748134e-15,4.311320405901409e-21,-6.571743376937874e-18,5.141073033171594e-21,-5.018058231177338e-16,2.576568346429175e-19,-2.814002269456396e-19,2.5919761040415796e-15,-1.082830651090187e-20,-1.7358137527326822e-18,8.489042414418098e-21,1.2473702691540661e-20,2.7291456922620308e-21,-5.444930761585493e-22,-2.585364352728709e-15,2.6373977515586813e-07,1.995311648167105e-07,3.60682486816834e-07,-3.9906124684596775e-07,-3.4303957537728237e-07,9.558392806794915e-11,1.1318852244881815e-07,4.8516413849821934e-08,5.583009796534467e-08,4.8516413849821934e-08,1.3296387660191752e-07,1.3296387660191752e-07,-1.250183081206437e-16,2.6592775418424857e-07,-1.0625284880726063e-16,2.0058218389858457e-19,-1.0183757163950196e-15,2.659277504868385e-07,9.034538319903891e-14,3.3538317927908967e-12,4.799453662949489e-11,-1.0285715175829998e-11,-7.042356657041308e-20,2.6578252885342963e-07,3.3538317927908967e-12,4.799453662949489e-11,-1.277499213361673e-07,1.4522421877319512e-10,-1.3287555221819078e-07,-5.270855100820424e-09,-5.270855100539024e-09,-1.4408085026716077e-16,2.303051090359533e-09,7.344481605583304e-21,-1.0831641940261695e-12,2.301777847966356e-09,1.2396696785983186e-12,3.8958857455896157e-13,7.270042635563045e-13,1.840272634708007e-21,1.4408030577408461e-16
8.244,548,101325.0,2.771e-08,0.066,0.29999999999999993,0.6339999999999998,0.22000000000000003,548.0,1e-11,1e-22,IdealGasReactor,off,0.6289849020135476,0.0,0.0,0.27301378259423625,0.04870991958647665,0.01623379382465672,1.2971491678216005e-11,0.0330576019681113,0.0,0.0025686904537815026,2.8026779175150232e-11,0.624540036012672,4.967677800965866e-09,1.9171757805674917e-07,1.1694584523760664e-07,1.1445196781718285e-05,0.3723513848578408,3.7284536255403267e-05,2.6342219444864355e-05,0.0003878962237948323,4.3630594400572984e-06,1.7352338573341554e-13,2.052252640423184e-09,7.224172843472912e-05,0.0,0.0,0.0,0.0,0.0,0.0,0.0,0.0,0.0,0.0,0.0,0.0,-1.9937565532606464e-07,3.987513105511897e-07,1.329171034402e-07,1.2496910937423616e-16,-2.658342070267946e-07,0.0,-8.064144079665439e-15,-1.5197937766807264e-21,-1.2650589437035638e-17,1.0357214425176566e-20,-2.4091681662721234e-17,-2.547716286663325e-19,2.5524643033793796e-19,-8.067005966593375e-15,4.7784095451139505e-21,8.725100157302553e-18,-6.896404089917236e-21,-7.946879241161791e-22,1.3179835006234742e-21,-1.673355140894574e-22,8.079707315153905e-15,2.635358253545391e-07,1.9937565532606464e-07,3.603618834299778e-07,-3.9875022886495847e-07,-3.427780060062247e-07,9.544916187186547e-11,1.1314712360347246e-07,4.845802418597149e-08,5.578090882844196e-08,4.845802418597149e-08,1.328602825237114e-07,1.328602825237114e-07,-1.2496910937423616e-16,2.657205660267765e-07,-1.0609250638904472e-16,2.0031665191902082e-19,-1.0173635317201717e-15,2.657205729894585e-07,9.02749937703326e-14,3.348410239189068e-12,4.7932422060299623e-11,-1.026402025913275e-11,-7.032447886160932e-20,2.6557550525001964e-07,3.348410239189068e-12,4.7932422060299623e-11,-1.2764857707854503e-07,1.4505965973154709e-10,-1.3277204378046893e-07,-5.268526361654979e-09,-5.268526361910226e-09,-1.4396932315953147e-16,2.2996531981125486e-09,7.334459892622234e-21,-1.0816862312326283e-12,2.29838167225549e-09,1.237840293290943e-12,3.892171030290249e-13,7.260107267925936e-13,1.83777179321649e-21,1.4396915582401738e-16
8.252999999999998,548,101325.0,2.771e-08,0.066,0.29999999999999993,0.6339999999999998,0.22000000000000003,548.0,1e-11,1e-22,IdealGasReactor,off,0.6289809172347601,0.0,0.0,0.2729930472222837,0.04874762251765146,0.01624636148640607,1.2983326955793329e-11,0.033032051525915325,0.0,0.0025677863842525532,2.80020136294915e-11,0.6246875256149562,4.966289822584747e-09,1.9179822536499868e-07,1.1691452510277413e-07,1.144615979319536e-05,0.3722052997007484,3.726208362716179e-05,2.631258893598534e-05,0.00038750237519219406,4.361359041113452e-06,1.733535893405808e-13,2.052654388019091e-09,7.218797358308635e-05,0.0,0.0,0.0,0.0,0.0,0.0,0.0,0.0,0.0,0.0,0.0,0.0,-1.992202260854548e-07,3.984404520219817e-07,1.3281348395198344e-07,1.2491992309972966e-16,-2.6562696803171317e-07,0.0,-1.331499960446805e-15,8.626073444945807e-23,-1.737436196212922e-18,1.4943665373319556e-22,2.4001366774720244e-17,7.22360285330308e-20,-5.831292446253824e-20,-1.3046070605909943e-15,-7.952859942783069e-22,1.0588844555481861e-18,-1.910653828084752e-21,-1.76383340929862e-21,-3.2512798621386385e-23,-7.570560880121206e-23,1.3063511739627909e-15,2.6333197808404117e-07,1.992202260854548e-07,3.60041482724096e-07,-3.98439371811915e-07,-3.425165686719565e-07,9.531456848201941e-11,1.131057033665575e-07,4.839968466796557e-08,5.573174783438875e-08,4.839968466796557e-08,1.3275674184267238e-07,1.3275674184267238e-07,-1.2491992309972966e-16,2.6551348466363955e-07,-1.0593238898422708e-16,2.0005144186936544e-19,-1.0163520851972892e-15,2.65513484865032e-07,9.020464062364148e-14,3.3429964515227044e-12,4.7870380440896267e-11,-1.0242368428645365e-11,-7.02255202965482e-20,2.6536858831331353e-07,3.3429964515227044e-12,4.7870380440896267e-11,-1.2754728575058099e-07,1.4489524536730857e-10,-1.3266858870663006e-07,-5.2661982014024576e-09,-5.266198201344145e-09,-1.4385813685031455e-16,2.29625975900609e-09,7.324450373413117e-21,-1.0802100666528164e-12,2.2949899476720207e-09,1.236013306106366e-12,3.888458542996483e-13,7.250183878303147e-13,1.83527393408919e-21,1.4385806114470574e-16
8.261999999999999,548,101324.99999999997,2.771e-08,0.066,0.29999999999999993,0.6339999999999998,0.22000000000000003,548.0,1e-11,1e-22,IdealGasReactor,off,0.6289769356136727,0.0,0.0,0.27297232828188006,0.048785295571495836,0.016258919189030992,1.299515745642241e-11,0.033006521330925076,0.0,0.0025668822997293957,2.7977268102132193e-11,0.6248349781775265,4.964901911423144e-09,1.9187864986916866e-07,1.1688311956581917e-07,1.1447115185151538e-05,0.3720592511784361,3.723963678447414e-05,2.628298874169132e-05,0.0003871088915054357,4.359658857404719e-06,1.7318394894636442e-13,2.0530561304954538e-09,7.213424535591925e-05,0.0,0.0,0.0,0.0,0.0,0.0,0.0,0.0,0.0,0.0,0.0,0.0,-1.9906487715971986e-07,3.9812975418227714e-07,1.327099180011561e-07,1.2487074930356594e-16,-2.6541983613197784e-07,0.0,-5.9171864790515526e-15,-2.308918630356332e-22,-2.505509917909172e-18,5.3042776787424495e-21,1.2273030949681981e-17,5.029258124322408e-20,-4.851910600991039e-20,-5.900050693163049e-15,-4.27822674719957e-21,2.2794444488029775e-18,-2.487731555865809e-22,-2.434806133049837e-21,-1.1638041363808258e-21,2.135210090974739e-22,5.9025705920377964e-15,2.631282334615223e-07,1.9906487715971986e-07,3.5972128479861834e-07,-3.981286754465782e-07,-3.4225526348509e-07,9.518014774838258e-11,1.1306426179600226e-07,4.83413953003837e-08,5.568261500237314e-08,4.83413953003837e-08,1.3265325460208837e-07,1.3265325460208837e-07,-1.2487074930356594e-16,2.6530651018141326e-07,-1.0577249634387548e-16,1.997865534799865e-19,-1.0153413768464455e-15,2.6530651497935764e-07,9.013432378837841e-14,3.3375904219778184e-12,4.780841171627292e-11,-1.0220759610019374e-11,-7.012669074559405e-20,2.6516177810112913e-07,3.3375904219778184e-12,4.780841171627292e-11,-1.2744604738073535e-07,1.4473097565791777e-10,-1.3256518702549994e-07,-5.263870620420735e-09,-5.263870620372216e-09,-1.4374680826603226e-16,2.292870769287761e-09,7.314453038633486e-21,-1.0787356989119435e-12,2.291602670455546e-09,1.2341887150176555e-12,3.8847482854111776e-13,7.240272457974058e-13,1.8327790552417497e-21,1.4374702178704136e-16
8.270999999999999,548,101324.99999999999,2.771e-08,0.066,0.29999999999999993,0.6339999999999998,0.22000000000000003,548.0,1e-11,1e-22,IdealGasReactor,off,0.6289729571485595,0.0,0.0,0.2729516257640428,0.04882293876434291,0.01627146693797586,1.300698318152821e-11,0.03298101137207199,0.0,0.0025659782007217604,2.7952542584336e-11,0.6249823936403901,4.963514068010722e-09,1.9195885179289663e-07,1.168516288231723e-07,1.144806296652384e-05,0.37191323935058346,3.721719573712801e-05,2.6253418841690515e-05,0.0003867157725194921,4.357958889760282e-06,1.7301446445916578e-13,2.05345786786498e-09,7.208054377211334e-05,0.0,0.0,0.0,0.0,0.0,0.0,0.0,0.0,0.0,0.0,0.0,0.0,-1.98909608587798e-07,3.9781921687898516e-07,1.3260640562279016e-07,1.2482158800568887e-16,-2.652128113668441e-07,0.0,-2.3181692420907635e-15,1.5215175384856958e-22,3.1955131028465937e-18,3.2312669605918594e-21,1.7180263390040567e-16,-2.560157083076123e-19,2.5636477852610966e-19,-2.150191875981788e-15,2.49637848112899e-22,-3.4886464452616425e-19,1.5449203429142098e-21,7.23033403553773e-22,-1.9702227415723522e-21,-9.371703893396257e-23,2.1469818868951647e-15,2.629245915302964e-07,1.98909608587798e-07,3.5940128970626165e-07,-3.978181396158587e-07,-3.419940905119358e-07,9.504589950863402e-11,1.1302279893523246e-07,4.828315608148552e-08,5.5633510344359554e-08,4.828315608148552e-08,1.3254982082805776e-07,1.3254982082805776e-07,-1.2482158800568887e-16,2.6509964263229436e-07,-1.0561282822515028e-16,1.9952198646606268e-19,-1.014331406730982e-15,2.6509964368148786e-07,9.006404328227649e-14,3.3321921423102727e-12,4.774651582523402e-11,-1.0199193727611341e-11,-7.002799008218952e-20,2.649550746839156e-07,3.3321921423102727e-12,4.774651582523402e-11,-1.2734486200314406e-07,1.4456685059036173e-10,-1.3246183877220013e-07,-5.261543619646095e-09,-5.26154361990246e-09,-1.4363613150007266e-16,2.2894862248950206e-09,7.304467878010698e-21,-1.0772631264951366e-12,2.2882198365476665e-09,1.2323665178375725e-12,3.88104025873046e-13,7.230372997276362e-13,1.8302871543480376e-21,1.4363603778303373e-16
8.28,548,101325.00000000006,2.771e-08,0.066,0.29999999999999993,0.6339999999999998,0.22000000000000003,548.0,1e-11,1e-22,IdealGasReactor,off,0.628968981837693,0.0,0.0,0.272930939659785,0.04886055211253319,0.016284004738687536,1.3018804132536776e-11,0.0329555216382824,0.0,0.002565074087866886,2.792783706875433e-11,0.6251297719745043,4.962126293123317e-09,1.9203883136977195e-07,1.1682005307663434e-07,1.144900314621851e-05,0.3717672642457723,3.719476049674453e-05,2.6223879216984058e-05,0.0003863230180383826,4.356259138927145e-06,1.728451357880718e-13,2.0538595999682744e-09,7.202686884806814e-05,0.0,0.0,0.0,0.0,0.0,0.0,0.0,0.0,0.0,0.0,0.0,0.0,-1.9875442042828376e-07,3.975088407346533e-07,1.3250294684692505e-07,1.247724392155822e-16,-2.6500589382301114e-07,0.0,1.1399738988446063e-15,-2.907566355090772e-22,-2.5562844298492173e-18,1.8216170797070038e-21,-2.8698535044159763e-18,-4.812205931588494e-20,4.895585737333839e-20,1.1414550120534968e-15,1.0292557269054214e-21,1.821790724655685e-18,-2.5983287945487384e-21,7.783511070182568e-22,-1.2269380002817627e-22,5.810904394652423e-23,-1.1388891570918674e-15,2.627210523808944e-07,1.9875442042828376e-07,3.5908149753496773e-07,-3.975077649423053e-07,-3.4173304985241645e-07,9.491182360988714e-11,1.1298131483888493e-07,4.822496701423084e-08,5.558443387778002e-08,4.822496701423084e-08,1.3244644055971712e-07,1.3244644055971712e-07,-1.247724392155822e-16,2.6489288209455366e-07,-1.0545338438063886e-16,1.9925774055440947e-19,-1.013322174878709e-15,2.6489287985320686e-07,8.999379913192787e-14,3.326801604608103e-12,4.768469271131791e-11,-1.0177670706946169e-11,-6.992941817743673e-20,2.6474847812195223e-07,3.326801604608103e-12,4.768469271131791e-11,-1.2724372964735763e-07,1.4440287014379455e-10,-1.323585439767821e-07,-5.259217199567435e-09,-5.259217199616391e-09,-1.4352505106997414e-16,2.2861061219963675e-09,7.294494881995563e-21,-1.0757923479945355e-12,2.284841442116749e-09,1.230546712500896e-12,3.877334464531013e-13,7.220485487262965e-13,1.8277982292652407e-21,1.435251091790181e-16
8.289,548,101325.00000000003,2.771e-08,0.066,0.29999999999999993,0.6339999999999998,0.22000000000000003,548.0,1e-11,1e-22,IdealGasReactor,off,0.6289650096793459,0.0,0.0,0.27291026996011586,0.04889813563241485,0.01629653259661542,1.3030620310875243e-11,0.03293005211847757,0.0,0.002564169961692934,2.7903151546829643e-11,0.6252771131246605,4.960738587326195e-09,1.9211858882481494e-07,1.1678839252321534e-07,1.144993573316985e-05,0.3716213259188779,3.7172331073360325e-05,2.6194369847448088e-05,0.0003859306278495504,4.354559605720579e-06,1.7267596284145072e-13,2.054261326792422e-09,7.197322060217803e-05,0.0,0.0,0.0,0.0,0.0,0.0,0.0,0.0,0.0,0.0,0.0,0.0,-1.9859931272273834e-07,3.9719862529201776e-07,1.3239954170768e-07,1.2472330295157396e-16,-2.647990835513667e-07,0.0,-3.3367960163890815e-15,-6.720522236666401e-22,-7.040087715382911e-18,-1.3303975183793521e-21,2.87038290000801e-17,-1.3610760671192539e-19,1.3511498997686175e-19,-3.296912630479291e-15,-2.3094229904304244e-21,4.223648389721931e-18,-6.54102419586844e-21,-2.409137684666551e-21,-8.624551402093072e-22,2.7198647992528437e-22,3.3039861214030153e-15,2.62517616068231e-07,1.9859931272273834e-07,3.5876190834194175e-07,-3.9719755096865586e-07,-3.414721415773317e-07,9.477791989118375e-11,1.1293980955209627e-07,4.816682809740762e-08,5.553538561530248e-08,4.816682809740762e-08,1.3234311382489838e-07,1.3234311382489838e-07,-1.2472330295157396e-16,2.6468622862386025e-07,-1.0529416456693416e-16,1.9899381546185097e-19,-1.012313681345324e-15,2.646862308219866e-07,8.992359135624349e-14,3.3214188006779003e-12,4.7622942313996615e-11,-1.0156190472734474e-11,-6.983097490445253e-20,2.6454198848369697e-07,3.3214188006779003e-12,4.7622942313996615e-11,-1.2714265034662737e-07,1.4423903430352054e-10,-1.322553026733755e-07,-5.2568913610526315e-09,-5.2568913611877465e-09,-1.4341396402243072e-16,2.282730456562294e-09,7.284534040415543e-21,-1.0743233619099005e-12,2.2814674831356754e-09,1.2287292968372044e-12,3.873630904055579e-13,7.210609918368002e-13,1.825312277691625e-21,1.4341423600891065e-16
8.298,548,101324.99999999996,2.771e-08,0.066,0.29999999999999993,0.6339999999999998,0.22000000000000003,548.0,1e-11,1e-22,IdealGasReactor,off,0.6289610406717893,0.0,0.0,0.2728896166560399,0.04893568934034417,0.01630905051721128,1.3042431717971616e-11,0.032904602801573195,0.0,0.002563265822758393,2.7878486010328232e-11,0.6254244170431665,4.959350951243936e-09,1.9219812438575824e-07,1.167566473611038e-07,1.145086073630436e-05,0.3714754244172236,3.714990747744108e-05,2.616489071325916e-05,0.00038553860174487105,4.352860290935294e-06,1.7250694552777564e-13,2.0546630482832753e-09,7.191959905218913e-05,0.0,0.0,0.0,0.0,0.0,0.0,0.0,0.0,0.0,0.0,0.0,0.0,-1.9844428551730843e-07,3.9688857091000223e-07,1.322961902378378e-07,1.2467417922945114e-16,-2.64592380606484e-07,0.0,2.4453359271806777e-16,-1.897060025932848e-23,-6.232352979567699e-18,6.92275325541381e-23,-8.904433858010832e-20,-1.3817224952085774e-20,1.3708037111228775e-20,2.505944294386663e-16,-2.5040247521111164e-22,-1.233103808792872e-19,-3.9827786229825575e-21,5.777339590800053e-23,4.542251953802037e-23,5.322039989793208e-24,-2.4433257477527335e-16,2.623142826508533e-07,1.9844428551730843e-07,3.5844252219254125e-07,-3.9688749805383543e-07,-3.412113657653315e-07,9.464418819382597e-11,1.1289828312270898e-07,4.810873933085875e-08,5.548636557086736e-08,4.810873933085875e-08,1.3223984065447557e-07,1.3223984065447557e-07,-1.2467417922945114e-16,2.6447968228195795e-07,-1.0513516853957148e-16,1.9873021090797118e-19,-1.0113059261769347e-15,2.6447968093368246e-07,8.985341997620133e-14,3.3160437224063382e-12,4.756126457386825e-11,-1.0134752950040616e-11,-6.973266013579441e-20,2.643356058349623e-07,3.3160437224063382e-12,4.756126457386825e-11,-1.270416241329775e-07,1.4407534305274136e-10,-1.3215211489478495e-07,-5.254566104860317e-09,-5.254566104874025e-09,-1.4330341298792423e-16,2.279359224616576e-09,7.27458534326821e-21,-1.0728561667664218e-12,2.2780979556306693e-09,1.2269142687048033e-12,3.869929578633922e-13,7.200746281192849e-13,1.8228292973681237e-21,1.4330341830996422e-16
8.306999999999999,548,101324.99999999999,2.771e-08,0.066,0.29999999999999993,0.6339999999999998,0.22000000000000003,548.0,1e-11,1e-22,IdealGasReactor,off,0.6289570748132934,0.0,0.0,0.27286897973855867,0.04897321325268253,0.016321558505929666,1.305423835525558e-11,0.03287917367648148,0.0,0.00256236167175854,2.7853840452497647e-11,0.6255716837156442,4.957963385764769e-09,1.9227743829059638e-07,1.1672481779425612e-07,1.1451778164514448e-05,0.37132955975466,3.7127489721418174e-05,2.6135441795976196e-05,0.0003851469395366607,4.3511611952771745e-06,1.723380837562398e-13,2.055064764201077e-09,7.186600421316726e-05,0.0,0.0,0.0,0.0,0.0,0.0,0.0,0.0,0.0,0.0,0.0,0.0,-1.9828933887919867e-07,3.965786778281597e-07,1.3219289246474443e-07,1.2462506805374283e-16,-2.6438578512162034e-07,0.0,9.891434547912849e-15,-2.8820749505222643e-22,-3.485234246547061e-17,1.2837623711909928e-20,-1.945621974348919e-16,-3.1591681954625233e-19,2.896008955384903e-19,9.764268732189759e-15,1.3820636062370597e-21,3.255873355204434e-17,-2.0387444826947572e-20,5.05453883179356e-21,-5.022651335009965e-21,-4.03824952757357e-23,-9.729249338551739e-15,2.621110522657501e-07,1.9828933887919867e-07,3.58123339189859e-07,-3.965776064373985e-07,-3.4095072253112287e-07,9.451062836917917e-11,1.1285673561059697e-07,4.80507007194576e-08,5.5437373764265386e-08,4.80507007194576e-08,1.3213662109330345e-07,1.3213662109330345e-07,-1.2462506805374283e-16,2.642732431585639e-07,-1.0497639604916373e-16,1.9846692662477478e-19,-1.0102989093814203e-15,2.6427323229771815e-07,8.97832850222789e-14,3.3106763620345963e-12,4.7499659436586445e-11,-1.0113358065167403e-11,-6.963447374150165e-20,2.6412933023060125e-07,3.3106763620345963e-12,4.7499659436586445e-11,-1.269406510334779e-07,1.4391179636623714e-10,-1.3204898066835188e-07,-5.252241431266539e-09,-5.25224143155614e-09,-1.4319269651729524e-16,2.275992422428325e-09,7.264648781324462e-21,-1.07139076120328e-12,2.274732855870225e-09,1.2251016260922664e-12,3.8662304900033574e-13,7.190894567103377e-13,1.820349286231747e-21,1.4319265613479996e-16
8.315999999999999,548,101324.99999999999,2.771e-08,0.066,0.29999999999999993,0.6339999999999998,0.22000000000000003,548.0,1e-11,1e-22,IdealGasReactor,off,0.6289531121021287,0.0,0.0,0.2728483591986685,0.049010707385801565,0.01633405656822725,1.3066040224157183e-11,0.03285376473210777,0.0,0.0025614575089415617,2.782921486169844e-11,0.6257189130194986,4.956575890915402e-09,1.9235653074354121e-07,1.1669290400731052e-07,1.1452688026806706e-05,0.3711837320537724,3.710507781126371e-05,2.6106023072599035e-05,0.00038475564096996707,4.349462319738306e-06,1.721693774334328e-13,2.0554664749108256e-09,7.181243610864325e-05,0.0,0.0,0.0,0.0,0.0,0.0,0.0,0.0,0.0,0.0,0.0,0.0,-1.9813447280629102e-07,3.9626894551804845e-07,1.3208964843296148e-07,1.2457596946555098e-16,-2.641792969904428e-07,0.0,1.808838767871691e-16,-7.890670847992716e-22,-1.504342966518615e-18,2.838779060796383e-21,-3.004642916103737e-17,-4.836028733230021e-20,4.787886821579435e-20,1.5073586571100715e-16,1.4478199715833092e-21,-1.5592682088740613e-18,-3.034440688394303e-21,1.9911788307799913e-22,3.4447903331180513e-22,1.9112320728904326e-22,-1.4923097240367425e-16,2.6190792481111487e-07,1.9813447280629102e-07,3.578043593122693e-07,-3.9626787559090496e-07,-3.4069021187078167e-07,9.437724023573171e-11,1.1281516703651788e-07,4.799271225129697e-08,5.538841019597315e-08,4.799271225129697e-08,1.3203345514022325e-07,1.3203345514022325e-07,-1.2457596946555098e-16,2.640669112513442e-07,-1.0481784686265689e-16,1.9820396230366595e-19,-1.0092926310860808e-15,2.6406691000513405e-07,8.971318649368878e-14,3.3053167106528613e-12,4.743812683126015e-11,-1.0092005740801582e-11,-6.953641559990704e-20,2.6392316176011993e-07,3.3053167106528613e-12,4.743812683126015e-11,-1.2683973109084692e-07,1.4374839424508946e-10,-1.319459000387159e-07,-5.249917342114562e-09,-5.2499173421624405e-09,-1.4308175836226207e-16,2.2726300454686536e-09,7.254724342820012e-21,-1.0699271434854723e-12,2.271372179327926e-09,1.2232913665606873e-12,3.8625336385501915e-13,7.181054764953268e-13,1.817872241574415e-21,1.4308194948546936e-16
8.325,548,101324.99999999999,2.771e-08,0.066,0.29999999999999993,0.6339999999999998,0.22000000000000003,548.0,1e-11,1e-22,IdealGasReactor,off,0.6289491525365642,0.0,0.0,0.2728277550273623,0.04904817175607933,0.016346544709563277,1.3077837326107782e-11,0.032828375957353065,0.0,0.002560553335228865,2.7804609233620183e-11,0.6258661049955687,4.9551884680204705e-09,1.9243540199990788e-07,1.1666090621370112e-07,1.14535903320162e-05,0.37103794127293416,3.708267176265285e-05,2.607663452696575e-05,0.00038436470589075383,4.347763664876659e-06,1.7200082646967182e-13,2.055868179865586e-09,7.175889474921653e-05,0.0,0.0,0.0,0.0,0.0,0.0,0.0,0.0,0.0,0.0,0.0,0.0,-1.9797968740054164e-07,3.9595937467653814e-07,1.3198645816074734e-07,1.2452688345074403e-16,-2.639729164510171e-07,0.0,1.8457750292001438e-16,1.6592987496448193e-23,-4.9783804351014386e-18,-1.3615108249029682e-22,-5.505714157152952e-21,-2.329340604949326e-21,2.3706996355769773e-21,1.8958892620314954e-16,-2.6241567821614964e-22,-3.453129888639578e-21,-3.0070014555380748e-21,-4.5055493989997726e-23,-1.4336957771903303e-25,-4.840778039623215e-24,-1.8458675085096152e-16,2.617049005283452e-07,1.9797968740054164e-07,3.5748558272511237e-07,-3.959583062112257e-07,-3.4042983395849646e-07,9.42440236614735e-11,1.1277357748025229e-07,4.7934773939525374e-08,5.533947489543334e-08,4.7934773939525374e-08,1.3193034286314596e-07,1.3193034286314596e-07,-1.2452688345074403e-16,2.638606866961369e-07,-1.0465952072252323e-16,1.979413176971118e-19,-1.008287091234848e-15,2.638606854121761e-07,8.964312443657457e-14,3.299964761087322e-12,4.7376666711885164e-11,-1.0070695905320317e-11,-6.943848557686188e-20,2.6371710046011285e-07,3.299964761087322e-12,4.7376666711885164e-11,-1.2673886432386706e-07,1.435851366500143e-10,-1.3184287302409739e-07,-5.247593836880291e-09,-5.247593836882661e-09,-1.4297130328070664e-16,2.2692720904029656e-09,7.244812019800305e-21,-1.068465312440328e-12,2.268015922671835e-09,1.2214834883135696e-12,3.858839026683248e-13,7.171226867368257e-13,1.8153981616561933e-21,1.429712984399286e-16
8.334,548,101324.99999999999,2.771e-08,0.066,0.29999999999999993,0.6339999999999998,0.22000000000000003,548.0,1e-11,1e-22,IdealGasReactor,off,0.6289451961148679,0.0,0.0,0.2728071672156288,0.04908560637990006,0.016359022935399568,1.3089629662540077e-11,0.03280300734111406,0.0,0.002559649150980115,2.7780023557818943e-11,0.6260132595486438,4.953801117322237e-09,1.92514052272554e-07,1.1662882460263137e-07,1.1454485089122353e-05,0.3708921875072187,3.7060271583148854e-05,2.604727613719168e-05,0.0003839741340605648,4.3460652316103715e-06,1.7183243077204228e-13,2.0562698792787447e-09,7.170538015614543e-05,0.0,0.0,0.0,0.0,0.0,0.0,0.0,0.0,0.0,0.0,0.0,0.0,-1.9782498267686358e-07,3.956499651352506e-07,1.3188332168808003e-07,1.2447781004117009e-16,-2.6376664347575743e-07,0.0,-1.6031862481172097e-15,1.3375744770643855e-21,1.4357472756464757e-17,-1.3447697360952783e-20,9.407449667693719e-17,-1.2030514828971235e-19,1.150459339551002e-19,-1.5341842236368397e-15,1.3774940190030402e-22,-1.045916258288594e-17,8.80829616456592e-21,-1.659272609993089e-22,2.678351803166402e-21,-5.254226755228003e-23,1.5197620766172584e-15,2.6150197939418503e-07,1.9782498267686358e-07,3.571670094371721e-07,-3.956488981299842e-07,-3.401695888195132e-07,9.411097847311759e-11,1.1273196697242518e-07,4.7876885776241e-08,5.529056786784402e-08,4.7876885776241e-08,1.3182728427221884e-07,1.3182728427221884e-07,-1.2447781004117009e-16,2.6365456951322786e-07,-1.0450141739174196e-16,1.9767899250663047e-19,-1.0072822899221207e-15,2.636545699541415e-07,8.957309885783093e-14,3.294620504719117e-12,4.731527901168966e-11,-1.0049428482538406e-11,-6.934068354864326e-20,2.6351114641080456e-07,3.294620504719117e-12,4.731527901168966e-11,-1.266380507710688e-07,1.4342202357485968e-10,-1.317398996644999e-07,-5.2452709170112194e-09,-5.245270917126265e-09,-1.428607555549226e-16,2.2659185529008446e-09,7.234911801128917e-21,-1.0670052664255851e-12,2.2646640815724152e-09,1.2196779890178208e-12,3.855146655115751e-13,7.16141086382124e-13,1.8129270439275888e-21,1.4286070301265505e-16
8.343,548,101325.0,2.771e-08,0.066,0.29999999999999993,0.6339999999999998,0.22000000000000003,548.0,1e-11,1e-22,IdealGasReactor,off,0.6289412428353072,0.0,0.0,0.2727865957544532,0.04912301127365545,0.01637149125120035,1.3101417234887813e-11,0.03277765887228247,0.0,0.0025587449569356145,2.7755457827988103e-11,0.6261603766760364,4.952413839796795e-09,1.9259248180324384e-07,1.1659665937951903e-07,1.1455372307006186e-05,0.3707464707587343,3.7037877285796015e-05,2.601794788525129e-05,0.00038358392529790996,4.3443670206113855e-06,1.7166419024970526e-13,2.056671572846958e-09,7.165189234334022e-05,0.0,0.0,0.0,0.0,0.0,0.0,0.0,0.0,0.0,0.0,0.0,0.0,-1.9767035870892038e-07,3.9534071729333354e-07,1.3178023903991447e-07,1.2442874923740842e-16,-2.6356047819566604e-07,0.0,-2.508577383984348e-16,-4.977701150229629e-24,8.585681363740944e-18,1.067175309385714e-22,1.190081290892292e-19,3.282252670610414e-21,-3.171410468528308e-21,-2.593677650957548e-16,5.262211652642304e-22,2.8884894352913664e-20,5.288740401174388e-21,-1.0099358291389622e-22,1.519634806825457e-23,-4.863499871447232e-24,2.507413750759566e-16,2.612991615432922e-07,1.9767035870892038e-07,3.5684863956270697e-07,-3.953396517463294e-07,-3.399094765796165e-07,9.397810452532148e-11,1.126903355770479e-07,4.781904776765569e-08,5.52416891347461e-08,4.781904776765569e-08,1.3172427941657726e-07,1.3172427941657726e-07,-1.2442874923740842e-16,2.6344855980089613e-07,-1.0434353661950064e-16,1.9741698646820598e-19,-1.0062782271380477e-15,2.634485589680935e-07,8.950310979084395e-14,3.2892839339098545e-12,4.725396367794948e-11,-1.002820339952371e-11,-6.924300938448426e-20,2.633052996623616e-07,3.2892839339098545e-12,4.725396367794948e-11,-1.2653729045730264e-07,1.4325905499052496e-10,-1.3163697998492404e-07,-5.242948582611821e-09,-5.2429485826086496e-09,-1.4275016812446917e-16,2.2625694293083493e-09,7.225023677819332e-21,-1.065547004116266e-12,2.261316652373848e-09,1.2178748667028026e-12,3.851456525701446e-13,7.15160674591319e-13,1.8104588863851886e-21,1.427501632609693e-16
8.351999999999999,548,101325.0,2.771e-08,0.066,0.29999999999999993,0.6339999999999998,0.22000000000000003,548.0,1e-11,1e-22,IdealGasReactor,off,0.6289372926961492,0.0,0.0,0.2727660406348151,0.04916038645374773,0.01638394966243189,1.311320004458494e-11,0.03275233053974293,0.0,0.00255784075360516,2.773091203529623e-11,0.6263074563193266,4.951026635976177e-09,1.9267069081624325e-07,1.1656441073978452e-07,1.1456251994609324e-05,0.3706007910855902,3.7015488880305545e-05,2.5988649750766156e-05,0.0003831940793865909,4.34266903269881e-06,1.7149610481044638e-13,2.057073260579118e-09,7.159843132904372e-05,0.0,0.0,0.0,0.0,0.0,0.0,0.0,0.0,0.0,0.0,0.0,0.0,-1.9751581553460982e-07,3.9503163095020796e-07,1.3167721025010425e-07,1.2437970105887408e-16,-2.6335442062977125e-07,0.0,-1.5383959460745515e-16,-4.8868402726357276e-23,-5.266542828847876e-18,5.303906706080426e-22,-5.3929528960497235e-18,6.3527471044072525e-21,-6.3246229635804496e-21,-1.5401826396540538e-16,-2.6829172008341095e-22,-1.0434818440363983e-19,-3.1102120278964552e-21,-6.462348535570529e-25,-4.889826223218762e-23,5.877863100572428e-24,1.5930912258548923e-16,2.610964469987602e-07,1.9751581553460982e-07,3.56530473151595e-07,-3.9503056685968397e-07,-3.3964949730341935e-07,9.384540165582979e-11,1.1264868333799536e-07,4.7761259911305264e-08,5.5192838707712615e-08,4.7761259911305264e-08,1.316213283216205e-07,1.316213283216205e-07,-1.2437970105887408e-16,2.6324265760993235e-07,-1.0418587816341652e-16,1.97155299296928e-19,-1.0052749029336792e-15,2.632426566728796e-07,8.943315725287168e-14,3.283955040429974e-12,4.719272064942392e-11,-1.0007020581533981e-11,-6.91454629578921e-20,2.6309956028268916e-07,3.283955040429974e-12,4.719272064942392e-11,-1.2643658341550773e-07,1.4309623088132365e-10,-1.3153411401922294e-07,-5.240626834596524e-09,-5.240626834590199e-09,-1.4263967333824433e-16,2.2592247155549174e-09,7.215147639579513e-21,-1.0640905239946143e-12,2.257973631011059e-09,1.2160741191777544e-12,3.847768639596193e-13,7.141814503950742e-13,1.8079936866931463e-21,1.4263967921610743e-16
8.360999999999999,548,101325.00000000004,2.771e-08,0.066,0.29999999999999993,0.6339999999999998,0.22000000000000003,548.0,1e-11,1e-22,IdealGasReactor,off,0.6289333456956595,0.0,0.0,0.2727455018476921,0.04919773193658188,0.016396398174563398,1.3124978093067639e-11,0.032727022332378085,0.0,0.002556936541432261,2.770638617018615e-11,0.6264544984040549,4.949639506264723e-09,1.927486795309697e-07,1.1653207887589085e-07,1.145712416089151e-05,0.37045514856201134,3.699310637542493e-05,2.5959381712680852e-05,0.00038280459610041603,4.340971268734214e-06,1.7132817436165635e-13,2.05747494257448e-09,7.154499713271695e-05,0.0,0.0,0.0,0.0,0.0,0.0,0.0,0.0,0.0,0.0,0.0,0.0,-1.9736135318149293e-07,3.947227061334653e-07,1.3157423535498679e-07,1.2433066553040206e-16,-2.6314847076857846e-07,0.0,-1.099044943405659e-14,-2.965569446102946e-21,8.416676085030995e-18,4.788614711711577e-20,1.0520874476859497e-16,-5.10072652924699e-20,4.2897586567000015e-20,-1.0951028224560715e-14,1.7155760134602193e-20,-5.722764572942968e-17,-5.983423683651005e-21,-9.443481613817498e-21,-3.284539531609989e-21,1.5837652728508457e-22,1.094254759353592e-14,2.608938357552765e-07,1.9736135318149293e-07,3.5621251023503797e-07,-3.947216434976408e-07,-3.393896510377963e-07,9.371286969757244e-11,1.1260701029337107e-07,4.770352220218614e-08,5.514401659542682e-08,4.770352220218614e-08,1.315184310058809e-07,1.315184310058809e-07,-1.2433066553040206e-16,2.6303686297740694e-07,-1.0402844178360041e-16,1.9689393070194715e-19,-1.0042723173768791e-15,2.6303687283846244e-07,8.936324125650623e-14,3.278633815882811e-12,4.7131549862438474e-11,-9.985879953385627e-12,-6.904804414363074e-20,2.6289392834467957e-07,3.278633815882811e-12,4.7131549862438474e-11,-1.2633592968087458e-07,1.429335512352778e-10,-1.314313018037434e-07,-5.238305674112218e-09,-5.238305674155116e-09,-1.425290925252358e-16,2.25588440746105e-09,7.20528367574349e-21,-1.0626358244878292e-12,2.2546350133019696e-09,1.2142757441889705e-12,3.844082997752709e-13,7.132034127869109e-13,1.8055314424201228e-21,1.4252925090176308e-16
8.37,548,101325.00000000003,2.771e-08,0.066,0.29999999999999993,0.6339999999999998,0.22000000000000003,548.0,1e-11,1e-22,IdealGasReactor,off,0.6289294018321038,0.0,0.0,0.27272497938405654,0.049235047738572936,0.016408836793066144,1.3136751381772408e-11,0.032701734239063876,0.0,0.002556032321179883,2.7681880226554548e-11,0.626601502933873,4.948252451683792e-09,1.9282644819117906e-07,1.1649966399385021e-07,1.1457988814725394e-05,0.3703095431837427,3.697072978449601e-05,2.5930143753156677e-05,0.0003824154752607373,4.339273729369429e-06,1.7116039881231352e-13,2.0578766184961168e-09,7.149158976756922e-05,0.0,0.0,0.0,0.0,0.0,0.0,0.0,0.0,0.0,0.0,0.0,0.0,-1.9720697172634362e-07,3.944139433282847e-07,1.3147131437808165e-07,1.2428164265043123e-16,-2.629426288855364e-07,0.0,8.734514995606618e-17,3.329959565960738e-23,-5.11981105103415e-18,-7.917613665737532e-22,9.682645378300721e-20,-4.393983413881683e-21,4.389020330206365e-21,9.255304683265615e-17,-3.5546597455077307e-22,-4.977976682584207e-20,-3.1586722707969358e-21,7.392926724692685e-23,1.5469868890405859e-22,-3.9116184196238724e-24,-8.740841839033155e-17,2.6069132808990893e-07,1.9720697172634362e-07,3.5589475093252665e-07,-3.944128821453804e-07,-3.3912993791397124e-07,9.358050850682086e-11,1.1256531650935283e-07,4.7645834647090207e-08,5.509522282026523e-08,4.7645834647090207e-08,1.3141558752055995e-07,1.3141558752055995e-07,-1.2428164265043123e-16,2.628311760057131e-07,-1.0387122722846955e-16,1.9663288042113302e-19,-1.0032704704468216e-15,2.628311748242851e-07,8.929336183653757e-14,3.273320252690002e-12,4.707045126506068e-11,-9.964781442617994e-12,-6.89507528104724e-20,2.626884038956726e-07,3.273320252690002e-12,4.707045126506068e-11,-1.262353292769114e-07,1.427710160208983e-10,-1.3132854336206075e-07,-5.235985101170262e-09,-5.235985101174651e-09,-1.4241888228914168e-16,2.252548501397555e-09,7.195431777441301e-21,-1.061182904288156e-12,2.251300795627459e-09,1.2124797397851195e-12,3.840399602078111e-13,7.122265609380064e-13,1.8030721515905675e-21,1.4241887837752326e-16
8.379,548,101324.99999999997,2.771e-08,0.066,0.29999999999999993,0.6339999999999998,0.22000000000000003,548.0,1e-11,1e-22,IdealGasReactor,off,0.6289254611037461,0.0,0.0,0.2727044732348777,0.04927233387614115,0.016421265523414004,1.3148519912137284e-11,0.032676466248672625,0.0,0.002555128093278176,2.7657394194682976e-11,0.6267484698312679,4.946865472611861e-09,1.9290399701523485e-07,1.1646716628536107e-07,1.1458845965079078e-05,0.3701639750280786,3.694835911605871e-05,2.590093585099206e-05,0.0003820267166392262,4.3375764154734265e-06,1.7099277806967036e-13,2.058278288460969e-09,7.143820925320346e-05,0.0,0.0,0.0,0.0,0.0,0.0,0.0,0.0,0.0,0.0,0.0,0.0,-1.9705267119442994e-07,3.941053421544891e-07,1.31368447356096e-07,1.2423263244482913e-16,-2.6273689484362326e-07,0.0,-1.1405636217940485e-14,6.960921877329e-23,-6.6917158342407235e-18,-2.95616871063014e-22,1.1010533635755367e-16,1.1171835178692188e-18,-1.1601175003831711e-18,-1.1287133683975525e-14,-1.3613374660882918e-20,5.717685397013228e-19,-1.495575566057923e-21,3.0378724983892787e-21,-5.242666255855296e-21,-1.6332719438836217e-22,1.1293863927670372e-14,2.6048892386984273e-07,1.9705267119442994e-07,3.555771952709492e-07,-3.941042824227273e-07,-3.388703579748804e-07,9.344831791556537e-11,1.125236020229509e-07,4.7588197240363415e-08,5.504645739024689e-08,4.7588197240363415e-08,1.3131279788266988e-07,1.3131279788266988e-07,-1.2423263244482913e-16,2.626255967288907e-07,-1.0371423425880853e-16,1.9637214816248376e-19,-1.0022693622127682e-15,2.626256069282462e-07,8.922351900452496e-14,3.268014342425294e-12,4.7009424793123905e-11,-9.943724974143139e-12,-6.885358883349609e-20,2.624829870091558e-07,3.268014342425294e-12,4.7009424793123905e-11,-1.2613478223913123e-07,1.4260862522650714e-10,-1.3122583873082657e-07,-5.233665116964776e-09,-5.233665115804659e-09,-1.4230872499260677e-16,2.249216993164711e-09,7.185591933929316e-21,-1.0597317618111671e-12,2.2479709737805335e-09,1.210686103699494e-12,3.8367184534763294e-13,7.112508938339815e-13,1.8006158117525e-21,1.4230856166541238e-16
8.388,548,101325.0,2.771e-08,0.066,0.29999999999999993,0.6339999999999998,0.22000000000000003,548.0,1e-11,1e-22,IdealGasReactor,off,0.6289215235088501,0.0,0.0,0.27268398339112077,0.04930959036571416,0.016433684371083206,1.3160283685601322e-11,0.03265121835007164,0.0,0.002554223858264593,2.7632928066000854e-11,0.6268953990453024,4.945478569635924e-09,1.9298132623004964e-07,1.1643458594649751e-07,1.1459695620880605e-05,0.37001844414561313,3.6925994380186546e-05,2.587175798605102e-05,0.00038163832002330333,4.3358793278426906e-06,1.7082531204136772e-13,2.058679952438839e-09,7.138485560703792e-05,0.0,0.0,0.0,0.0,0.0,0.0,0.0,0.0,0.0,0.0,0.0,0.0,-1.9689845162748321e-07,3.937969031306509e-07,1.312656343210624e-07,1.2418363493048288e-16,-2.62531268753855e-07,0.0,-5.78727965478498e-17,-1.6266823921649282e-24,1.2361252374428938e-17,4.138670946059251e-23,1.9026477577699721e-19,-6.45862622281404e-21,6.481787279965525e-21,-7.020076056201143e-17,8.569674449760958e-22,-4.2199989977024206e-20,7.582627552315616e-21,-3.1794754795007e-24,-1.53934508128555e-22,-8.816272770066032e-24,5.778109631326854e-17,2.6028662321011175e-07,1.9689845162748321e-07,3.5525984330666085e-07,-3.937958448482553e-07,-3.386109112917355e-07,9.33162977636387e-11,1.1248186688066761e-07,4.753060998025394e-08,5.499772031797035e-08,4.753060998025394e-08,1.3121006212014806e-07,1.3121006212014806e-07,-1.2418363493048288e-16,2.6242012520279527e-07,-1.0355746263139943e-16,1.9611173364356364e-19,-1.0012689927125453e-15,2.6242012418631333e-07,8.915371277945099e-14,3.262716076937221e-12,4.694847038639956e-11,-9.92271047384763e-12,-6.875655208570264e-20,2.622776777496987e-07,3.262716076937221e-12,4.694847038639956e-11,-1.2603428859876824e-07,1.424463788335561e-10,-1.3112318794222885e-07,-5.23134572229415e-09,-5.231345722300632e-09,-1.4219830961572074e-16,2.2458898787401963e-09,7.175764135064574e-21,-1.0582823955613949e-12,2.2446455437432298e-09,1.2088948337664152e-12,3.8330395531687e-13,7.102764105197109e-13,1.7981624206057094e-21,1.4219830079944797e-16
8.396999999999998,548,101325.00000000003,2.771e-08,0.066,0.29999999999999993,0.6339999999999998,0.22000000000000003,548.0,1e-11,1e-22,IdealGasReactor,off,0.628917589045679,0.0,0.0,0.27266350984374577,0.04934681722373011,0.01644609334155194,1.3172042703603723e-11,0.03262599053212126,0.0,0.0025533196168927904,2.760848183427568e-11,0.627042290577762,4.944091743759251e-09,1.9305843607865818e-07,1.1640192318260664e-07,1.1460537791014985e-05,0.3698729505339697,3.690363559006182e-05,2.5842610140377747e-05,0.0003812502852326466,4.3341824671324564e-06,1.7065800063621663e-13,2.059081610103559e-09,7.133152884227077e-05,0.0,0.0,0.0,0.0,0.0,0.0,0.0,0.0,0.0,0.0,0.0,0.0,-1.967443131004429e-07,3.934886261539864e-07,1.3116287529665383e-07,1.241346501064622e-16,-2.62325750717977e-07,0.0,-3.161510246524765e-15,-5.828314669134292e-22,-3.9432503679158787e-19,1.0281565493511175e-20,-7.724294616336938e-17,9.814994276309205e-20,-9.901186496137231e-20,-3.2381115503413383e-15,3.982910242846872e-21,1.4288759320856145e-19,-1.5938618288321986e-21,-7.479780689010753e-22,-5.142443057960011e-22,-1.5574297372592643e-22,3.238504174204026e-15,2.6008442621610044e-07,1.967443131004429e-07,3.5494269515552505e-07,-3.9348756931918217e-07,-3.3835159799258643e-07,9.318444790662465e-11,1.1244011114797623e-07,4.747307287295289e-08,5.494901162525796e-08,4.747307287295289e-08,1.3110738028297892e-07,1.3110738028297892e-07,-1.241346501064622e-16,2.6221476152741155e-07,-1.0340091209527281e-16,1.9585163660140086e-19,-1.0002693619243263e-15,2.6221476367993546e-07,8.908394319527863e-14,3.2574254486281016e-12,4.688758799258476e-11,-9.901737869491913e-12,-6.86596424361306e-20,2.6207247616462096e-07,3.2574254486281016e-12,4.688758799258476e-11,-1.2593384837944977e-07,1.422842768103266e-10,-1.3102059101984264e-07,-5.229026917204045e-09,-5.229026917105033e-09,-1.4208825158085933e-16,2.242567154484112e-09,7.1659483719167e-21,-1.0568348042219272e-12,2.2413245018765395e-09,1.2071059280244017e-12,3.829362903019958e-13,7.093031101600845e-13,1.79571197615803e-21,1.420880958378856e-16
8.405999999999999,548,101324.99999999999,2.771e-08,0.066,0.29999999999999993,0.6339999999999998,0.22000000000000003,548.0,1e-11,1e-22,IdealGasReactor,off,0.6289136577124949,0.0,0.0,0.27264305258371024,0.049384014466630086,0.01645849244030122,1.3183796967585811e-11,0.032600782783679644,0.0,0.0025524153695832955,2.758405548964626e-11,0.6271891443495335,4.942704995343326e-09,1.9313532677898042e-07,1.1636917818454696e-07,1.1461372484445463e-05,0.3697274942720546,3.688128275405827e-05,2.5813492292636562e-05,0.0003808626120370017,4.332485834213191e-06,1.7049084376112076e-13,2.059483261583753e-09,7.127822897843955e-05,0.0,0.0,0.0,0.0,0.0,0.0,0.0,0.0,0.0,0.0,0.0,0.0,-1.9659025563676667e-07,3.931805110662547e-07,1.3106017031933986e-07,1.240856779991771e-16,-2.6212034077057857e-07,0.0,-2.9758502024109352e-15,5.205050411164439e-22,-3.510565028267725e-18,-4.875954810384163e-22,8.317323558533355e-17,1.6961834768767364e-19,-1.7426048528532123e-19,-2.8846701852324303e-15,5.376521005687939e-22,4.293576992887535e-18,-3.078287925156541e-21,7.041116470416225e-22,1.0348108609699516e-21,-1.1825283863551299e-23,2.888199986254556e-15,2.5988233292662324e-07,1.9659025563676667e-07,3.546257508408479e-07,-3.931794556772685e-07,-3.3809241811737157e-07,9.305276817583952e-11,1.1239833486122774e-07,4.7415585912212373e-08,5.4900331319597275e-08,4.7415585912212373e-08,1.3100475238696917e-07,1.3100475238696917e-07,-1.240856779991771e-16,2.620095057343456e-07,-1.0324458241160884e-16,1.9559185674305365e-19,-9.992704699152356e-16,2.620095075345219e-07,8.901421026274805e-14,3.252142449051842e-12,4.68267775471474e-11,-9.880807086204173e-12,-6.856285975999499e-20,2.618673823271772e-07,3.252142449051842e-12,4.68267775471474e-11,-1.2583346161643375e-07,1.4212231914471163e-10,-1.309180480001905e-07,-5.226708702906116e-09,-5.226708702731856e-09,-1.4197795862670396e-16,2.239248816167501e-09,7.15614463368193e-21,-1.0553889861995624e-12,2.238007843955317e-09,1.2053193841964056e-12,3.825688503892048e-13,7.083309917342904e-13,1.793264475940356e-21,1.419779468014201e-16
8.415,548,101324.99999999997,2.771e-08,0.066,0.29999999999999993,0.6339999999999998,0.22000000000000003,548.0,1e-11,1e-22,IdealGasReactor,off,0.6289097295075593,0.0,0.0,0.2726226116019679,0.049421182110863264,0.0164708816728143,1.3195546478989698e-11,0.0325755950935996,0.0,0.0025515111168973926,2.7559649023774735e-11,0.6273359603159221,4.941318325021676e-09,1.9321199855995965e-07,1.1633635114911731e-07,1.146219971010084e-05,0.3695820754041927,3.685893588256846e-05,2.5784404422909166e-05,0.000380475300227057,4.330789429862967e-06,1.7032384132370965e-13,2.059884906815425e-09,7.122495603230491e-05,0.0,0.0,0.0,0.0,0.0,0.0,0.0,0.0,0.0,0.0,0.0,0.0,-1.9643627928150778e-07,3.9287255844446673e-07,1.309575194199498e-07,1.2403671862340596e-16,-2.619150389592896e-07,0.0,-3.827598546513834e-16,2.1994278038501846e-23,4.583009202741811e-18,-1.7298770197673215e-22,-5.466168306428017e-18,1.7946510569950488e-20,-1.8001104490378988e-20,-3.9287637363176104e-16,6.050994807732497e-23,-4.50390570064975e-20,2.8356114905422915e-21,-1.3855275260263214e-23,4.605548441994883e-23,-7.160675942263368e-24,3.882719549789074e-16,2.596803433932882e-07,1.9643627928150778e-07,3.543090104246276e-07,-3.928715044995267e-07,-3.378333717429863e-07,9.292125841289057e-11,1.123565380691439e-07,4.735814909692779e-08,5.4851679414477435e-08,4.735814909692779e-08,1.3090217846226146e-07,1.3090217846226146e-07,-1.2403671862340596e-16,2.6180435788388714e-07,-1.0308847333654218e-16,1.9533239378826592e-19,-9.982723167128946e-16,2.618043571933626e-07,8.894451400234025e-14,3.2468670701236695e-12,4.6766038990726444e-11,-9.859918050368237e-12,-6.846620392991852e-20,2.616623962992747e-07,3.2468670701236695e-12,4.6766038990726444e-11,-1.257331283398359e-07,1.4196050581591187e-10,-1.3081555891413385e-07,-5.224391080113896e-09,-5.224391080095895e-09,-1.4186786088717316e-16,2.2359348598140323e-09,7.146352910346036e-21,-1.0539449400178411e-12,2.2346955660014292e-09,1.2035352001384187e-12,3.8220163570643465e-13,7.073600542995996e-13,1.7908199176838305e-21,1.4186785372649721e-16
8.424,548,101324.99999999999,2.771e-08,0.066,0.29999999999999993,0.6339999999999998,0.22000000000000003,548.0,1e-11,1e-22,IdealGasReactor,off,0.6289058044291331,0.0,0.0,0.2726021868894677,0.049458320172887094,0.016483261044576585,1.3207291239258185e-11,0.032550427450728274,0.0,0.0025506068595208963,2.7535262429656132e-11,0.6274827384628396,4.9399317336675914e-09,1.9328845165964588e-07,1.1630344227835577e-07,1.146301947687887e-05,0.36943669394395967,3.683659498776832e-05,2.5755346512522147e-05,0.00038008834961192193,4.329093254777084e-06,1.7015699323218697e-13,2.0602865455628955e-09,7.117171001814158e-05,0.0,0.0,0.0,0.0,0.0,0.0,0.0,0.0,0.0,0.0,0.0,0.0,-1.9628238409876923e-07,3.9256476800878855e-07,1.308549226242601e-07,1.23987771983584e-16,-2.6170984538719734e-07,0.0,3.466291788139497e-15,1.5130159430943446e-22,-9.789791486480625e-18,-4.348721919580259e-22,6.471749939540561e-17,-6.000699035704684e-20,5.877945432801815e-20,3.5456851813839195e-15,-2.7555669230709934e-21,4.8633648665855064e-18,-3.62429872014641e-21,4.665815642681922e-23,-5.691409697899842e-22,5.762552984777364e-25,-3.5358497341363867e-15,2.5947845772294337e-07,1.9628238409876923e-07,3.53992474002947e-07,-3.9256371550612425e-07,-3.375744589789672e-07,9.278991846841289e-11,1.1231472083140434e-07,4.7300762430516855e-08,5.480305592866686e-08,4.7300762430516855e-08,1.30799658551643e-07,1.30799658551643e-07,-1.23987771983584e-16,2.6159931806160775e-07,-1.0293258462172254e-16,1.950732474678821e-19,-9.972749023095613e-16,2.6159931343361364e-07,8.887485444312791e-14,3.2415993040764295e-12,4.670537226849983e-11,-9.839070689479873e-12,-6.836967481621185e-20,2.6145751813266803e-07,3.2415993040764295e-12,4.670537226849983e-11,-1.256328485751624e-07,1.4179883679535193e-10,-1.3071312378746354e-07,-5.222074049097715e-09,-5.222074049156494e-09,-1.4175781608720155e-16,2.2326252816592276e-09,7.136573192589016e-21,-1.0525026643023178e-12,2.2313876642539897e-09,1.2017533738232933e-12,3.818346464183925e-13,7.063902969819127e-13,1.7883782992955497e-21,1.4175781666345685e-16
8.433,548,101324.99999999999,2.771e-08,0.066,0.29999999999999993,0.6339999999999998,0.22000000000000003,548.0,1e-11,1e-22,IdealGasReactor,off,0.6289018824754761,0.0,0.0,0.2725817784371554,0.049495428669164614,0.016495630561075978,1.3219031249835482e-11,0.03252527984390901,0.0,0.0025497025978742467,2.7510895697404353e-11,0.6276294787115888,4.938545221643405e-09,1.9336468629635413e-07,1.162704517627678e-07,1.1463831793744592e-05,0.3692913499698464,3.681426007800523e-05,2.5726318540116712e-05,0.00037970175996103836,4.327397309823191e-06,1.6999029939329688e-13,2.060688177954391e-09,7.111849095528858e-05,0.0,0.0,0.0,0.0,0.0,0.0,0.0,0.0,0.0,0.0,0.0,0.0,-1.9612857011167767e-07,3.922571400999833e-07,1.307523799683767e-07,1.239388381059807e-16,-2.615047600656339e-07,0.0,-3.4768207997574783e-15,3.6248779645122323e-22,-5.52844738735628e-18,-2.4749484997588e-21,-5.969994091366716e-19,1.3017837608114528e-19,-1.275347068434258e-19,-3.472317847705602e-15,4.380584239064157e-22,-6.224752532803068e-19,-2.415046896557155e-21,-6.11157225705976e-22,3.605879546818368e-23,-1.242516633500131e-22,3.47787926609221e-15,2.592766759311471e-07,1.9612857011167767e-07,3.536761415982052e-07,-3.9225608903782584e-07,-3.3731567986469004e-07,9.265874817379449e-11,1.1227288318448844e-07,4.7243425906502205e-08,5.475446086953114e-08,4.7243425906502205e-08,1.3069719267069692e-07,1.3069719267069692e-07,-1.239388381059807e-16,2.613943862986728e-07,-1.0277691602851914e-16,1.9481441748901915e-19,-9.962782267684932e-16,2.6139438868977294e-07,8.880523159569927e-14,3.2363391424708444e-12,4.664477731594282e-11,-9.818264928972792e-12,-6.827327229413689e-20,2.612527478998236e-07,3.2363391424708444e-12,4.664477731594282e-11,-1.255326223573123e-07,1.41637312070086e-10,-1.3061074265630926e-07,-5.219757611064403e-09,-5.219757610936868e-09,-1.416479598844096e-16,2.2293200774757834e-09,7.12680546960389e-21,-1.0510621574595265e-12,2.228084134486767e-09,1.1999739029734756e-12,3.8146788260997876e-13,7.054217187597289e-13,1.78593961830409e-21,1.4164783563274626e-16
8.441999999999998,548,101324.99999999999,2.771e-08,0.066,0.29999999999999993,0.6339999999999998,0.22000000000000003,548.0,1e-11,1e-22,IdealGasReactor,off,0.6288979636448474,0.0,0.0,0.2725613862359728,0.04953250761616629,0.016507990227802603,1.3230766512166698e-11,0.03250015226198012,0.0,0.002548798332572252,2.7486548819226096e-11,0.6277761810311488,4.937158789686387e-09,1.9344070270300624e-07,1.1623737980109692e-07,1.1464636669613311e-05,0.3691460435124434,3.6791931164416895e-05,2.569732048628547e-05,0.0003793155310727055,4.32570159574055e-06,1.6982375971473695e-13,2.061089803850669e-09,7.106529885924758e-05,0.0,0.0,0.0,0.0,0.0,0.0,0.0,0.0,0.0,0.0,0.0,0.0,-1.9597483737317429e-07,3.919496746966365e-07,1.3064989148059037e-07,1.2388991700075482e-16,-2.612997830780453e-07,0.0,1.6897040482195695e-14,-1.9892467858266773e-22,3.3990103132143103e-18,-1.785844834371509e-21,-7.415704631784435e-17,-2.752592380780459e-19,2.7627997895393635e-19,1.6815560414186725e-14,1.7480980954854852e-22,-3.606812082819051e-18,-1.6799277905257104e-21,-1.1112137553884236e-21,5.378869199562864e-22,-5.403870124004736e-23,-1.6818978934885388e-14,2.590749981052319e-07,1.9597483737317429e-07,3.5336001328625185e-07,-3.919486250732185e-07,-3.3705703449061664e-07,9.252774737454648e-11,1.1223102518196388e-07,4.718613952551998e-08,5.470589425271733e-08,4.718613952551998e-08,1.3059478085480962e-07,1.3059478085480962e-07,-1.2388991700075482e-16,2.611895626658564e-07,-1.0262146731127008e-16,1.9455590357617745e-19,-9.952822900985306e-16,2.611895447701684e-07,8.873564548409834e-14,3.2310865773633303e-12,4.65842540756354e-11,-9.797500695964019e-12,-6.817699623534246e-20,2.6104808565753216e-07,3.2310865773633303e-12,4.65842540756354e-11,-1.2543244971406084e-07,1.4147593161520418e-10,-1.305084155489762e-07,-5.217441766529543e-09,-5.2174417668058226e-09,-1.4153796471527476e-16,2.2260192433767713e-09,7.117049731669915e-21,-1.0496234180560351e-12,2.224784972813414e-09,1.1981967854942914e-12,3.811013444237893e-13,7.044543187189994e-13,1.783503872513641e-21,1.4153791067657352e-16
8.450999999999999,548,101325.0,2.771e-08,0.066,0.29999999999999993,0.6339999999999998,0.22000000000000003,548.0,1e-11,1e-22,IdealGasReactor,off,0.6288940479355059,0.0,0.0,0.2725410102768579,0.04956955703036943,0.01652034005024892,1.324249702769801e-11,0.032475044693775344,0.0,0.00254789406423311,2.746222178735453e-11,0.627922845391469,4.935772438540373e-09,1.9351650111287518e-07,1.1620422659211117e-07,1.1465434113400036e-05,0.36900077460136704,3.676960825817828e-05,2.566835233164537e-05,0.0003789296627455653,4.324006113264998e-06,1.6965737410415893e-13,2.061491423107183e-09,7.101213374538296e-05,0.0,0.0,0.0,0.0,0.0,0.0,0.0,0.0,0.0,0.0,0.0,0.0,-1.9582118593659006e-07,3.9164237181652775e-07,1.3054745718890034e-07,1.2384100867773676e-16,-2.610949144986128e-07,0.0,1.578898422906098e-16,-2.3331203177852847e-23,2.066103283343379e-18,-1.5126828207766503e-21,-6.717828892585697e-17,-4.523685333929998e-20,4.424589096546145e-20,8.762787119045007e-17,3.1317995031795285e-22,-9.539170202311963e-19,1.743931698215568e-21,-1.7512964531396133e-22,3.608951469790912e-23,2.5969149735797133e-23,-8.970294952904464e-17,2.588734243232603e-07,1.9582118593659006e-07,3.53044089143493e-07,-3.916413236300831e-07,-3.367985229478439e-07,9.239691591641769e-11,1.1218914687772315e-07,4.7128903288239585e-08,5.465735609396259e-08,4.7128903288239585e-08,1.3049242313960225e-07,1.3049242313960225e-07,-1.2384100867773676e-16,2.6098484723440176e-07,-1.0246623822427248e-16,1.9429770545412924e-19,-9.942870923063102e-16,2.6098484606773553e-07,8.866609613252864e-14,3.225841600819644e-12,4.65238024902648e-11,-9.776777917693174e-12,-6.808084651143216e-20,2.608435314620332e-07,3.225841600819644e-12,4.65238024902648e-11,-1.253323306729063e-07,1.4131469540530646e-10,-1.3040614249349404e-07,-5.215126515994051e-09,-5.215126516038297e-09,-1.414280158682542e-16,2.2227227754778176e-09,7.107305969081982e-21,-1.0481864446607323e-12,2.221490175352496e-09,1.1964220192937457e-12,3.8073503200292137e-13,7.034880959470732e-13,1.7810710597318055e-21,1.4142804183740394e-16
8.459999999999999,548,101324.99999999999,2.771e-08,0.066,0.29999999999999993,0.6339999999999998,0.22000000000000003,548.0,1e-11,1e-22,IdealGasReactor,off,0.6288901353457091,0.0,0.0,0.2725206505507451,0.049606576928258185,0.016532680033909643,1.3254222797876622e-11,0.03244995712812371,0.0,0.0025469897933762926,2.7437914592944998e-11,0.6280694717385987,4.9343861687594095e-09,1.9359208175183632e-07,1.1617099233021414e-07,1.1466224134044373e-05,0.3688555432902479,3.6747291369037444e-05,2.5639414055810793e-05,0.00037854415476349843,4.322310863195964e-06,1.6949114246863828e-13,2.061893035714708e-09,7.09589956309031e-05,0.0,0.0,0.0,0.0,0.0,0.0,0.0,0.0,0.0,0.0,0.0,0.0,-1.956676158399584e-07,3.9133523152698443e-07,1.3044507712508214e-07,1.2379211315483457e-16,-2.608901543650237e-07,0.0,-1.8888716726456517e-15,-2.7250693740763937e-22,3.1720875179242057e-18,1.4567399825286073e-21,2.91592680279069e-17,-7.832407784142108e-20,7.685665943475201e-20,-1.8687421836355176e-15,2.892796105914184e-22,-5.740514889640604e-18,3.202208708984291e-21,1.4953874511310203e-22,7.009474377462711e-22,1.4227300083617609e-22,1.865548692097525e-15,2.5867195462697407e-07,1.956676158399584e-07,3.527283692187985e-07,-3.9133418477574865e-07,-3.365401453013253e-07,9.226625363802838e-11,1.1214724831707514e-07,4.707171719161295e-08,5.4608846404745615e-08,4.707171719161295e-08,1.3039011955056602e-07,1.3039011955056602e-07,-1.2379211315483457e-16,2.6078024005528913e-07,-1.0231122852545986e-16,1.9403982283886122e-19,-9.93292633424001e-16,2.607802408460813e-07,8.859658355831064e-14,3.2206042046580877e-12,4.646342249892306e-11,-9.756096520701084e-12,-6.798482299585909e-20,2.60639085377112e-07,3.2206042046580877e-12,4.646342249892306e-11,-1.2523226526477644e-07,1.4115360342063573e-10,-1.3030392352166005e-07,-5.212811860305711e-09,-5.212811860382568e-09,-1.4131808687356836e-16,2.2194306697241753e-09,7.09757417158267e-21,-1.0467512357610794e-12,2.21819973804963e-09,1.1946496021867846e-12,3.80368945460572e-13,7.025230494765081e-13,1.778641177625327e-21,1.413182291465692e-16
8.469,548,101324.99999999997,2.771e-08,0.066,0.29999999999999993,0.6339999999999998,0.22000000000000003,548.0,1e-11,1e-22,IdealGasReactor,off,0.6288862258737143,0.0,0.0,0.27250030704856487,0.04964356732632341,0.016545010184281787,1.326594382415081e-11,0.03242488955384973,0.0,0.002546085520604097,2.7413627228035913e-11,0.6282160600390873,4.932999981057669e-09,1.9366744485224464e-07,1.161376772132399e-07,1.1467006740464216e-05,0.3687103496121211,3.6724980507920613e-05,2.561050563921551e-05,0.000378159006922497,4.320615846276781e-06,1.693250647155796e-13,2.0622946415492203e-09,7.090588453131922e-05,0.0,0.0,0.0,0.0,0.0,0.0,0.0,0.0,0.0,0.0,0.0,0.0,-1.9551412713392718e-07,3.9102825418421965e-07,1.3034275131745073e-07,1.237432304430284e-16,-2.6068550281767487e-07,0.0,1.1502924062315826e-16,5.763876362368746e-22,-4.059882706406696e-18,-6.436165253652129e-21,-4.012553889821231e-17,8.099752558119247e-21,-6.724978380056115e-21,1.3395802899769608e-16,4.002329701170457e-21,5.494562669066365e-17,-3.411513474786658e-21,-2.565009531344512e-21,5.734194807606124e-22,-2.64260728692463e-22,-1.2987466516456726e-16,2.5847058916068054e-07,1.9551412713392718e-07,3.524128535835346e-07,-3.9102720886642975e-07,-3.3628190163759606e-07,9.213576038398435e-11,1.1210532955262732e-07,4.701458123555518e-08,5.4560365200035904e-08,4.701458123555518e-08,1.3028787012154651e-07,1.3028787012154651e-07,-1.237432304430284e-16,2.6057574119621167e-07,-1.0215643796977454e-16,1.9378225545369074e-19,-9.922989134595055e-16,2.605757399853914e-07,8.852710778444147e-14,3.2153743809070668e-12,4.6403114043707245e-11,-9.735456432293591e-12,-6.788892556051846e-20,2.6043474745962996e-07,3.2153743809070668e-12,4.6403114043707245e-11,-1.2513225351743597e-07,1.409926556361138e-10,-1.30201758661816e-07,-5.210497800014767e-09,-5.210497800008042e-09,-1.412087369053113e-16,2.2161429222023935e-09,7.087854329373203e-21,-1.0453177899122945e-12,2.214913656994336e-09,1.1928795320655492e-12,3.8000308493415563e-13,7.015591783851285e-13,1.7762142239769986e-21,1.412084726445826e-16
8.478,548,101324.99999999999,2.771e-08,0.066,0.29999999999999993,0.6339999999999998,0.22000000000000003,548.0,1e-11,1e-22,IdealGasReactor,off,0.6288823195177777,0.0,0.0,0.2724799797612438,0.0496805282410632,0.01655733050686455,1.3277660107969743e-11,0.032399841959773,0.0,0.0025451812463695603,2.7389359683054517e-11,0.6283626102228148,4.9316138758610864e-09,1.937425906349635e-07,1.1610428143251667e-07,1.14677819416189e-05,0.3685651936368638,3.67026756836095e-05,2.5581627060801942e-05,0.00037777421899648213,4.3189210633497205e-06,1.6915914075168896e-13,2.062696240693063e-09,7.08528004650354e-05,0.0,0.0,0.0,0.0,0.0,0.0,0.0,0.0,0.0,0.0,0.0,0.0,-1.9536071984610506e-07,3.907214396764507e-07,1.3024047980022794e-07,1.2369436056569053e-16,-2.6048095970082405e-07,0.0,6.707980969076382e-15,-6.894169707729167e-22,1.1728428042372054e-17,1.9949320923793325e-20,-1.0789267454108862e-16,2.227961349074827e-19,-2.181258731690083e-19,6.576941588140256e-15,2.446531105212769e-21,-1.1557474424011036e-17,8.736396074759163e-21,1.2803204918672331e-21,-4.211296649665419e-21,-3.224673938062298e-23,-6.588727798354785e-15,2.5826932777280823e-07,1.9536071984610506e-07,3.5209754226767873e-07,-3.9072039579034516e-07,-3.360237920037458e-07,9.200543598818219e-11,1.1206339062393883e-07,4.695749541443363e-08,5.451191248839524e-08,4.695749541443363e-08,1.3018567487110415e-07,1.3018567487110415e-07,-1.2369436056569053e-16,2.6037135069429403e-07,-1.020018663178049e-16,1.9352500300881056e-19,-9.913059324613161e-16,2.603713430415766e-07,8.845766882353229e-14,3.210152121223199e-12,4.63428770613034e-11,-9.714857578682728e-12,-6.779315408019389e-20,2.6023051777826887e-07,3.210152121223199e-12,4.63428770613034e-11,-1.2503229546402444e-07,1.4083185203553542e-10,-1.3009964794819705e-07,-5.208184336203494e-09,-5.208184335985368e-09,-1.41098804601903e-16,2.2128595287432967e-09,7.078146431826226e-21,-1.0438861055472092e-12,2.211631928015818e-09,1.1911118066829008e-12,3.7963745051626216e-13,7.005964816685997e-13,1.773790196358505e-21,1.4109877235516362e-16
8.487,548,101325.00000000006,2.771e-08,0.066,0.29999999999999993,0.6339999999999998,0.22000000000000003,548.0,1e-11,1e-22,IdealGasReactor,off,0.628878416276155,0.0,0.0,0.2724596686797052,0.04971745968898147,0.016569641007159526,1.3289371650783898e-11,0.03237481433470919,0.0,0.002544276971429663,2.7365111951679896e-11,0.6285091222948065,4.930227854182781e-09,1.9381751934398378e-07,1.1607080519226773e-07,1.1468549746384243e-05,0.3684200753588578,3.66803769092332e-05,2.5552778302531346e-05,0.0003773897908040949,4.3172265150525386e-06,1.6899337048495327e-13,2.0630978328066384e-09,7.07997434443655e-05,0.0,0.0,0.0,0.0,0.0,0.0,0.0,0.0,0.0,0.0,0.0,0.0,-1.95207394050657e-07,3.9041478780575514e-07,1.3013826259521105e-07,1.2364550352080025e-16,-2.602765253193383e-07,0.0,-2.046969936326484e-15,-4.0592422618979946e-22,-4.319154199219992e-18,6.364988527257151e-21,1.7188945477749924e-16,3.8301771083655393e-20,-2.008890835646283e-20,-1.8697663324955318e-15,-4.553807895456908e-21,9.108433837400611e-19,-3.538884344938836e-21,-5.304321527390432e-21,-2.0689889561960495e-22,1.4684965042140523e-22,1.8741030470678297e-15,2.580681707718669e-07,1.95207394050657e-07,3.517824353845871e-07,-3.9041374534957377e-07,-3.3576581652665513e-07,9.187528030637785e-11,1.1202143159728901e-07,4.690045973368648e-08,5.446348829130249e-08,4.690045973368648e-08,1.300835338487095e-07,1.300835338487095e-07,-1.2364550352080025e-16,2.6016706864846395e-07,-1.0184751331889753e-16,1.9326806524119352e-19,-9.903136903916464e-16,2.6016706944353984e-07,8.838826670919697e-14,3.204937418027326e-12,4.6282711499414096e-11,-9.694299888614597e-12,-6.769750842387056e-20,2.60026396376853e-07,3.204937418027326e-12,4.6282711499414096e-11,-1.2493239112634787e-07,1.4067119258380994e-10,-1.2999759140264545e-07,-5.205871468863184e-09,-5.205871468843095e-09,-1.4098898148633556e-16,2.2095804856992564e-09,7.068450469998161e-21,-1.042456181346924e-12,2.2083545474714126e-09,1.1893464240747332e-12,3.792720423894532e-13,6.996349584891652e-13,1.7713690927688596e-21,1.4098912833598599e-16
8.495999999999999,548,101325.0,2.771e-08,0.066,0.29999999999999993,0.6339999999999998,0.22000000000000003,548.0,1e-11,1e-22,IdealGasReactor,off,0.6288745161471014,0.0,0.0,0.2724393737948685,0.049754361686589824,0.016581941690670413,1.33010784540445e-11,0.03234980666746879,0.0,0.002543372696149961,2.7340884023373978e-11,0.6286555961639815,4.928841916281238e-09,1.938922311940866e-07,1.1603724867981093e-07,1.146931016374182e-05,0.36827499486904175,3.665808419229349e-05,2.5523959342444747e-05,0.00037700572210593876,4.31553220228214e-06,1.6882775382145678e-13,2.06349941809237e-09,7.07467134892551e-05,0.0,0.0,0.0,0.0,0.0,0.0,0.0,0.0,0.0,0.0,0.0,0.0,-1.950541497615391e-07,3.90108299452395e-07,1.3003609973982764e-07,1.2359665933881363e-16,-2.60072199596903e-07,0.0,-4.922159228013557e-15,1.5492886117623507e-21,3.558211217313355e-18,-7.858507913441727e-21,-5.289863692412955e-17,2.7157993871341005e-19,-2.8606552560043867e-19,-4.981133338619224e-15,1.3562753014832779e-21,-2.7617825084433203e-18,5.1587032064061124e-21,9.605634863272034e-23,-4.366992703571729e-22,-1.1738706396459625e-22,4.97756886603738e-15,2.5786711808586547e-07,1.950541497615391e-07,3.514675329395018e-07,-3.9010725842437933e-07,-3.3550797523002866e-07,9.174529316618639e-11,1.1197945250467492e-07,4.6843474184295295e-08,5.441509261350276e-08,4.6843474184295295e-08,1.2998144706384245e-07,1.2998144706384245e-07,-1.2359665933881363e-16,2.599628950776942e-07,-1.016933787368791e-16,1.9301144185323396e-19,-9.89322187319788e-16,2.5996289898522207e-07,8.831890144787671e-14,3.1997302627585484e-12,4.622261729153903e-11,-9.673783287790519e-12,-6.760198846794484e-20,2.5982238333038385e-07,3.1997302627585484e-12,4.622261729153903e-11,-1.2483254054044536e-07,1.4051067726935607e-10,-1.298955890625438e-07,-5.203559199382285e-09,-5.203559199096219e-09,-1.408796579878581e-16,2.206305788744886e-09,7.058766432770732e-21,-1.041028015672291e-12,2.205081511037532e-09,1.187583381911332e-12,3.7890686061933526e-13,6.986746077935999e-13,1.7689509106539863e-21,1.4087954060079414e-16
8.504999999999999,548,101325.0,2.771e-08,0.066,0.29999999999999993,0.6339999999999998,0.22000000000000003,548.0,1e-11,1e-22,IdealGasReactor,off,0.628870619128871,0.0,0.0,0.27241909509764894,0.049791234250406366,0.016594232562903134,1.3312780519203859e-11,0.0323248189468578,0.0,0.0025424684212299103,2.73166758911825e-11,0.6288020318214325,4.927456063058471e-09,1.939667264248193e-07,1.1600361209665296e-07,1.1470063202581955e-05,0.36812995217579614,3.663579754508125e-05,2.549517016191897e-05,0.0003766220127120377,4.313838125713185e-06,1.686622906688645e-13,2.0639009962893267e-09,7.069371061303843e-05,0.0,0.0,0.0,0.0,0.0,0.0,0.0,0.0,0.0,0.0,0.0,0.0,-1.9490098704384154e-07,3.89801973964113e-07,1.2993399125788148e-07,1.2354782802241845e-16,-2.598679826426937e-07,0.0,4.3498036642780013e-16,-4.3701703167277815e-23,-3.4212849812194205e-18,2.2950959628596618e-23,6.405686663610646e-21,-2.04082000729083e-20,2.041978060148404e-20,4.3836508030652626e-16,-2.4967616782023103e-22,-5.161512187366133e-20,-2.064338371731814e-21,-1.7189847104617606e-23,7.529759436102888e-23,2.2747929314913947e-24,-4.3492812394920857e-16,2.5766616982772364e-07,1.9490098704384154e-07,3.5115283502930525e-07,-3.898009343625058e-07,-3.352502682251955e-07,9.16154744192584e-11,1.119374534074111e-07,4.67865387694357e-08,5.436672547393105e-08,4.67865387694357e-08,1.298794145599559e-07,1.298794145599559e-07,-1.2354782802241845e-16,2.5975883006888557e-07,-1.0153946232342688e-16,1.9275513257688397e-19,-9.883314232217898e-16,2.597588285579988e-07,8.824957306909653e-14,3.194530647698113e-12,4.6162594383292765e-11,-9.653307704697735e-12,-6.750659408257264e-20,2.5961847868686683e-07,3.194530647698113e-12,4.6162594383292765e-11,-1.2473274372993065e-07,1.4035030606010684e-10,-1.2979364095182137e-07,-5.201247527950824e-09,-5.201247527971244e-09,-1.4077000692585808e-16,2.2030354341399256e-09,7.049094310878869e-21,-1.0396016071568097e-12,2.2018128149700545e-09,1.18582267817457e-12,3.785419053704783e-13,6.977154287120985e-13,1.766535647930234e-21,1.40770009200651e-16
8.514,548,101325.00000000004,2.771e-08,0.066,0.29999999999999993,0.6339999999999998,0.22000000000000003,548.0,1e-11,1e-22,IdealGasReactor,off,0.628866725219717,0.0,0.0,0.2723988325789592,0.04982807739695495,0.01660651362936598,1.3324477847715528e-11,0.032299851161678376,0.0,0.0025415641471488583,2.7292487545772687e-11,0.628948429204344,4.926070294992715e-09,1.9404100525945964e-07,1.1596989563476161e-07,1.1470808871857029e-05,0.3679849473416644,3.6613516976715977e-05,2.546641074011963e-05,0.0003762386623996629,4.312144286165126e-06,1.6849698093370453e-13,2.064302567441578e-09,7.06407348332948e-05,0.0,0.0,0.0,0.0,0.0,0.0,0.0,0.0,0.0,0.0,0.0,0.0,-1.9474790592876794e-07,3.894958116314194e-07,1.2983193718198599e-07,1.234990095925196e-16,-2.5966387444689184e-07,0.0,5.819898642120837e-15,8.704805137041039e-22,-1.8598188677946113e-18,4.559033961442908e-21,1.0260205381297906e-16,-5.979523212023326e-20,6.340008522973936e-20,5.881880483176962e-15,-1.9897828625221122e-21,-4.2453451248404627e-17,-2.8067431698919392e-21,1.361306643715003e-21,-5.500342447004648e-21,-2.981580100281194e-22,-5.8800039558700814e-15,2.5746532599174934e-07,1.9474790592876794e-07,3.5083834168997107e-07,-3.894947734544652e-07,-3.3499269556544213e-07,9.148582390143969e-11,1.1189543434755898e-07,4.672965348411844e-08,5.4318386882099556e-08,4.672965348411844e-08,1.2977743635798053e-07,1.2977743635798053e-07,-1.234990095925196e-16,2.5955487366390634e-07,-1.0138576383833698e-16,1.9249913712464197e-19,-9.873413981330072e-16,2.5955486671058736e-07,8.818028158707816e-14,3.189338564575879e-12,4.610264271230569e-11,-9.63287306615366e-12,-6.741132514204925e-20,2.594146825116543e-07,3.189338564575879e-12,4.610264271230569e-11,-1.246330007264389e-07,1.4019007893703425e-10,-1.2969174710305255e-07,-5.198936455547071e-09,-5.198936455610471e-09,-1.4066083231989088e-16,2.1997694177502462e-09,7.039434093834223e-21,-1.0381769542539796e-12,2.1985484551424763e-09,1.1840643106406979e-12,3.7817717674150175e-13,6.967574202535628e-13,1.7641233022026098e-21,1.4066053416188085e-16
8.523,548,101325.00000000003,2.771e-08,0.066,0.29999999999999993,0.6339999999999998,0.22000000000000003,548.0,1e-11,1e-22,IdealGasReactor,off,0.6288628344178926,0.0,0.0,0.2723785862297074,0.04986489114276686,0.0166187848955693,1.3336170441033883e-11,0.032274903300727624,0.0,0.0025406598744894702,2.726831897890745e-11,0.6290947882757465,4.924684612762259e-09,1.9411506792924651e-07,1.1593609949036968e-07,1.147154718048691e-05,0.3678399804032245,3.659124249778878e-05,2.5437681057227596e-05,0.0003758556709611542,4.310450684385997e-06,1.6833182452284057e-13,2.0647041314485096e-09,7.058778616545344e-05,0.0,0.0,0.0,0.0,0.0,0.0,0.0,0.0,0.0,0.0,0.0,0.0,-1.9459490646325818e-07,3.891898128084676e-07,1.2972993754031874e-07,1.2345020406128895e-16,-2.594598752021155e-07,0.0,-1.5757336546978886e-17,-1.2321068550447583e-24,2.028510293745155e-18,3.0702191829166946e-22,-5.392052923543266e-18,1.9084711092823455e-20,-1.8949053472364758e-20,-2.3111790274201117e-17,1.7011289385353917e-22,6.449077032526258e-20,1.1873344656082799e-21,-9.013683737413773e-23,-1.7029786793074765e-22,-6.178594627013045e-24,2.1073610291383432e-17,2.572645867745084e-07,1.9459490646325818e-07,3.505240529856094e-07,-3.891887760544121e-07,-3.3473525733104344e-07,9.135634145599154e-11,1.1185339537632199e-07,4.667281832706011e-08,5.427007685188144e-08,4.667281832706011e-08,1.296755124893116e-07,1.296755124893116e-07,-1.2345020406128895e-16,2.5935102592552994e-07,-1.012322830375691e-16,1.922434552180406e-19,-9.863521120581582e-16,2.593510248782849e-07,8.811102702315374e-14,3.1841540053818582e-12,4.604276221994222e-11,-9.612479299897562e-12,-6.731618151867386e-20,2.5921099486133685e-07,3.1841540053818582e-12,4.604276221994222e-11,-1.2453331155754727e-07,1.4002999587441013e-10,-1.2958990754444445e-07,-5.196625982771462e-09,-5.196625982752513e-09,-1.4055112170088674e-16,2.196507735630924e-09,7.029785771718121e-21,-1.0367540555013348e-12,2.19528842760705e-09,1.1823082771816138e-12,3.778126748612819e-13,6.958005814831484e-13,1.7617138712200963e-21,1.4055111552229212e-16
8.532,548,101324.99999999999,2.771e-08,0.066,0.29999999999999993,0.6339999999999998,0.22000000000000003,548.0,1e-11,1e-22,IdealGasReactor,off,0.62885894672165,0.0,0.0,0.27235835604079833,0.049901675504380266,0.01663104636702564,1.334785830061424e-11,0.032249975352798055,0.0,0.0025397556038035864,2.72441701820206e-11,0.629241108990857,4.9232990169854126e-09,1.9418891466293592e-07,1.1590222385831478e-07,1.147227813740457e-05,0.36769505140490377,3.6568974118446245e-05,2.5408981093124593e-05,0.0003754730381844152,4.308757321145787e-06,1.6816682134310402e-13,2.065105688252926e-09,7.053486462556084e-05,0.0,0.0,0.0,0.0,0.0,0.0,0.0,0.0,0.0,0.0,0.0,0.0,-1.944419886894121e-07,3.888839774242407e-07,1.2962799236230992e-07,1.2340141144353865e-16,-2.592559848268968e-07,0.0,7.61664873940341e-15,3.4672120095390635e-22,1.096405176320672e-17,-6.262206324100433e-21,-1.6875273295513895e-16,-7.517417406881916e-21,1.3367238698856927e-21,7.426706236501786e-15,-8.467626898190589e-22,-1.0094478067139434e-17,6.771910378502129e-21,-3.5517067551495626e-22,-1.5637054846427055e-21,3.3230812145646246e-22,-7.437728318618039e-15,2.5706395209853464e-07,1.944419886894121e-07,3.5020996897154626e-07,-3.888829420913313e-07,-3.3447795359396746e-07,9.122702692402642e-11,1.1181133654219521e-07,4.661603329578592e-08,5.422179539579513e-08,4.661603329578592e-08,1.295736429821233e-07,1.295736429821233e-07,-1.2340141144353865e-16,2.591472869101225e-07,-1.010790196784646e-16,1.9198808657608035e-19,-9.853635650104304e-16,2.591472784141402e-07,8.804180939646682e-14,3.17897696203341e-12,4.598295284647048e-11,-9.592126333533471e-12,-6.722116308545735e-20,2.590074157950202e-07,3.17897696203341e-12,4.598295284647048e-11,-1.2443367625197198e-07,1.3987005684833954e-10,-1.294881223054554e-07,-5.1943161103379345e-09,-5.194316110339271e-09,-1.4044142100804996e-16,2.1932503837758108e-09,7.020149334443358e-21,-1.0353329094113797e-12,2.1920327283621368e-09,1.1805545756410743e-12,3.774483998491591e-13,6.948449114492644e-13,1.7593073526887663e-21,1.4044175331617142e-16
8.540999999999999,548,101324.99999999997,2.771e-08,0.066,0.29999999999999993,0.6339999999999998,0.22000000000000003,548.0,1e-11,1e-22,IdealGasReactor,off,0.6288550621292401,0.0,0.0,0.27233814200313317,0.04993843049833918,0.016643298049249765,1.3359541427913101e-11,0.03222506730667807,0.0,0.002538851335724077,2.7220041147398304e-11,0.6293873913252812,4.921913508437256e-09,1.9426254569555343e-07,1.1586826893677444e-07,1.1473001751519926e-05,0.3675501603706473,3.65467118499822e-05,2.538031082848052e-05,0.00037509076386904117,4.307064197157623e-06,1.6800197130153245e-13,2.0655072376834893e-09,7.048197022794462e-05,0.0,0.0,0.0,0.0,0.0,0.0,0.0,0.0,0.0,0.0,0.0,0.0,-1.942891526616186e-07,3.885783054517949e-07,1.2952610167392095e-07,1.2335263174719067e-16,-2.5905220345880766e-07,0.0,4.1433898835883426e-15,-1.1635986125347059e-21,4.4750303905263635e-18,3.678703768653647e-21,-2.518841462887018e-16,-5.219840537454626e-20,1.703164881246684e-20,3.879074136653713e-15,2.4837027864248603e-21,-7.800322039284119e-18,-5.57285795843753e-21,-8.336894899980543e-21,5.894090409922336e-22,-9.329163595332034e-23,-3.883579389741108e-15,2.5686342210526217e-07,1.942891526616186e-07,3.498960897250107e-07,-3.8857727153828034e-07,-3.3422078444722267e-07,9.109788015242905e-11,1.1176925790084391e-07,4.65592983906886e-08,5.417354252975222e-08,4.65592983906886e-08,1.2947182787274356e-07,1.2947182787274356e-07,-1.2335263174719067e-16,2.5894365669032946e-07,-1.0092597351534901e-16,1.9173303092475802e-19,-9.843757569784292e-16,2.589436517430599e-07,8.797262873170108e-14,3.173807426650244e-12,4.59232145350628e-11,-9.571814095400851e-12,-6.712626971382821e-20,2.588039453648097e-07,3.173807426650244e-12,4.59232145350628e-11,-1.2433409483525551e-07,1.3971026182956787e-10,-1.293863914120562e-07,-5.192006838665421e-09,-5.192006838682453e-09,-1.4033254087838083e-16,2.189997358324329e-09,7.010524772365782e-21,-1.033913514561972e-12,2.1887813535455045e-09,1.1788032039372309e-12,3.770843518479944e-13,6.938904092440372e-13,1.7569037444264905e-21,1.4033244758674488e-16
8.549999999999999,548,101325.0,2.771e-08,0.066,0.29999999999999993,0.6339999999999998,0.22000000000000003,548.0,1e-11,1e-22,IdealGasReactor,off,0.6288511806389144,0.0,0.0,0.27231794410760973,0.04997515614119439,0.01665553994775863,1.3371219824387929e-11,0.03220017915115163,0.0,0.002537947070732971,2.719593186569137e-11,0.6295336352176588,4.920528087601771e-09,1.9433596125036742e-07,1.1583423491726556e-07,1.1473718031777125e-05,0.36740530736154026,3.652445570152306e-05,2.5351670242455688e-05,0.0003747088477922912,4.305371313233814e-06,1.6783727430439393e-13,2.065908779778587e-09,7.042910298983301e-05,0.0,0.0,0.0,0.0,0.0,0.0,0.0,0.0,0.0,0.0,0.0,0.0,-1.9413639841105805e-07,3.8827279622174227e-07,1.2942426550690635e-07,1.2330386499266e-16,-2.5884853110760297e-07,0.0,-2.384045867610588e-14,8.971945553391791e-21,4.547396047013019e-18,-1.0782510416961122e-20,4.770942192167409e-16,1.1876725409485376e-18,-1.1864830552276863e-18,-2.3391722186076303e-14,-1.1371229767417576e-21,-2.495337679649022e-17,-1.6268111023879245e-20,1.5246205309665272e-20,1.6347324848044926e-20,-4.954756014142761e-22,2.338714595150902e-14,2.566629968085688e-07,1.9413639841105805e-07,3.495824152815533e-07,-3.8827176372587284e-07,-3.3396374994413236e-07,9.096890097731307e-11,1.1172715949477902e-07,4.6502613606579744e-08,5.412531826321204e-08,4.6502613606579744e-08,1.2937006718210311e-07,1.2937006718210311e-07,-1.2330386499266e-16,2.587401353080023e-07,-1.0077314430814143e-16,1.9147828797683225e-19,-9.833886879912845e-16,2.587401576326087e-07,8.790348504307835e-14,3.1686453909783413e-12,4.586354722344733e-11,-9.551542512739432e-12,-6.703150127807404e-20,2.5860058363466506e-07,3.1686453909783413e-12,4.586354722344733e-11,-1.242345673382021e-07,1.3955061079770706e-10,-1.2928471489610983e-07,-5.189698168704267e-09,-5.189698167517784e-09,-1.402236938359362e-16,2.1867486551384047e-09,7.000912075007174e-21,-1.0324958694077028e-12,2.185534299034152e-09,1.1770541598481602e-12,3.7672053095551137e-13,6.929370738769323e-13,1.754503044038922e-21,1.402231983603348e-16
8.559,548,101324.99999999999,2.771e-08,0.066,0.29999999999999993,0.6339999999999998,0.22000000000000003,548.0,1e-11,1e-22,IdealGasReactor,off,0.6288473022489227,0.0,0.0,0.27229776234512176,0.05001185244950312,0.016667772068071303,1.33828934914972e-11,0.03217531087499822,0.0,0.0025370428093558846,2.717184232803125e-11,0.6296798406175915,4.91914275504966e-09,1.9440916155543683e-07,1.1580012199313097e-07,1.1474426987115343e-05,0.36726049242765674,3.650220568280563e-05,2.532305931463444e-05,0.0003743272897376616,4.303678670157082e-06,1.6767273025811434e-13,2.066310314515386e-09,7.037626292752061e-05,0.0,0.0,0.0,0.0,0.0,0.0,0.0,0.0,0.0,0.0,0.0,0.0,-1.939837259754802e-07,3.879674521525026e-07,1.2932248389135718e-07,1.2325511119665705e-16,-2.5864496786545767e-07,0.0,-2.0902277253913832e-14,-2.7015525754309083e-21,2.0646267912649473e-17,4.776188023837659e-20,-3.2471018620905444e-16,1.1493707698648822e-18,-1.149617269687423e-18,-2.1266435500728625e-14,9.270458391203545e-21,-1.9759503569430173e-17,8.261584204759942e-21,1.2427122083296269e-20,-5.059252512163312e-21,5.617728614921863e-22,2.1245658342016764e-14,2.5646267630467746e-07,1.939837259754802e-07,3.49268945688381e-07,-3.8796642107253015e-07,-3.3370685014921824e-07,9.08400892379673e-11,1.1168504137036788e-07,4.6445978939774986e-08,5.407712260746367e-08,4.6445978939774986e-08,1.292683609354706e-07,1.292683609354706e-07,-1.2325511119665705e-16,2.585367228137291e-07,-1.0062053181519416e-16,1.9122385744894966e-19,-9.824023580644052e-16,2.585367430141261e-07,8.783437834776789e-14,3.163490846873666e-12,4.580395085093931e-11,-9.531311513231547e-12,-6.693685765164725e-20,2.583973306647383e-07,3.163490846873666e-12,4.580395085093931e-11,-1.2413509379010292e-07,1.3939110372944544e-10,-1.291830927876275e-07,-5.1873901012542646e-09,-5.187390100104647e-09,-1.4011344389517269e-16,2.18350427020207e-09,6.99131123213091e-21,-1.0310799724400823e-12,2.1822915607801875e-09,1.1753074411921363e-12,3.7635693728188036e-13,6.919849043808812e-13,1.7521052491917963e-21,1.4011400566803418e-16
8.568,548,101325.00000000003,2.771e-08,0.066,0.29999999999999993,0.6339999999999998,0.22000000000000003,548.0,1e-11,1e-22,IdealGasReactor,off,0.6288434269575144,0.0,0.0,0.27227759670655977,0.05004851943982941,0.016679994415708988,1.3394562430700313e-11,0.03215046246699281,0.0,0.002536138552351532,2.7147772528013613e-11,0.6298260075321462,4.917757511798081e-09,1.9448214685447634e-07,1.1576593036759434e-07,1.1475128626411777e-05,0.3671157155613359,3.6479961806906215e-05,2.5294478026920743e-05,0.00037394608952311136,4.3019862685533135e-06,1.6750833907018008e-13,2.0667118415450565e-09,7.032345005266522e-05,0.0,0.0,0.0,0.0,0.0,0.0,0.0,0.0,0.0,0.0,0.0,0.0,-1.9383113542816684e-07,3.876622707331708e-07,1.2922075684772784e-07,1.2320637035647416e-16,-2.584415138221285e-07,0.0,2.4145870264649583e-17,-1.686147708458334e-23,-3.397530373256136e-18,5.897204058582088e-22,-5.987464145903836e-20,8.205631676526035e-21,-8.197359870400504e-21,2.757691452948481e-17,1.8331158440516883e-23,5.49877846178199e-20,-2.19530937586348e-21,2.4505225646883445e-23,2.670539795737488e-24,1.3988900261087181e-24,-2.416355652351931e-17,2.562624606869922e-07,1.9383113542816684e-07,3.4895568105627017e-07,-3.8766124106734846e-07,-3.334500851879517e-07,9.071144479029033e-11,1.1164290359443009e-07,4.6389394395031946e-08,5.402895558361815e-08,4.6389394395031946e-08,1.2916670918173477e-07,1.2916670918173477e-07,-1.2320637035647416e-16,2.583334193052237e-07,-1.0046813578650848e-16,1.9096973907818675e-19,-9.814167671480888e-16,2.583334182126862e-07,8.776530867898821e-14,3.15834378677653e-12,4.574442536523687e-11,-9.511121026517093e-12,-6.684233870371388e-20,2.5819418649626263e-07,3.15834378677653e-12,4.574442536523687e-11,-1.2403567421145277e-07,1.3923174058711e-10,-1.2908152510714074e-07,-5.1850826362750575e-09,-5.18508263626686e-09,-1.4000486816796898e-16,2.1802641998305324e-09,6.981722234781076e-21,-1.0296658223374221e-12,2.1790531351362903e-09,1.1735630460032548e-12,3.7599357100592776e-13,6.910338999160249e-13,1.7497103578769345e-21,1.40004869566859e-16
8.577,548,101325.00000000003,2.771e-08,0.066,0.29999999999999993,0.6339999999999998,0.22000000000000003,548.0,1e-11,1e-22,IdealGasReactor,off,0.6288395547629381,0.0,0.0,0.2722574471828112,0.05008515712874264,0.016692206996195134,1.3406226643457945e-11,0.03212563391590667,0.0,0.002535234300038399,2.7123722454518892e-11,0.6299721358602319,4.916372358017574e-09,1.945549173593911e-07,1.1573166022477023e-07,1.147582295865348e-05,0.3669709768635829,3.645772408057808e-05,2.526592635682243e-05,0.0003735652469014402,4.300294109340599e-06,1.673441006459131e-13,2.0671133611334024e-09,7.027066438549588e-05,0.0,0.0,0.0,0.0,0.0,0.0,0.0,0.0,0.0,0.0,0.0,0.0,-1.936786267749644e-07,3.8735725348618186e-07,1.291190844140081e-07,1.231576425059525e-16,-2.582381689515264e-07,0.0,-5.206193016877011e-16,1.1017533310248828e-22,-5.129069491588925e-21,1.1296754380740949e-21,-5.941337907969919e-17,-2.337281538829835e-20,2.293606402487035e-20,-5.797002600402724e-16,-2.3691686143321244e-21,3.4833379591545177e-19,6.884653924692435e-22,1.458422817507557e-22,1.3976393433498297e-22,-4.9081142993028395e-23,5.797068925036708e-16,2.560623499338289e-07,1.936786267749644e-07,3.4864262137506175e-07,-3.8735622523276446e-07,-3.331934550702195e-07,9.058296745881487e-11,1.1160074619529272e-07,4.63328599609619e-08,5.398081719407867e-08,4.63328599609619e-08,1.2906511192499916e-07,1.2906511192499916e-07,-1.231576425059525e-16,2.5813022479072454e-07,-1.0031595598813727e-16,1.9071593256302568e-19,-9.804319153124764e-16,2.5813022430654087e-07,8.769627603952747e-14,3.15320420203244e-12,4.5684970698191965e-11,-9.490970978837162e-12,-6.674794431165693e-20,2.579911512054746e-07,3.15320420203244e-12,4.5684970698191965e-11,-1.23936308638711e-07,1.3907252135935713e-10,-1.2898001189264829e-07,-5.182775775297084e-09,-5.18277577532002e-09,-1.3989583914578959e-16,2.177028439633991e-09,6.972145071576535e-21,-1.0282534174220782e-12,2.175819017697473e-09,1.1718209719077875e-12,3.756304321756267e-13,6.900840594019245e-13,1.7473183674687066e-21,1.398957900646466e-16
8.585999999999999,548,101325.0,2.771e-08,0.066,0.29999999999999993,0.6339999999999998,0.22000000000000003,548.0,1e-11,1e-22,IdealGasReactor,off,0.6288356856634422,0.0,0.0,0.2722373137647592,0.050121765532819745,0.016704409815055186,1.3417886131231479e-11,0.03210082521050599,0.0,0.002534330053087763,2.709969210019731e-11,0.6301182255878567,4.9149872945587974e-09,1.9462747330829086e-07,1.1569731176386646e-07,1.1476509992739096e-05,0.3668262763478979,3.643549251562311e-05,2.5237404285353536e-05,0.00037318476167738483,4.298602193200514e-06,1.6718001489224567e-13,2.0675148730523424e-09,7.021790593923068e-05,0.0,0.0,0.0,0.0,0.0,0.0,0.0,0.0,0.0,0.0,0.0,0.0,-1.9352620007555266e-07,3.870524000277811e-07,1.2901746661389792e-07,1.2310892764950086e-16,-2.580349333520389e-07,0.0,-1.3933431420440286e-16,-2.9979019270824936e-23,-1.084799908746822e-18,3.686751398111661e-23,2.1017005003747327e-19,-1.2017279939170386e-20,1.2010662494269962e-20,-1.3799706259328636e-16,-2.1044638006085427e-23,4.502762410219612e-20,-6.696690459083614e-22,2.248897290378544e-23,1.1626571657814444e-22,1.002443609872636e-23,1.39086801499202e-16,2.558623441473737e-07,1.9352620007555266e-07,3.4832976673095915e-07,-3.870513731850248e-07,-3.3293695989818484e-07,9.045465709325111e-11,1.115585692322191e-07,4.62763756389674e-08,5.3932707456170646e-08,4.62763756389674e-08,1.289635692051039e-07,1.289635692051039e-07,-1.2310892764950086e-16,2.5792713934990717e-07,-1.0016399217335451e-16,1.9046243763289019e-19,-9.794478025289573e-16,2.5792713842509585e-07,8.762728045645582e-14,3.148072084867048e-12,4.562558679435301e-11,-9.4708612993297e-12,-6.665367434627145e-20,2.5778822483999585e-07,3.148072084867048e-12,4.562558679435301e-11,-1.238369970953109e-07,1.3891344601319847e-10,-1.2887855316788473e-07,-5.180469518587039e-09,-5.18046951859905e-09,-1.39786757184051e-16,2.1737969858101814e-09,6.96257973307775e-21,-1.0268427563019321e-12,2.1725892046651527e-09,1.1700812168583095e-12,3.7526752094298127e-13,6.891353819502985e-13,1.7449292758344093e-21,1.397867672084871e-16
8.594999999999999,548,101325.00000000003,2.771e-08,0.066,0.29999999999999993,0.6339999999999998,0.22000000000000003,548.0,1e-11,1e-22,IdealGasReactor,off,0.6288318196572734,0.0,0.0,0.27221719644328385,0.05015834466864327,0.016716602877816775,1.3429540895483478e-11,0.0320760363395531,0.0,0.002533425812015297,2.7075681456054398e-11,0.63026427666192,4.913602321970404e-09,1.9469981492663893e-07,1.1566288517738415e-07,1.1477189737618627e-05,0.36668161406706745,3.6413267121628695e-05,2.5208911792024864e-05,0.0003728046336332378,4.296910520923616e-06,1.6701608171568225e-13,2.0679163772930974e-09,7.016517473026104e-05,0.0,0.0,0.0,0.0,0.0,0.0,0.0,0.0,0.0,0.0,0.0,0.0,-1.9337385536571545e-07,3.867477082740219e-07,1.289159034775883e-07,1.230602258047426e-16,-2.5783180627854733e-07,0.0,6.437003150847281e-16,-2.0345907506846362e-20,5.747930350625571e-18,4.77021314342226e-20,2.3344373610116327e-15,-5.199458807161319e-19,5.127080503562929e-19,2.177790148314689e-15,7.183967053350827e-20,-7.938318531191041e-16,1.8102543268522468e-20,-4.544654362458217e-20,2.9736893959503247e-20,3.348501385691983e-21,-2.1837108909867096e-15,2.556624425865744e-07,1.9337385536571545e-07,3.480171171674654e-07,-3.8674668284018445e-07,-3.3268059973311754e-07,9.032651353239325e-11,1.1151637275080397e-07,4.621994142476411e-08,5.38846263805893e-08,4.621994142476411e-08,1.2886208104603921e-07,1.2886208104603921e-07,-1.230602258047426e-16,2.5772416303072217e-07,-1.0001224410165857e-16,1.9020925400396383e-19,-9.784644288137655e-16,2.57724159791195e-07,8.755832194607395e-14,3.142947427128578e-12,4.556627359272421e-11,-9.45079191603075e-12,-6.655952868156178e-20,2.5758540746038055e-07,3.142947427128578e-12,4.556627359272421e-11,-1.2373773961060795e-07,1.3875451452535163e-10,-1.2877714896305573e-07,-5.178163866980377e-09,-5.178163867493085e-09,-1.396744525266459e-16,2.1705698343110666e-09,6.953026209000292e-21,-1.0254338374595625e-12,2.169363691972921e-09,1.168343778665847e-12,3.7490483741375497e-13,6.881878665889452e-13,1.74254308062532e-21,1.3967780102803159e-16
8.604,548,101324.99999999999,2.771e-08,0.066,0.29999999999999993,0.6339999999999998,0.22000000000000003,548.0,1e-11,1e-22,IdealGasReactor,off,0.6288279567426792,0.0,0.0,0.2721970952092617,0.050194894552802516,0.016728786190009587,1.3441190937677416e-11,0.032051267291805866,0.0,0.0025325215774253825,2.705169051390929e-11,0.6304102890550424,4.912217440981402e-09,1.9477194245082004e-07,1.156283806610118e-07,1.1477862202169788e-05,0.3665369900480591,3.639104790935094e-05,2.5180448857011763e-05,0.0003724248625619397,4.295219093215542e-06,1.6685230102166167e-13,2.0683178737142456e-09,7.011247077245595e-05,0.0,0.0,0.0,0.0,0.0,0.0,0.0,0.0,0.0,0.0,0.0,0.0,-1.9322159269466864e-07,3.8644318500962327e-07,1.2881439503006846e-07,1.2301153698061661e-16,-2.5762879011091877e-07,0.0,-1.9064497314936082e-14,3.7544423726520706e-21,5.569327137807465e-18,-4.5090004111933086e-20,2.567618913945841e-16,4.0308180377464017e-19,-4.0178643893538213e-19,-1.8879618932512877e-14,-6.5734667506170404e-21,-6.665980877647064e-17,1.985743541277695e-20,-2.1780957998228333e-21,6.288240583457964e-23,-2.9261328786750627e-23,1.887403530057866e-14,2.554626476352121e-07,1.9322159269466864e-07,3.477046727511387e-07,-3.864421609829638e-07,-3.324243746591323e-07,9.019853662076518e-11,1.114741568048124e-07,4.616355731698086e-08,5.3836573981705164e-08,4.616355731698086e-08,1.2876064748065797e-07,1.2876064748065797e-07,-1.2301153698061661e-16,2.5752129589896425e-07,-9.9860711527476e-17,1.8995638139873415e-19,-9.774817941450155e-16,2.575213137179233e-07,8.74894005307044e-14,3.137830220859864e-12,4.550703103529516e-11,-9.430762757655049e-12,-6.646550718881186e-20,2.573826991170233e-07,3.137830220859864e-12,4.550703103529516e-11,-1.23638536209135e-07,1.3859572686469676e-10,-1.2867579930320507e-07,-5.175858820933462e-09,-5.175858820531676e-09,-1.3956892082409638e-16,2.1673469811564785e-09,6.943484489496236e-21,-1.0240266594456216e-12,2.166142475706669e-09,1.1666086552133115e-12,3.745423817185278e-13,6.872415123893868e-13,1.7401597796065633e-21,1.395688915627676e-16
8.613,548,101324.99999999997,2.771e-08,0.066,0.29999999999999993,0.6339999999999998,0.22000000000000003,548.0,1e-11,1e-22,IdealGasReactor,off,0.6288240969179052,0.0,0.0,0.2721770100535658,0.050231415201892726,0.01674095975716544,1.3452836259277826e-11,0.03202651805601801,0.0,0.0025316173498657127,2.702771926515117e-11,0.6305562627207791,4.910832652198675e-09,1.9484385610710306e-07,1.1559379840860731e-07,1.1478527395356319e-05,0.36639240433696574,3.636883488885604e-05,2.515201546022045e-05,0.0003720454482513263,4.2935279108538154e-06,1.6668867271735356e-13,2.068719362264254e-09,7.005979408174407e-05,0.0,0.0,0.0,0.0,0.0,0.0,0.0,0.0,0.0,0.0,0.0,0.0,-1.930694121028589e-07,3.8613882429277626e-07,1.287129413006228e-07,1.2296286119249375e-16,-2.574258827452579e-07,0.0,-3.2537002189711534e-14,3.3255665730189756e-21,2.397703141019417e-18,-2.3397537091272275e-20,-2.1001636649710582e-16,1.0023840837366594e-18,-9.996659682438101e-19,-3.2724971618698035e-14,-5.444930972901608e-21,2.3427255681334598e-17,2.244566406143557e-21,-7.700534514985842e-22,6.6770171666692765e-22,-9.780165792741216e-23,3.2722591596659406e-14,2.55262957193404e-07,1.930694121028589e-07,3.4739243353401687e-07,-3.8613780167155547e-07,-3.3216828474552337e-07,9.007072619973824e-11,1.1143192144256248e-07,4.61072233124388e-08,5.378855027149482e-08,4.61072233124388e-08,1.2865926853606972e-07,1.2865926853606972e-07,-1.2296286119249375e-16,2.5731853800876295e-07,-9.970939421012189e-17,1.8970381953684692e-19,-9.764998985327499e-16,2.5731856967414757e-07,8.742051622876724e-14,3.1327204580048916e-12,4.544785906230788e-11,-9.410773752743015e-12,-6.637160974193832e-20,2.5718009986854956e-07,3.1327204580048916e-12,4.544785906230788e-11,-1.23539386919435e-07,1.3843708300640953e-10,-1.2857450421761912e-07,-5.173554381187824e-09,-5.173554380188158e-09,-1.394601366473783e-16,2.1641284224013877e-09,6.933954564476227e-21,-1.0226212207698422e-12,2.1629255518539247e-09,1.1648758443452114e-12,3.741801539720313e-13,6.862963183982532e-13,1.7377793704764346e-21,1.3946003884572038e-16
8.622,548,101324.99999999999,2.771e-08,0.066,0.29999999999999993,0.6339999999999998,0.22000000000000003,548.0,1e-11,1e-22,IdealGasReactor,off,0.6288202401811972,0.0,0.0,0.2721569409670654,0.05026790663251689,0.01675312358481803,1.3464476861749856e-11,0.03200178862093811,0.0,0.002530713129922285,2.700376770145096e-11,0.6307021976256288,4.90944795631132e-09,1.9491555612795068e-07,1.1555913861509352e-07,1.1479185326086584e-05,0.3662478569668968,3.6346628070676e-05,2.5123611581747725e-05,0.00037166639049270874,4.291836974567128e-06,1.6652519670877575e-13,2.0691208428303453e-09,7.000714467259637e-05,0.0,0.0,0.0,0.0,0.0,0.0,0.0,0.0,0.0,0.0,0.0,0.0,-1.9291731363646326e-07,3.8583462715011045e-07,1.286115423155115e-07,1.229141984513791e-16,-2.572230847664481e-07,0.0,-1.1802767108198948e-16,2.7189443878636166e-23,-1.2645323481622245e-17,-1.1862698847797724e-22,-1.5675403480124896e-19,5.955700410381799e-21,-6.041727194087314e-21,-1.0560882556110726e-16,-7.871820072663098e-22,-1.8462765157990896e-19,-7.56266848788931e-21,-3.373345935567816e-23,-9.188650837938214e-25,-6.98610913441414e-24,1.1831290627335128e-16,2.550633718499803e-07,1.9291731363646326e-07,3.4708039957758163e-07,-3.858336059325905e-07,-3.319123300714024e-07,8.994308211290735e-11,1.1138966671612823e-07,4.6050939409085345e-08,5.374055526349169e-08,4.6050939409085345e-08,1.285579442431502e-07,1.285579442431502e-07,-1.229141984513791e-16,2.5711588942190127e-07,-9.955829190589225e-17,1.894515681400238e-19,-9.75518741964313e-16,2.57115888468995e-07,8.735166906124164e-14,3.1276181305808806e-12,4.538875761520024e-11,-9.390824830127844e-12,-6.627783621319384e-20,2.56977609767761e-07,3.1276181305808806e-12,4.538875761520024e-11,-1.2344029176722013e-07,1.3827858292110706e-10,-1.2847326373259032e-07,-5.171250548291389e-09,-5.171250548285347e-09,-1.3935124990026427e-16,2.1609141540758037e-09,6.924436424017008e-21,-1.0212175199693621e-12,2.1597129164678358e-09,1.1631453439326584e-12,3.7381815429910236e-13,6.853522836789223e-13,1.7354018509778675e-21,1.3935124291415514e-16
8.631,548,101325.00000000003,2.771e-08,0.066,0.29999999999999993,0.6339999999999998,0.22000000000000003,548.0,1e-11,1e-22,IdealGasReactor,off,0.6288163865307993,0.0,0.0,0.2721368879406275,0.050304368861280285,0.016765277678503627,1.347611274656068e-11,0.03197707897531305,0.0,0.002529808917958967,2.6979835812118777e-11,0.6308480936806784,4.908063353578136e-09,1.9498704272847215e-07,1.1552440146576573e-07,1.1479836003333373e-05,0.36610334802662736,3.6324427462163424e-05,2.5095237199510257e-05,0.00037128768904504534,4.290146285237032e-06,1.6636187290110519e-13,2.069522315613699e-09,6.995452256393208e-05,0.0,0.0,0.0,0.0,0.0,0.0,0.0,0.0,0.0,0.0,0.0,0.0,-1.9276529730768566e-07,3.855305939652692e-07,1.285101981100964e-07,1.228655487870001e-16,-2.570203962966356e-07,0.0,-1.1524741614370764e-14,-1.0988380983504352e-20,1.4509031246869396e-17,4.065576168184309e-20,5.273150673572443e-16,-6.567152319180997e-20,5.3143045634081816e-20,-1.1043986302034669e-14,-7.410622452518603e-22,-3.176357126185924e-17,1.1103961774218976e-20,-1.388549320201554e-20,-9.989990208610117e-21,2.1986527386751545e-21,1.1029363665899199e-14,2.5486389173141324e-07,1.9276529730768566e-07,3.467685708824064e-07,-3.855295741497138e-07,-3.3165651065760296e-07,8.981560418822722e-11,1.113473926580927e-07,4.599470559675835e-08,5.3692588961786546e-08,4.599470559675835e-08,1.284566746102122e-07,1.284566746102122e-07,-1.228655487870001e-16,2.5691335015501287e-07,-9.940740437954338e-17,1.8919962691089085e-19,-9.745383244893547e-16,2.5691336014155297e-07,8.728285903377585e-14,3.122523230063265e-12,4.532972662749306e-11,-9.370915917019943e-12,-6.618418647920024e-20,2.567752288855963e-07,3.122523230063265e-12,4.532972662749306e-11,-1.233412507864986e-07,1.381202265930112e-10,-1.2837207788349085e-07,-5.1689473235978064e-09,-5.1689473236509495e-09,-1.392403051277862e-16,2.1577041718568673e-09,6.914930056986967e-21,-1.019815555402857e-12,2.1565045652223823e-09,1.1614171516439935e-12,3.734563827587279e-13,6.844094071749433e-13,1.7330272185456096e-21,1.3924250378052489e-16
8.639999999999999,548,101325.00000000003,2.771e-08,0.066,0.29999999999999993,0.6339999999999998,0.22000000000000003,548.0,1e-11,1e-22,IdealGasReactor,off,0.6288125359649562,0.0,0.0,0.27211685096511484,0.050340801904798026,0.016777422043760093,1.3487743915177506e-11,0.03195238910788319,0.0,0.002528904714829952,2.6955923591751473e-11,0.6309939509178566,4.906678845208616e-09,1.9505831616392275e-07,1.1548958716548023e-07,1.148047943579707e-05,0.3659588774835283,3.63022330776651e-05,2.5066892296279552e-05,0.00037090934373906656,4.288455843416458e-06,1.6619870120178816e-13,2.069923780123888e-09,6.990192776498117e-05,0.0,0.0,0.0,0.0,0.0,0.0,0.0,0.0,0.0,0.0,0.0,0.0,-1.9261336320336186e-07,3.852267302271331e-07,1.2840890869546546e-07,1.2281691218824928e-16,-2.568178175370819e-07,0.0,-3.1495845049647115e-13,-4.3656242890057977e-20,1.1773648722440578e-18,-7.042617957018741e-19,-3.943353733250278e-15,-5.800163985442228e-18,1.0267068333404136e-17,-3.188888670529764e-13,-1.0215256882352738e-19,1.4773565083214758e-17,1.4610627070791767e-19,-5.075820637990901e-20,1.7229392330548533e-19,2.0630882749141543e-20,3.1888830764753023e-13,2.5466451704245436e-07,1.9261336320336186e-07,3.464569475822892e-07,-3.852257118118073e-07,-3.314008266526865e-07,8.968829228847835e-11,1.1130509934385374e-07,4.5938521882960453e-08,5.364465139118225e-08,4.5938521882960453e-08,1.2835545969494036e-07,1.2835545969494036e-07,-1.2281691218824928e-16,2.567109203232654e-07,-9.925673137825607e-17,1.8894799559484452e-19,-9.735586460213568e-16,2.5671123815573793e-07,8.72140861855649e-14,3.117435749136832e-12,4.5270766050267693e-11,-9.35104694456394e-12,-6.609066040748647e-20,2.5657295725345376e-07,3.117435749136832e-12,4.5270766050267693e-11,-1.2324226398894436e-07,1.3796201397652523e-10,-1.2827094668595586e-07,-5.166644706521105e-09,-5.166644716788173e-09,-1.3911319062869396e-16,2.1544984722672437e-09,6.905435454939507e-21,-1.018415325827085e-12,2.153300494627522e-09,1.1596912655976898e-12,3.730948395538838e-13,6.834676880948911e-13,1.7306554712929222e-21,1.391338215114431e-16
8.649,548,101325.00000000003,2.771e-08,0.066,0.29999999999999993,0.6339999999999998,0.22000000000000003,548.0,1e-11,1e-22,IdealGasReactor,off,0.6288086884819108,0.0,0.0,0.27209683003138674,0.05037720577969024,0.016789556686127468,1.3499370369068814e-11,0.031927719007385426,0.0,0.002528000520887879,2.6932031029381104e-11,0.63113976924755,4.905294431432423e-09,1.9512937664235812e-07,1.1545469590321888e-07,1.1481115632901426e-05,0.3658144454270879,3.6280044924401064e-05,2.503857684986201e-05,0.00037053135433243027,4.2867656499831964e-06,1.6603568151571122e-13,2.0703252365771627e-09,6.984936029450253e-05,0.0,0.0,0.0,0.0,0.0,0.0,0.0,0.0,0.0,0.0,0.0,0.0,-1.924615113337685e-07,3.849230225454785e-07,1.283076741200503e-07,1.227682886850952e-16,-2.5661534836515515e-07,0.0,-2.1409821008083623e-15,-7.37805046325529e-23,-3.010128157119606e-19,-1.6804237481519555e-21,-7.130958624697141e-19,5.029258124322408e-22,5.310499532590438e-22,-2.1394058676192925e-15,1.7481208146795556e-22,1.978405328632724e-18,1.1564705919249826e-21,-1.5015654563310258e-21,-3.8560182272879004e-22,5.059446005445259e-23,2.1397121563150026e-15,2.544652476648172e-07,1.924615113337685e-07,3.461455296753413e-07,-3.8492200552864893e-07,-3.3114527807467434e-07,8.956114624079407e-11,1.1126278680554584e-07,4.5882388257087276e-08,5.359674255519181e-08,4.5882388257087276e-08,1.2825429950490078e-07,1.2825429950490078e-07,-1.227682886850952e-16,2.565085999423383e-07,-9.910627266687799e-17,1.88696673893485e-19,-9.725797066071234e-16,2.5650860102643946e-07,8.71453505217497e-14,3.112355679262704e-12,4.521187581664076e-11,-9.331217840111318e-12,-6.599725787470873e-20,2.563707949416721e-07,3.112355679262704e-12,4.521187581664076e-11,-1.231433314210716e-07,1.3780394505523036e-10,-1.281698701749961e-07,-5.1643426989786826e-09,-5.164342698979214e-09,-1.3902514552429382e-16,2.1512970508620613e-09,6.895952606663649e-21,-1.0170168295832731e-12,2.1501007003379732e-09,1.1579676834525074e-12,3.7273352473985723e-13,6.825271253768398e-13,1.728286606644743e-21,1.3902519611875387e-16
8.658,548,101325.0,2.771e-08,0.066,0.29999999999999993,0.6339999999999998,0.22000000000000003,548.0,1e-11,1e-22,IdealGasReactor,off,0.6288048440799062,0.0,0.0,0.27207682513029907,0.05041358050258363,0.016801681611147777,1.351099210970395e-11,0.031903068662552214,0.0,0.002527096336750792,2.6908158117154725e-11,0.6312855486424716,4.903910113007353e-09,1.952002244041524e-07,1.1541972787046062e-07,1.1481744603107026e-05,0.36567005188416446,3.625786301330135e-05,2.5010290840673654e-05,0.0003701537206207411,4.285075705653677e-06,1.6587281374924095e-13,2.070726684814473e-09,6.979682016643578e-05,0.0,0.0,0.0,0.0,0.0,0.0,0.0,0.0,0.0,0.0,0.0,0.0,-1.9230974174951721e-07,3.8461948338174424e-07,1.2820649439569406e-07,1.2271967828643854e-16,-2.5641298891752863e-07,0.0,2.4579531943053573e-16,-4.032116263997681e-23,-3.410317542647578e-18,3.946982913804889e-22,-5.4455218783386935e-18,3.282252670610414e-21,-3.1465950501517173e-21,2.4378977702200907e-16,-2.955733322198889e-22,-3.1970554908981528e-21,-2.062356854112095e-21,1.2800619979258103e-22,-9.706348399775716e-24,1.1522949667574112e-23,-2.4036391439747663e-16,2.542660837390686e-07,1.9230974174951721e-07,3.458343172295981e-07,-3.84618467761679e-07,-3.3088986500985105e-07,8.943416589132865e-11,1.1122045509771619e-07,4.582630471787587e-08,5.354886246855728e-08,4.582630471787587e-08,1.2815319407340063e-07,1.2815319407340063e-07,-1.2271967828643854e-16,2.563063890783179e-07,-9.895602800168207e-17,1.8844566153178747e-19,-9.716015062256794e-16,2.563063877802918e-07,8.707665206496145e-14,3.1072830125440116e-12,4.515305586925015e-11,-9.311428533138853e-12,-6.590397875303369e-20,2.561687420008578e-07,3.1072830125440116e-12,4.515305586925015e-11,-1.230444530948178e-07,1.3764601979789544e-10,-1.280688483758963e-07,-5.162041300876257e-09,-5.162041300873111e-09,-1.389166161192044e-16,2.1480999038659486e-09,6.88648150243511e-21,-1.0156200652426685e-12,2.1469051784600246e-09,1.1562464031096494e-12,3.723724384489125e-13,6.815877181005811e-13,1.7259206223802452e-21,1.3891662764215408e-16
8.667,548,101324.99999999999,2.771e-08,0.066,0.29999999999999993,0.6339999999999998,0.22000000000000003,548.0,1e-11,1e-22,IdealGasReactor,off,0.6288010027571846,0.0,0.0,0.272056836252705,0.05044992609010976,0.016813796824365207,1.3522609138553582e-11,0.03187843806211271,0.0,0.00252619216292527,2.6884304845829252e-11,0.6314312890502704,4.902525890466771e-09,1.9527085967371526e-07,1.1538468325961925e-07,1.1482366355498648e-05,0.36552569690680875,3.62356873537417e-05,2.498203424802615e-05,0.0003697764423837315,4.283386011205721e-06,1.6571009780795789e-13,2.071128124834234e-09,6.974430739652009e-05,0.0,0.0,0.0,0.0,0.0,0.0,0.0,0.0,0.0,0.0,0.0,0.0,-1.9215805448413426e-07,3.8431610898317974e-07,1.2810536955572536e-07,1.2267108100965445e-16,-2.5621073922470516e-07,0.0,-1.4615529814420209e-15,4.675145269643049e-22,3.697795505851872e-18,-2.5417426921094675e-21,-1.375661974470973e-16,3.14460981668159e-20,-3.3859811194245635e-20,-1.6085199277321057e-15,-1.7995869584168393e-21,-5.7042341267807754e-18,3.968572361417456e-21,1.61080499597631e-21,2.53244799312466e-21,-7.648333567431298e-23,1.6048060490125403e-15,2.5406702529979456e-07,1.9215805448413426e-07,3.45523310283828e-07,-3.8431509475814847e-07,-3.306345875157765e-07,8.930735107824713e-11,1.1117810426576547e-07,4.577027126007712e-08,5.3501011141238996e-08,4.577027126007712e-08,1.2805214342307888e-07,1.2805214342307888e-07,-1.2267108100965445e-16,2.5610428777665304e-07,-9.880599714238177e-17,1.8819495822488185e-19,-9.706240448807773e-16,2.5610428833200416e-07,8.700799083058266e-14,3.1022177408211075e-12,4.50943061467383e-11,-9.291678952384166e-12,-6.581082291641644e-20,2.559667984890194e-07,3.1022177408211075e-12,4.50943061467383e-11,-1.2294562904250512e-07,1.3748823817871293e-10,-1.2796788131754422e-07,-5.159740513220243e-09,-5.1597405131863835e-09,-1.388081925932334e-16,2.144907027150242e-09,6.877022131894028e-21,-1.0142250312760289e-12,2.143713924910587e-09,1.15452742236864e-12,3.720115807805587e-13,6.806494652865279e-13,1.7235575161322504e-21,1.3880811610989774e-16
8.676,548,101324.99999999999,2.771e-08,0.066,0.29999999999999993,0.6339999999999998,0.22000000000000003,548.0,1e-11,1e-22,IdealGasReactor,off,0.6287971645119874,0.0,0.0,0.27203686338945393,0.05048624255890713,0.01682590233132586,1.3534221457089114e-11,0.03185382719479137,0.0,0.002525288000063216,2.6860471207750245e-11,0.6315769904542712,4.901141764627175e-09,1.9534128268838804e-07,1.1534956226778062e-07,1.1482980898974826e-05,0.3653813805112275,3.621351795715408e-05,2.495380705265786e-05,0.00036939951942217456,4.281696567320327e-06,1.6554753359808326e-13,2.071529556428035e-09,6.96918219976076e-05,0.0,0.0,0.0,0.0,0.0,0.0,0.0,0.0,0.0,0.0,0.0,0.0,-1.920064495931492e-07,3.840128992152342e-07,1.2800429962313266e-07,1.22622496860062e-16,-2.5600859937869157e-07,0.0,7.354522565192808e-16,-4.5072088359756975e-22,-6.83113256827867e-18,4.305257445852632e-21,-1.5159634530629911e-16,-2.0119679475249803e-19,2.0715249516287983e-19,5.934885336709188e-16,1.5695262398343739e-21,2.932048109208342e-18,-5.5495303948370584e-21,-8.913388088141719e-22,1.5230626196622258e-21,5.793490497245657e-23,-5.866253239237775e-16,2.538680724428386e-07,1.920064495931492e-07,3.45212508915742e-07,-3.840118863835079e-07,-3.3037944568758855e-07,8.91807016500165e-11,1.1113573436772601e-07,4.5714287883584103e-08,5.345318858929233e-08,4.5714287883584103e-08,1.2795114759101937e-07,1.2795114759101937e-07,-1.22622496860062e-16,2.559022961115171e-07,-9.865617984363096e-17,1.8794456370054086e-19,-9.696473225354893e-16,2.5590229446592616e-07,8.693936684381069e-14,3.0971598562909844e-12,4.503562659293052e-11,-9.27196902780648e-12,-6.571779023617295e-20,2.557649644523885e-07,3.0971598562909844e-12,4.503562659293052e-11,-1.228468592868177e-07,1.3733060016297752e-10,-1.2786696902297565e-07,-5.157440336314967e-09,-5.157440336522119e-09,-1.386996036311399e-16,2.1417184168787426e-09,6.867574485477682e-21,-1.012831726273174e-12,2.1405269358529787e-09,1.1528107391615557e-12,3.716509518764816e-13,6.797123660329734e-13,1.7211972857317596e-21,1.3869966156604487e-16
8.684999999999999,548,101325.0,2.771e-08,0.066,0.29999999999999993,0.6339999999999998,0.22000000000000003,548.0,1e-11,1e-22,IdealGasReactor,off,0.6287933293425558,0.0,0.0,0.2720169065313919,0.05052252992562029,0.016837998137577817,1.3545829066782925e-11,0.03182923604930857,0.0,0.0025243838485882178,2.683665719281803e-11,0.6317226527813253,4.89975773586444e-09,1.9541149366800413e-07,1.153143650820378e-07,1.1483588242489881e-05,0.36523710277036453,3.6191354831701076e-05,2.492560923304725e-05,0.00036902295150333873,4.280007374832439e-06,1.6538512102477294e-13,2.0719309797109315e-09,6.963936398703566e-05,0.0,0.0,0.0,0.0,0.0,0.0,0.0,0.0,0.0,0.0,0.0,0.0,-1.9185492709724898e-07,3.8370985411157037e-07,1.2790328463004968e-07,1.2257392586206406e-16,-2.558065693811183e-07,0.0,-1.9629354080273164e-15,2.2873134566740684e-22,1.4526652616247502e-18,-8.2478666049551e-21,-3.963341275585756e-17,9.949990152277859e-20,-6.461604073019231e-20,-2.00407245232988e-15,-7.369484050508923e-22,-1.722329888635649e-19,5.977751155275516e-21,-7.025865327872279e-22,7.735559326577858e-22,-1.443777877591418e-22,2.0026145011345685e-15,2.536692251740554e-07,1.9185492709724898e-07,3.4490191314058754e-07,-3.8370884267142176e-07,-3.3012443956076234e-07,8.905421743904476e-11,1.1109334544169468e-07,4.5658354579977823e-08,5.3405394819105405e-08,4.5658354579977823e-08,1.278502065911721e-07,1.278502065911721e-07,-1.2257392586206406e-16,2.5570041411080627e-07,-9.850657586848174e-17,1.876944776668155e-19,-9.686713392153668e-16,2.55700415063842e-07,8.687078011412409e-14,3.092109350593726e-12,4.497701714352541e-11,-9.252298687689479e-12,-6.562488058793881e-20,2.5556323995549784e-07,3.092109350593726e-12,4.497701714352541e-11,-1.2274814385876594e-07,1.371731057296645e-10,-1.277661115243549e-07,-5.1551407712837475e-09,-5.1551407712191314e-09,-1.3859140840701796e-16,2.1385340688225193e-09,6.858138552380658e-21,-1.0114401486407363e-12,2.137344207062926e-09,1.1510963512119482e-12,3.7129055181084093e-13,6.78776419315011e-13,1.718839928693332e-21,1.385912640292302e-16
8.693999999999999,548,101324.99999999999,2.771e-08,0.066,0.29999999999999993,0.6339999999999998,0.22000000000000003,548.0,1e-11,1e-22,IdealGasReactor,off,0.6287894972471295,0.0,0.0,0.2719969656693617,0.050558788206899526,0.01685008424867117,1.355743196910841e-11,0.03180466461438072,0.0,0.002523479709158331,2.681286279342837e-11,0.6318682760166437,4.898373805007722e-09,1.9548149285069177e-07,1.1527909189951966e-07,1.1484188394943362e-05,0.36509286369853444,3.6169197988883316e-05,2.489744076997883e-05,0.0003686467384287147,4.278318434416549e-06,1.652228599941741e-13,2.0723323944645234e-09,6.958693337739567e-05,0.0,0.0,0.0,0.0,0.0,0.0,0.0,0.0,0.0,0.0,0.0,0.0,-1.9170348705266835e-07,3.8340697398286516e-07,1.2780232459903735e-07,1.2252536802034248e-16,-2.55604649321942e-07,0.0,-5.566439231271562e-16,-8.757837870239736e-24,-1.264192825803034e-18,2.477198508094834e-22,-6.013933925505532e-20,1.1699642583950023e-20,-1.155405879614069e-20,-5.55344261084616e-16,-1.9890497898601084e-22,7.224982201208319e-20,-6.592163991004678e-22,-7.160282177412146e-23,1.8899044836910646e-23,-1.7800224778765904e-24,5.566144926096483e-16,2.534704835872284e-07,1.9170348705266835e-07,3.4459152303710863e-07,-3.8340596393256817e-07,-3.2986956923162873e-07,8.892789829427572e-11,1.1105093754632123e-07,4.560247134921427e-08,5.335762984690559e-08,4.560247134921427e-08,1.2774932046108547e-07,1.2774932046108547e-07,-1.2252536802034248e-16,2.5549864184961764e-07,-9.835718497151883e-17,1.8744469985205154e-19,-9.676960948791552e-16,2.554986413549898e-07,8.680223066703591e-14,3.087066215945909e-12,4.491847774257098e-11,-9.232667862237055e-12,-6.553209384296123e-20,2.5536162504353214e-07,3.087066215945909e-12,4.491847774257098e-11,-1.226494827806303e-07,1.3701575484315008e-10,-1.2766530884419436e-07,-5.152841818407057e-09,-5.152841818395503e-09,-1.3848292532404286e-16,2.1353539791558155e-09,6.848714323071226e-21,-1.0100502969732905e-12,2.1341657347135714e-09,1.1493842564571974e-12,3.709303807262229e-13,6.778416242338049e-13,1.7164854428549143e-21,1.3848292354402038e-16
8.703,548,101325.00000000003,2.771e-08,0.066,0.29999999999999993,0.6339999999999998,0.22000000000000003,548.0,1e-11,1e-22,IdealGasReactor,off,0.6287856682239483,0.0,0.0,0.2719770407942032,0.050595017419400826,0.016862160670158038,1.3569030165540049e-11,0.03178011287872049,0.0,0.002522575582286695,2.678908800041906e-11,0.6320138601097188,4.896989972606531e-09,1.955512804632863e-07,1.1524374291088192e-07,1.1484781365262037e-05,0.36494866334593756,3.6147047438124424e-05,2.4869301642800468e-05,0.0003682708799784584,4.276629746844026e-06,1.6506075041171164e-13,2.0727338006755746e-09,6.953453018408685e-05,0.0,0.0,0.0,0.0,0.0,0.0,0.0,0.0,0.0,0.0,0.0,0.0,-1.9155212949349583e-07,3.8310425882982163e-07,1.2770141955817708e-07,1.2247682335164985e-16,-2.5540283924685483e-07,0.0,-1.715102369193298e-14,-7.433942630198637e-22,-4.0963098507426665e-18,1.0281695456090237e-20,3.4667364465224004e-17,2.5135702709771363e-19,-2.273141954132473e-19,-1.710807901728243e-14,6.4470581645514874e-21,3.856135525760739e-18,-2.8953940709996792e-21,4.19266833230159e-21,-1.323513736364291e-21,1.4826691733207962e-22,1.7112192000385342e-14,2.5327184773212257e-07,1.9155212949349583e-07,3.4428133864434447e-07,-3.831032501676519e-07,-3.296148347586401e-07,8.880174405447621e-11,1.1100851072763512e-07,4.554663818595239e-08,5.330989368277268e-08,4.554663818595239e-08,1.276484892236022e-07,1.276484892236022e-07,-1.2247682335164985e-16,2.552969793736372e-07,-9.820800691266198e-17,1.871952299720735e-19,-9.667215895246399e-16,2.552969954328077e-07,8.673371851806707e-14,3.0820304442116298e-12,4.4860008328956164e-11,-9.213076480624764e-12,-6.543942987521643e-20,2.5516011977313935e-07,3.0820304442116298e-12,4.4860008328956164e-11,-1.22550876079702e-07,1.3685854747635204e-10,-1.2756456101072477e-07,-5.150543478475061e-09,-5.1505434782477466e-09,-1.383744918719045e-16,2.1321781438040187e-09,6.839301787229401e-21,-1.0086621697490406e-12,2.1309915147322728e-09,1.147674452702406e-12,3.70570438722228e-13,6.769079798122371e-13,1.714133825853365e-21,1.3837464013882184e-16
8.712,548,101324.99999999997,2.771e-08,0.066,0.29999999999999993,0.6339999999999998,0.22000000000000003,548.0,1e-11,1e-22,IdealGasReactor,off,0.6287818422712517,0.0,0.0,0.27195713189675275,0.050631217579786496,0.01687422740759245,1.358062365755315e-11,0.03175558083103618,0.0,0.0025216714684840116,2.676533280459627e-11,0.6321594050095398,4.8956062392059025e-09,1.9562085673253123e-07,1.1520831830663409e-07,1.1485367162381407e-05,0.36480450176328,3.612490318880558e-05,2.4841191830830844e-05,0.0003678953759323438,4.274941312887531e-06,1.6489879218277786e-13,2.0731351983342074e-09,6.948215442250718e-05,0.0,0.0,0.0,0.0,0.0,0.0,0.0,0.0,0.0,0.0,0.0,0.0,-1.9140085445334933e-07,3.828017087730016e-07,1.2760056953578257e-07,1.224282918729086e-16,-2.552011391902152e-07,0.0,-7.993189816295215e-15,4.616961651325778e-22,4.478183221345611e-18,-3.13549259901033e-21,1.1277608417980568e-17,2.5461280998872234e-19,-2.5155058736105103e-19,-7.98544756954348e-15,-6.0985362864247725e-21,6.977420307841567e-19,7.374943624305326e-21,2.3884840187468674e-23,1.2459096882379473e-21,-5.015371827501478e-22,7.98096334025948e-15,2.530733176471728e-07,1.9140085445334933e-07,3.439713600003628e-07,-3.8280070149723615e-07,-3.2936023619943305e-07,8.867575455827995e-11,1.1096606503148788e-07,4.549085508469415e-08,5.326218633664567e-08,4.549085508469415e-08,1.275477129012562e-07,1.275477129012562e-07,-1.224282918729086e-16,2.550954267279283e-07,-9.805904145201186e-17,1.8694606774256296e-19,-9.657478231491891e-16,2.550954336655309e-07,8.666524368252868e-14,3.077002027252485e-12,4.4801608841497106e-11,-9.193524472112707e-12,-6.53468885587682e-20,2.5495872420096543e-07,3.077002027252485e-12,4.4801608841497106e-11,-1.22452323783488e-07,1.3670148360212319e-10,-1.274638680521835e-07,-5.148245752294573e-09,-5.1482457520430226e-09,-1.3826691537888076e-16,2.129006558686495e-09,6.829900934522361e-21,-1.0072757654443455e-12,2.1278215430423856e-09,1.1459669377505599e-12,3.7021072589734163e-13,6.759754850718678e-13,1.711785075321939e-21,1.38266413841698e-16
8.721,548,101324.99999999999,2.771e-08,0.066,0.29999999999999993,0.6339999999999998,0.22000000000000003,548.0,1e-11,1e-22,IdealGasReactor,off,0.6287780193872772,0.0,0.0,0.2719372389678434,0.05066738870472429,0.01688628446653043,1.359221244662412e-11,0.0317310684600324,0.0,0.002520767368402321,2.6741597198254527e-11,0.6323049107005466,4.894222605623843e-09,1.956902218957404e-07,1.1517281828318246e-07,1.148594579519388e-05,0.3646603789656539,3.6102765252314114e-05,2.4813111314772183e-05,0.0003675202260906309,4.273253133220531e-06,1.647369852132862e-13,2.0735365872277656e-09,6.942980610512219e-05,0.0,0.0,0.0,0.0,0.0,0.0,0.0,0.0,0.0,0.0,0.0,0.0,-1.9124966198719735e-07,3.8249932298981943e-07,1.2749977455401582e-07,1.2237977358906263e-16,-2.5499954923730634e-07,0.0,-4.059652663770943e-14,1.191554270925099e-20,-4.186588311625654e-18,-4.4530809926970126e-20,8.621898606915872e-16,1.8687664398798e-20,-2.3400939529125153e-20,-3.9727389009947506e-14,9.606904664272176e-21,2.6457207021841576e-18,-6.835869756571609e-21,2.1337278997170203e-20,-1.6307722940323105e-20,2.2079154715393096e-21,3.973163760535689e-14,2.5287489342150056e-07,1.9124966198719735e-07,3.436615871813792e-07,-3.824983170987368e-07,-3.2910577364827045e-07,8.854992965425264e-11,1.1092360051615682e-07,4.5435122044941936e-08,5.3214507824360326e-08,4.5435122044941936e-08,1.2744699153075877e-07,1.2744699153075877e-07,-1.2237977358906263e-16,2.5489398398593753e-07,-9.791028834456603e-17,1.866972128913561e-19,-9.647747957089537e-16,2.548940226665408e-07,8.659680618536498e-14,3.0719809572764047e-12,4.4743279224015326e-11,-9.174011767147735e-12,-6.525446976501042e-20,2.5475743837171894e-07,3.0719809572764047e-12,4.4743279224015326e-11,-1.223538259138655e-07,1.3654456318427842e-10,-1.2736322999082683e-07,-5.145948640150322e-09,-5.145948640126921e-09,-1.381560367808517e-16,2.1258392199553984e-09,6.820511755381363e-21,-1.005891082647852e-12,2.1246558158057943e-09,1.14426170953299e-12,3.698512423910237e-13,6.750441391097849e-13,1.7094391890878104e-21,1.3815824469632324e-16
8.729999999999999,548,101325.00000000003,2.771e-08,0.066,0.29999999999999993,0.6339999999999998,0.22000000000000003,548.0,1e-11,1e-22,IdealGasReactor,off,0.6287741995702633,0.0,0.0,0.2719173619983053,0.05070353081088814,0.016898331852529924,1.3603796534230253e-11,0.03170657575440965,0.0,0.002519863282478753,2.6717881171416348e-11,0.6324503771138142,4.892839072265418e-09,1.9575937617519883e-07,1.1513724302756758e-07,1.1486517272649442e-05,0.36451629502176625,3.6080633636963916e-05,2.4785060073205837e-05,0.00036714543022216777,4.271565208664175e-06,1.6457532940819553e-13,2.07393796745081e-09,6.937748524866674e-05,0.0,0.0,0.0,0.0,0.0,0.0,0.0,0.0,0.0,0.0,0.0,0.0,-1.9109855211727221e-07,3.821971041122286e-07,1.2739903464384693e-07,1.223312685230888e-16,-2.5479806940826767e-07,0.0,-5.868896242336607e-17,-9.562559258010659e-25,1.8697542181786563e-18,-3.2389273694533153e-22,-6.776263578034403e-21,3.917527381051139e-21,-3.823228791220094e-21,-6.045813466313326e-17,1.6672389691761177e-22,1.1937714534648161e-19,1.0751028585910265e-21,-1.0171736594988012e-22,1.3697496817635576e-23,8.147158657630564e-24,5.857983796522351e-17,2.5267657507944616e-07,1.9109855211727221e-07,3.433520202048837e-07,-3.821960996041088e-07,-3.2885144714321166e-07,8.842426917595046e-11,1.1088111722114778e-07,4.5379439058404215e-08,5.316685815269574e-08,4.5379439058404215e-08,1.2734632512708143e-07,1.2734632512708143e-07,-1.223312685230888e-16,2.54692651177554e-07,-9.776174735324727e-17,1.8644866512785455e-19,-9.638025072192552e-16,2.546926501922897e-07,8.652840603674862e-14,3.066967225970844e-12,4.468501941273924e-11,-9.154538294619731e-12,-6.516217336943006e-20,2.545562623475102e-07,3.066967225970844e-12,4.468501941273924e-11,-1.222553825007406e-07,1.3638778619965388e-10,-1.272626468576474e-07,-5.143652143106352e-09,-5.143652143102528e-09,-1.3805012457522041e-16,2.1226761234417125e-09,6.811134239074878e-21,-1.0045081197781654e-12,2.121494328821488e-09,1.142558765785725e-12,3.694919882793399e-13,6.741139409077278e-13,1.7070961646810242e-21,1.3805013272237907e-16
8.738999999999999,548,101325.0,2.771e-08,0.066,0.29999999999999993,0.6339999999999998,0.22000000000000003,548.0,1e-11,1e-22,IdealGasReactor,off,0.6287703828184469,0.0,0.0,0.27189750097896476,0.05073964391495825,0.01691036957115072,1.3615375921849674e-11,0.03168210270286408,0.0,0.002518959211246445,2.6694184715083977e-11,0.6325958042044835,4.891455639718153e-09,1.958283197983174e-07,1.1510159273082074e-07,1.1487081603671007e-05,0.36437224997614487,3.6058508352429046e-05,2.475703808565342e-05,0.0003667709881097159,4.269877539971092e-06,1.6441382467282527e-13,2.0743393389594317e-09,6.932519186786236e-05,0.0,0.0,0.0,0.0,0.0,0.0,0.0,0.0,0.0,0.0,0.0,0.0,-1.9094752488028576e-07,3.8189504962097535e-07,1.2729834983211384e-07,1.2228277668983204e-16,-2.5459669973142386e-07,0.0,2.189639089554579e-15,1.4022089399109187e-21,2.7433271600751655e-17,-1.3629368850190986e-20,1.7450572779333096e-17,-2.1038180827428685e-19,1.9989977555201488e-19,2.1516705208837305e-15,4.360626234866908e-21,-2.7529878631822422e-17,1.5785131452150434e-20,8.770182444593476e-22,-3.417886118127651e-21,1.6845148583257438e-22,-2.17922421265356e-15,2.5247836265337303e-07,1.9094752488028576e-07,3.430426591142053e-07,-3.8189404649410005e-07,-3.2859725674730595e-07,8.829877296365215e-11,1.1083861519441204e-07,4.532380612016665e-08,5.3119237332393536e-08,4.532380612016665e-08,1.2724571371480315e-07,1.2724571371480315e-07,-1.2228277668983204e-16,2.544914283519892e-07,-9.7613418237558e-17,1.8620042416975061e-19,-9.62830957667172e-16,2.5449142515565626e-07,8.646004325338026e-14,3.061960825259927e-12,4.462682934727762e-11,-9.135103984259106e-12,-6.506999924572057e-20,2.5435519618226164e-07,3.061960825259927e-12,4.462682934727762e-11,-1.2215699357023936e-07,1.362311526188339e-10,-1.2716211867948453e-07,-5.141356261874477e-09,-5.141356262074377e-09,-1.3794190949876378e-16,2.1195172650685748e-09,6.80176837539001e-21,-1.003126875328234e-12,2.118337078050827e-09,1.1408581043322475e-12,3.69132963666079e-13,6.731848894987975e-13,1.704755999764562e-21,1.379420779502496e-16
8.748,548,101325.0,2.771e-08,0.066,0.29999999999999993,0.6339999999999998,0.22000000000000003,548.0,1e-11,1e-22,IdealGasReactor,off,0.6287665691300643,0.0,0.0,0.27187765590064583,0.050775728033619086,0.016922397627954743,1.362695061096188e-11,0.03165764929408899,0.0,0.002518055155521188,2.667050782327585e-11,0.6327411919984757,4.890072309118775e-09,1.9589705301613738e-07,1.1506586759605284e-07,1.148763879711135e-05,0.36422824380221436,3.603638941240554e-05,2.472904533439831e-05,0.0003663968995770508,4.268190127698701e-06,1.6425247091357742e-13,2.0747407013046243e-09,6.927292597165997e-05,0.0,0.0,0.0,0.0,0.0,0.0,0.0,0.0,0.0,0.0,0.0,0.0,-1.9079658035568033e-07,3.815931605426895e-07,1.27197720133883e-07,1.2223429808022074e-16,-2.543954403946814e-07,0.0,-2.0610157807649897e-15,-4.591057956256786e-22,-2.7342870131566264e-18,-9.81937820969917e-21,4.643244034434942e-17,5.082197683525802e-21,-6.298153183978753e-21,-2.0098938715483424e-15,-3.0643545463557736e-21,1.9378863047638816e-18,1.2047249484400878e-21,-8.649465773949018e-22,1.9315425948180557e-21,-1.1014389530905592e-24,2.0126403862454215e-15,2.522802563347513e-07,1.9079658035568033e-07,3.427335040289796e-07,-3.815921587953415e-07,-3.2834320259670063e-07,8.817344087743202e-11,1.1079609450870054e-07,4.526822323536831e-08,5.307164538604861e-08,4.526822323536831e-08,1.271451573468802e-07,1.271451573468802e-07,-1.2223429808022074e-16,2.5429031561512715e-07,-9.746530074672708e-17,1.8595248975892946e-19,-9.618601469587765e-16,2.542903165814181e-07,8.639171787124215e-14,3.0569617477553587e-12,4.456870897724708e-11,-9.115708768058722e-12,-6.497794726223298e-20,2.5415423990638296e-07,3.0569617477553587e-12,4.456870897724708e-11,-1.2205865913774225e-07,1.3607466239474534e-10,-1.2706164547148703e-07,-5.139060996140744e-09,-5.139060996134446e-09,-1.3783408154283381e-16,2.116362641287579e-09,6.792414155637935e-21,-1.0017473480172314e-12,2.1151840599300917e-09,1.1391597232513925e-12,3.687741687372524e-13,6.722569840668203e-13,1.7024186923871255e-21,1.3783408044139486e-16
8.757,548,101325.0,2.771e-08,0.066,0.29999999999999993,0.6339999999999998,0.22000000000000003,548.0,1e-11,1e-22,IdealGasReactor,off,0.6287627585033518,0.0,0.0,0.27185782675416875,0.05081178318356215,0.016934416028505657,1.3638520603046983e-11,0.03163321551677294,0.0,0.002517151115520232,2.664685048363811e-11,0.6328865403725267,4.888689080446457e-09,1.9596557603283022e-07,1.1503006780039184e-07,1.1488188861970968e-05,0.36408427662327275,3.60142768220454e-05,2.4701081795851088e-05,0.0003660231643608054,4.266502972815369e-06,1.6409126803437264e-13,2.0751420548941247e-09,6.922068758101463e-05,0.0,0.0,0.0,0.0,0.0,0.0,0.0,0.0,0.0,0.0,0.0,0.0,-1.9064571853204795e-07,3.8129143697646537e-07,1.270971455887216e-07,1.2218583273559341e-16,-2.5419429128927803e-07,0.0,1.2518616249609351e-15,2.0488970348110884e-23,5.0000744372532234e-18,-6.4117837951378726e-21,-3.453014512776881e-17,-5.203958669693608e-20,5.520934280423928e-20,1.2069018233601006e-15,-2.7974837351566212e-21,-5.342393799676905e-18,4.232093101233188e-21,2.4577345456540412e-21,-1.6199796466285923e-21,-3.398652741318726e-23,-1.2119191054342675e-15,2.520822560193891e-07,1.9064571853204795e-07,3.4242455490626423e-07,-3.8129043660692927e-07,-3.280892846719412e-07,8.804827273557384e-11,1.1075355518439885e-07,4.521269038761829e-08,5.30240823110677e-08,4.521269038761829e-08,1.2704465601594786e-07,1.2704465601594786e-07,-1.2218583273559341e-16,2.5408931295225616e-07,-9.73173946519473e-17,1.857048615861014e-19,-9.608900751673984e-16,2.540893107028097e-07,8.632342988533012e-14,3.0519699846200685e-12,4.451065823111378e-11,-9.09635257352405e-12,-6.488601729868716e-20,2.539533935992119e-07,3.0519699846200685e-12,4.451065823111378e-11,-1.2196037924096654e-07,1.3591831551691137e-10,-1.2696122727320788e-07,-5.136766347755074e-09,-5.136766347810283e-09,-1.3772617417756505e-16,2.113212247520936e-09,6.783071567900542e-21,-1.000369536087728e-12,2.112035269888927e-09,1.1374636200806205e-12,3.6841560350336126e-13,6.713302234757382e-13,1.7000842397766268e-21,1.3772614019103763e-16
8.766,548,101324.99999999999,2.771e-08,0.066,0.29999999999999993,0.6339999999999998,0.22000000000000003,548.0,1e-11,1e-22,IdealGasReactor,off,0.6287589509365447,0.0,0.0,0.271838013530351,0.050847809381484324,0.016946424778369076,1.3650085899586168e-11,0.03160880135960083,0.0,0.0025162470919781895,2.66232126893009e-11,0.6330318493327531,4.887305954680944e-09,1.9603388909270036e-07,1.1499419354318346e-07,1.1488731807121819e-05,0.3639403484326419,3.5992170593869106e-05,2.4673147451485032e-05,0.000365649782272737,4.264816075931335e-06,1.6393021594114893e-13,2.075543399393573e-09,6.916847670635753e-05,0.0,0.0,0.0,0.0,0.0,0.0,0.0,0.0,0.0,0.0,0.0,0.0,-1.904949394763023e-07,3.809898787814637e-07,1.269966262147734e-07,1.2213738065357168e-16,-2.539932525676384e-07,0.0,5.831439072289205e-15,6.704306276427757e-23,-1.9835914684112817e-18,-3.3228981838428835e-21,4.8995562042740935e-17,-3.006702264956749e-19,2.8106439161694306e-19,5.896115159714424e-15,1.3914895474213645e-22,1.4000115144514397e-17,-1.5493326123510664e-21,-3.774787026597457e-22,8.561291361985757e-22,-1.617620098210273e-22,-5.894120774214602e-15,2.518843618634116e-07,1.904949394763023e-07,3.421158118431004e-07,-3.809888797880255e-07,-3.278355030877809e-07,8.792326839251865e-11,1.1071099728724992e-07,4.51572075789937e-08,5.2976548126544194e-08,4.51572075789937e-08,1.2694420976664435e-07,1.2694420976664435e-07,-1.2213738065357168e-16,2.5388842045263767e-07,-9.716969970555031e-17,1.8545753938622981e-19,-9.599207422191936e-16,2.5388841351503544e-07,8.625517932597451e-14,3.046985528273637e-12,4.4452677055621705e-11,-9.077035332220572e-12,-6.479420922500173e-20,2.5375265729721355e-07,3.046985528273637e-12,4.4452677055621705e-11,-1.2186215389808133e-07,1.3576211194266546e-10,-1.2686086410281114e-07,-5.1344723166920745e-09,-5.134472316973139e-09,-1.37618419013529e-16,2.11006608006952e-09,6.773740603049261e-21,-9.989934381935638e-13,2.108890704226783e-09,1.1357697928251642e-12,3.6805726812579664e-13,6.704046068655807e-13,1.6977526398691776e-21,1.3761825725151917e-16
8.774999999999999,548,101325.0,2.771e-08,0.066,0.29999999999999993,0.6339999999999998,0.22000000000000003,548.0,1e-11,1e-22,IdealGasReactor,off,0.6287551464278777,0.0,0.0,0.27181821622000646,0.050883806644088,0.0169584238831125,1.3661646502061583e-11,0.03158440681125381,0.0,0.002515343085360999,2.6599594430539934e-11,0.6331771188182571,4.885922932282978e-09,1.961019924194452e-07,1.1495824501200441e-07,1.1489267641499166e-05,0.3637964592909684,3.5970070736559184e-05,2.4645242280139187e-05,0.00036527675308551934,4.26312943784156e-06,1.6376931453876045e-13,2.0759447348536724e-09,6.911629336349638e-05,0.0,0.0,0.0,0.0,0.0,0.0,0.0,0.0,0.0,0.0,0.0,0.0,-1.9034424321452974e-07,3.8068848632945586e-07,1.2689616204102742e-07,1.2208894185442064e-16,-2.537923242054443e-07,0.0,-4.3154140604450277e-16,-1.4213861768996457e-23,-4.888958221345512e-19,-1.3035816415860283e-21,-2.2487454200180793e-17,1.8078859467958973e-20,-1.3109158347740383e-20,-4.52714625761292e-16,-8.093804774085821e-22,7.99267881804011e-19,-2.370417715622113e-22,1.362780059181113e-22,1.4186758361945054e-21,6.023926416415661e-24,4.532054773475697e-16,2.516865738466526e-07,1.9034424321452974e-07,3.4180727486340236e-07,-3.806874887104031e-07,-3.275818578890095e-07,8.779842768400282e-11,1.106684208594971e-07,4.510177480187677e-08,5.2929042840254093e-08,4.510177480187677e-08,1.268438186164956e-07,1.268438186164956e-07,-1.2208894185442064e-16,2.536876381513315e-07,-9.70222156698131e-17,1.8521052287140153e-19,-9.589521481150566e-16,2.5368763756361545e-07,8.618696620508364e-14,3.042008370488113e-12,4.439476538804232e-11,-9.05775697375981e-12,-6.47025229162418e-20,2.535520310587643e-07,3.042008370488113e-12,4.439476538804232e-11,-1.217639831371338e-07,1.3560605164568944e-10,-1.2676055598938671e-07,-5.13217890389362e-09,-5.132178903880511e-09,-1.3751042562147652e-16,2.1069241347794814e-09,6.764421250507979e-21,-9.976190527753234e-13,2.105750358791712e-09,1.134078239247634e-12,3.6769916268698246e-13,6.694801332329304e-13,1.6954238902326703e-21,1.3751043164540293e-16
8.783999999999999,548,101324.99999999997,2.771e-08,0.066,0.29999999999999993,0.6339999999999998,0.22000000000000003,548.0,1e-11,1e-22,IdealGasReactor,off,0.6287513449755847,0.0,0.0,0.2717984348139464,0.050919774988081395,0.01697041334830529,1.3673202411956313e-11,0.0315600318604091,0.0,0.0025144390962081285,2.657599569840353e-11,0.633322348786792,4.884540013856694e-09,1.9616988624280583e-07,1.149222223975338e-07,1.1489796374024823e-05,0.3636526092401621,3.594797725983569e-05,2.4617366261361634e-05,0.00036490407658237113,4.2614430592886095e-06,1.636085637322679e-13,2.076346061218725e-09,6.906413756666506e-05,0.0,0.0,0.0,0.0,0.0,0.0,0.0,0.0,0.0,0.0,0.0,0.0,-1.9019362978385744e-07,3.8038726061270223e-07,1.267957530934809e-07,1.22040516352104e-16,-2.5359150628892727e-07,0.0,-1.8601521421859022e-14,1.3632506218051757e-21,1.1782151805201413e-17,-1.218582004656453e-19,-1.1669289158285166e-15,3.0217900393297165e-19,-3.479502159479809e-19,-1.9788288677320027e-14,-3.238214491643789e-20,-8.202375343527607e-18,2.0525286620237095e-20,-6.934384322002742e-21,7.320087772671224e-21,3.162701971340272e-21,1.9776515943195995e-14,2.514888920593719e-07,1.9019362978385744e-07,3.414989440107091e-07,-3.803862643663239e-07,-3.273283491393883e-07,8.767375045092562e-11,1.1062582594988005e-07,4.5046392051205694e-08,5.288156646302749e-08,4.5046392051205694e-08,1.2674348259035675e-07,1.2674348259035675e-07,-1.22040516352104e-16,2.534869660980407e-07,-9.687494230435078e-17,1.8496381176000311e-19,-9.579842928335387e-16,2.534869848469512e-07,8.61187905395458e-14,3.0370385032157887e-12,4.4336923168250255e-11,-9.038517428411823e-12,-6.461095824607159e-20,2.5335151493584045e-07,3.0370385032157887e-12,4.4336923168250255e-11,-1.2166586698344182e-07,1.3545013459480978e-10,-1.2666030295884032e-07,-5.129886110039091e-09,-5.129886109691141e-09,-1.3739950070133315e-16,2.1037864076193673e-09,6.7551135000965144e-21,-9.962463783322368e-13,2.1026142295553806e-09,1.1323889571768811e-12,3.6734128729040146e-13,6.68556801613372e-13,1.693097988534834e-21,1.374026634033045e-16
8.793,548,101325.00000000003,2.771e-08,0.066,0.29999999999999993,0.6339999999999998,0.22000000000000003,548.0,1e-11,1e-22,IdealGasReactor,off,0.6287475465778993,0.0,0.0,0.2717786693029788,0.05095571443017805,0.016982393179518718,1.3684753630754447e-11,0.03153567649574026,0.0,0.00251353512517872,2.65524164851704e-11,0.6334675392264508,4.8831572002339294e-09,1.96237570800099e-07,1.1488612589536036e-07,1.1490318013577303e-05,0.363508798291657,3.592589017511524e-05,2.458951937586219e-05,0.0003645317525637248,4.259756940929469e-06,1.634479634270619e-13,2.0767473782602537e-09,6.901200932756626e-05,0.0,0.0,0.0,0.0,0.0,0.0,0.0,0.0,0.0,0.0,0.0,0.0,-1.9004309923940483e-07,3.800861986850446e-07,1.266953993926642e-07,1.219921041503349e-16,-2.5339079896387903e-07,0.0,-1.5460896130879377e-14,1.6918384960751426e-21,2.7013774407048983e-18,3.4308836669353996e-20,-3.281961503034795e-16,-6.699501217189482e-20,7.991061025629779e-20,-1.5732626170613922e-14,-2.5108459376952538e-20,5.932036746193419e-17,1.2540555788115334e-20,-7.21516044117621e-21,-1.8974127930623822e-20,1.132462707925227e-21,1.5729876187393438e-14,2.512913166511895e-07,1.9004309923940483e-07,3.4119081936072556e-07,-3.800852038096311e-07,-3.2707497693339804e-07,8.75492365424579e-11,1.1058321261769577e-07,4.4991059326116934e-08,5.2834119010622425e-08,4.4991059326116934e-08,1.2664320172504895e-07,1.2664320172504895e-07,-1.219921041503349e-16,2.532864043664451e-07,-9.672787936442942e-17,1.8471740578045981e-19,-9.570171763175851e-16,2.532864190607498e-07,8.605065235437993e-14,3.032075918699545e-12,4.4279150340288916e-11,-9.019316627451478e-12,-6.451951508586375e-20,2.531511089701225e-07,3.032075918699545e-12,4.4279150340288916e-11,-1.215678054573091e-07,1.3529436075107753e-10,-1.2656010503192605e-07,-5.12759393535511e-09,-5.12759393543502e-09,-1.3729382010627338e-16,2.100652894762018e-09,6.745817342272016e-21,-9.948754134558872e-13,2.0994823126895393e-09,1.1307019445493626e-12,3.6698364207400783e-13,6.67634611105818e-13,1.6907749326060498e-21,1.372949525689813e-16
8.802,548,101324.99999999999,2.771e-08,0.066,0.29999999999999993,0.6339999999999998,0.22000000000000003,548.0,1e-11,1e-22,IdealGasReactor,off,0.6287437512330549,0.0,0.0,0.27175891967790883,0.05099162498709693,0.016994363382325926,1.3696300159941105e-11,0.03151134070591727,0.0,0.0025126311727107623,2.6528856780824222e-11,0.6336126900695118,4.88177449182437e-09,1.9630504631395508e-07,1.1484995569158407e-07,1.149083256911005e-05,0.363365026512954,3.590380949065508e-05,2.456170160219955e-05,0.0003641597807980892,4.2580710835773895e-06,1.6328751352785032e-13,2.0771486860683557e-09,6.895990866243742e-05,0.0,0.0,0.0,0.0,0.0,0.0,0.0,0.0,0.0,0.0,0.0,0.0,-1.8989265160272365e-07,3.797853030833518e-07,1.2659510096870803e-07,1.2194370527168415e-16,-2.5319020205566457e-07,0.0,-3.547507423877427e-16,1.739693518124095e-23,3.664673504733324e-18,-5.447369145338971e-22,1.6882425429962274e-19,1.1382005228729661e-20,-1.130259588992457e-20,-3.582827175765604e-16,3.270575913626009e-22,-1.6554983561102457e-20,2.1156420479879458e-21,-9.044703010384512e-23,-1.3645620289128304e-23,6.590168654119621e-26,3.5460170033873803e-16,2.510938474516687e-07,1.8989265160272365e-07,3.4088290092888206e-07,-3.7978430957719524e-07,-3.268217413081529e-07,8.742488579257237e-11,1.1054058090280495e-07,4.493577661777608e-08,5.278670048954641e-08,4.493577661777608e-08,1.2654297603505154e-07,1.2654297603505154e-07,-1.2194370527168415e-16,2.530859529854259e-07,-9.658102661372527e-17,1.8447130464275819e-19,-9.560507985730696e-16,2.5308595230644215e-07,8.59825516594242e-14,3.0271206086537375e-12,4.422144684050249e-11,-9.000154500582427e-12,-6.442819331137082e-20,2.5295081322175114e-07,3.0271206086537375e-12,4.422144684050249e-11,-1.2146979858781497e-07,1.3513873008930797e-10,-1.264599622386188e-07,-5.125302380893059e-09,-5.125302380881757e-09,-1.3718729909571125e-16,2.0975235920084397e-09,6.73653276631423e-21,-9.93506156566501e-13,2.096354603995867e-09,1.1290171991031932e-12,3.666262271108176e-13,6.667135606918802e-13,1.6884547199746008e-21,1.3718729916161294e-16
8.811,548,101324.99999999999,2.771e-08,0.066,0.29999999999999993,0.6339999999999998,0.22000000000000003,548.0,1e-11,1e-22,IdealGasReactor,off,0.6287399589392832,0.0,0.0,0.27173918592953794,0.05102750667556357,0.017006323962301746,1.3707842001002026e-11,0.03148702447960556,0.0,0.00251172723940351,2.6505316577000293e-11,0.6337578012896726,4.880391889347854e-09,1.963723130184249e-07,1.1481371197894406e-07,1.149134004951564e-05,0.3632212939299526,3.5881735217001935e-05,2.453391292047686e-05,0.0003637881610769667,4.2563854879272055e-06,1.6312721393966066e-13,2.0775499844984696e-09,6.890783558400986e-05,0.0,0.0,0.0,0.0,0.0,0.0,0.0,0.0,0.0,0.0,0.0,0.0,-1.897422869196535e-07,3.7948457371855523e-07,1.2649485784436414e-07,1.2189531972473014e-16,-2.529897158117819e-07,0.0,-1.4704679461364101e-15,1.4785189887707165e-22,-9.75257163434106e-19,-3.701756199065221e-21,-1.1464590941086955e-18,3.414601568618898e-21,-3.776906676917124e-21,-1.470450420660772e-15,4.038427622783685e-22,1.7678612457379992e-19,-7.398836744376856e-22,8.684103962099676e-22,1.1501970766481247e-21,2.6937665724965564e-23,1.471430999953369e-15,2.508964847122361e-07,1.897422869196535e-07,3.4057518877405863e-07,-3.7948358157994903e-07,-3.2656864234234275e-07,8.730069804635712e-11,1.1049793085938654e-07,4.488054392303423e-08,5.273931091300081e-08,4.488054392303423e-08,1.2644280555103614e-07,1.2644280555103614e-07,-1.2189531972473014e-16,2.528856120163894e-07,-9.643438380975244e-17,1.842255080703259e-19,-9.550851595567509e-16,2.5288561245062624e-07,8.591448847551908e-14,3.0221725651816215e-12,4.416381261085577e-11,-8.981030978816672e-12,-6.433699279509987e-20,2.5275062773662165e-07,3.0221725651816215e-12,4.416381261085577e-11,-1.213718463972719e-07,1.3498324257358568e-10,-1.2635987460179017e-07,-5.123011447092224e-09,-5.123011447088447e-09,-1.370796762805732e-16,2.0943984954247863e-09,6.727259762357418e-21,-9.921386062092289e-13,2.0932310995458023e-09,1.1273347187204589e-12,3.662690425204616e-13,6.65793649438169e-13,1.6861373483878167e-21,1.3707970321823893e-16
8.82,548,101324.99999999999,2.771e-08,0.066,0.29999999999999993,0.6339999999999998,0.22000000000000003,548.0,1e-11,1e-22,IdealGasReactor,off,0.6287361696948167,0.0,0.0,0.27171946804866537,0.05106335951230798,0.017018274925023016,1.3719379155424236e-11,0.03146272780546763,0.0,0.002510823325763697,2.6481795864365497e-11,0.6339028728371547,4.8790093933449505e-09,1.9643937114029833e-07,1.1477739494613756e-07,1.1491840463718165e-05,0.36307760059213295,3.585966736337504e-05,2.4506153309904375e-05,0.0003634168931785463,4.254700154739871e-06,1.6296706456723848e-13,2.077951273540315e-09,6.885579010692053e-05,0.0,0.0,0.0,0.0,0.0,0.0,0.0,0.0,0.0,0.0,0.0,0.0,-1.8959200522193985e-07,3.791840103274633e-07,1.2639467004634674e-07,1.218469475259825e-16,-2.527893402170891e-07,0.0,7.211685165909661e-17,-4.645655019260674e-25,-1.466264932614845e-19,-1.6984272061922962e-22,-5.431334076472184e-18,3.705769144237564e-21,-3.6577926687094884e-21,6.92385939996571e-17,-9.097961849995241e-23,2.401283158848311e-18,-1.3619954896792165e-22,6.2038545941477076e-24,-2.453096815037307e-23,-1.1964808902996834e-24,-6.909108174364717e-17,2.506992284218327e-07,1.8959200522193985e-07,3.4026768292979434e-07,-3.791830195547024e-07,-3.2631568009049316e-07,8.717667314255803e-11,1.1045526253347301e-07,4.482536123536714e-08,5.2691950290264556e-08,4.482536123536714e-08,1.2634269029427579e-07,1.2634269029427579e-07,-1.218469475259825e-16,2.526853815018662e-07,-9.628795071369261e-17,1.839800157788887e-19,-9.541202592515283e-16,2.52685380397466e-07,8.584646281711896e-14,3.0172317801679755e-12,4.41062475900846e-11,-8.961945992571932e-12,-6.424591341145644e-20,2.5255055256838337e-07,3.0172317801679755e-12,4.41062475900846e-11,-1.2127394891161037e-07,1.3482789817373523e-10,-1.2625984214817306e-07,-5.120721134736375e-09,-5.120721134732717e-09,-1.3697216596199846e-16,2.0912776009285974e-09,6.717998320045064e-21,-9.907727608567762e-13,2.090111795256365e-09,1.1256545012009006e-12,3.6591208839517285e-13,6.648748763623637e-13,1.6838228154666209e-21,1.3697216476551757e-16
8.828999999999999,548,101325.0,2.771e-08,0.066,0.29999999999999993,0.6339999999999998,0.22000000000000003,548.0,1e-11,1e-22,IdealGasReactor,off,0.628732383497886,0.0,0.0,0.2716997660260868,0.05109918351406585,0.01703021627606832,1.3730911624695602e-11,0.03143845067216202,0.0,0.0025099194323682577,2.6458294634319296e-11,0.6340479046800691,4.877627004492864e-09,1.9650622091205911e-07,1.1474100478474485e-07,1.1492333820621833e-05,0.3629339465310052,3.583760593998475e-05,2.4478422750368e-05,0.0003630459768910691,4.25301508472554e-06,1.6280706531552756e-13,2.0783525530812126e-09,6.880377224428698e-05,0.0,0.0,0.0,0.0,0.0,0.0,0.0,0.0,0.0,0.0,0.0,0.0,-1.8944180655182944e-07,3.7888361301242316e-07,1.2629453759827318e-07,1.2179858868590671e-16,-2.525890753234025e-07,0.0,-3.539732168483348e-15,4.600845271260724e-23,-2.878047625790198e-18,5.104269597262656e-21,-3.05772541211698e-17,-5.452774597949558e-20,5.490163161636955e-20,-3.565292683858766e-15,1.7849309577833405e-22,2.1706724820866165e-18,-2.013498974828285e-21,5.545729019285205e-22,3.264440063032715e-22,2.4885644647918255e-23,3.568179706685868e-15,2.5050207863624085e-07,1.8944180655182944e-07,3.399603834483086e-07,-3.788826236038041e-07,-3.260628546251536e-07,8.705281092481803e-11,1.1041257597730641e-07,4.477022855067902e-08,5.264461863351912e-08,4.477022855067902e-08,1.262426302930256e-07,1.262426302930256e-07,-1.2179858868590671e-16,2.5248526149836276e-07,-9.614172708420005e-17,1.8373482749015022e-19,-9.531560976188754e-16,2.5248526402954496e-07,8.577847470342235e-14,3.0122982456687997e-12,4.404875171939473e-11,-8.942899472894096e-12,-6.415495503351292e-20,2.5235058776451036e-07,3.0122982456687997e-12,4.404875171939473e-11,-1.2117610615392398e-07,1.346726968549009e-10,-1.2615986490141865e-07,-5.118431444349201e-09,-5.118431444404103e-09,-1.3686465895214617e-16,2.088160904552013e-09,6.708748429395417e-21,-9.894086190372657e-13,2.0869966871616665e-09,1.1239765444071282e-12,3.6555536484720643e-13,6.639572405191676e-13,1.6815111189268973e-21,1.3686468383779082e-16
8.838,548,101325.0,2.771e-08,0.066,0.29999999999999993,0.6339999999999998,0.22000000000000003,548.0,1e-11,1e-22,IdealGasReactor,off,0.628728600346722,0.0,0.0,0.2716800798525953,0.051134978697578395,0.01704214802101808,1.3742439410304945e-11,0.031414193068343615,0.0,0.0025090155597021443,2.643481287727974e-11,0.6341928967636666,4.876244723291055e-09,1.9657286255900024e-07,1.1470454168222824e-07,1.1492820129152368e-05,0.36279033180104636,3.581555095572366e-05,2.4450721220851058e-05,0.000362675411989374,4.251330278657246e-06,1.6264721608906032e-13,2.0787538231410837e-09,6.875178201102625e-05,0.0,0.0,0.0,0.0,0.0,0.0,0.0,0.0,0.0,0.0,0.0,0.0,-1.8929169093757313e-07,3.7858338178720264e-07,1.2619446052743132e-07,1.2175024322269294e-16,-2.5238892116449613e-07,0.0,-4.9629740788500864e-15,6.288965569787169e-22,7.629022526846087e-18,1.4640517076246386e-21,-3.377374470587072e-17,2.41192631730662e-19,-2.4294625462927444e-19,-5.0086523736668876e-15,3.4962850482633345e-22,-4.459459794948403e-18,7.90651874435708e-21,1.37293887107903e-21,-1.6088019554207793e-21,5.2268611605651247e-23,5.000990553427617e-15,2.503050353933533e-07,1.8929169093757313e-07,3.3965329035670566e-07,-3.7858239374102343e-07,-3.258101659948962e-07,8.692911123044337e-11,1.1036987123512341e-07,4.471514586152907e-08,5.259731595105925e-08,4.471514586152907e-08,1.261426255662437e-07,1.261426255662437e-07,-1.2175024322269294e-16,2.5228525204379904e-07,-9.599571268335821e-17,1.8348994291805166e-19,-9.521926746449808e-16,2.522852560193911e-07,8.571052414731061e-14,3.0073719535222395e-12,4.3991324936772e-11,-8.923891350232266e-12,-6.4064117536106e-20,2.521507333798129e-07,3.0073719535222395e-12,4.3991324936772e-11,-1.2107831815064532e-07,1.3451763858764757e-10,-1.2605994288884192e-07,-5.116142376786007e-09,-5.11614237654306e-09,-1.3675720819057553e-16,2.0850484021742317e-09,6.699510079934832e-21,-9.880461792062433e-13,2.0838857711428314e-09,1.1223008461193872e-12,3.651988719616349e-13,6.630407409144322e-13,1.6792022563589935e-21,1.3675726045918714e-16
8.847,548,101325.0,2.771e-08,0.066,0.29999999999999993,0.6339999999999998,0.22000000000000003,548.0,1e-11,1e-22,IdealGasReactor,off,0.628724820239555,0.0,0.0,0.27166040951898063,0.05117074507959236,0.017054070165454488,1.375396251374197e-11,0.03138995498266351,0.0,0.0025081117083812273,2.6411350585041592e-11,0.6343378490662556,4.874862550492825e-09,1.966392963168056e-07,1.1466800583157388e-07,1.1493299398201841e-05,0.3626467564235244,3.579350242133739e-05,2.4423048701604845e-05,0.0003623051982671595,4.24964573721531e-06,1.6248751679281833e-13,2.0791550835494888e-09,6.869981941931508e-05,0.0,0.0,0.0,0.0,0.0,0.0,0.0,0.0,0.0,0.0,0.0,0.0,-1.8914165842707877e-07,3.782833168980769e-07,1.2609443885552333e-07,1.2170191114336155e-16,-2.521888778292766e-07,0.0,2.522434181256938e-15,-2.295890875432908e-22,1.1053176606220271e-17,-1.850048832231743e-21,-1.6557635940293533e-16,1.6546259229020723e-19,-1.6106695451510044e-19,2.35350486013027e-15,-2.5658058643402272e-21,7.610762553119133e-18,6.84661280516682e-21,4.363636225158644e-22,-2.8659867658196963e-21,-7.121034118845343e-23,-2.3645979870832745e-15,2.5010809878597785e-07,1.8914165842707877e-07,3.3934640371710906e-07,-3.7828233021263693e-07,-3.255576142819849e-07,8.68055739058278e-11,1.103271483626643e-07,4.466011316505506e-08,5.255004225661035e-08,4.466011316505506e-08,1.2604267614594621e-07,1.2604267614594621e-07,-1.2170191114336155e-16,2.5208535320220435e-07,-9.584990726854301e-17,1.8324536178764997e-19,-9.51229990277563e-16,2.520853498166886e-07,8.564261117053782e-14,3.0024528958828842e-12,4.393396718479559e-11,-8.904921556121565e-12,-6.397340079160885e-20,2.5195098945795246e-07,3.0024528958828842e-12,4.393396718479559e-11,-1.2098058492310137e-07,1.3436272333415053e-10,-1.2596007613219358e-07,-5.1138539324219646e-09,-5.113853932260898e-09,-1.3664996587851925e-16,2.081940089894666e-09,6.6902832618887134e-21,-9.8668543992244e-13,2.080779043298758e-09,1.1206274042350746e-12,3.6484260986116584e-13,6.621253766231454e-13,1.6768962255304735e-21,1.3664989466817807e-16
8.856,548,101324.99999999999,2.771e-08,0.066,0.29999999999999993,0.6339999999999998,0.22000000000000003,548.0,1e-11,1e-22,IdealGasReactor,off,0.6287210431746143,0.0,0.0,0.27164075501602986,0.05120648267685947,0.01706598271496156,1.3765480936497438e-11,0.03136573640376941,0.0,0.0025072078789649204,2.63879077487921e-11,0.6344827615521605,4.873480486742076e-09,1.96705522416498e-07,1.1463139742319837e-07,1.1493771636676501e-05,0.36250322043375843,3.5771460346761816e-05,2.4395405172328467e-05,0.0003619353355098806,4.247961461118199e-06,1.623279673315184e-13,2.0795563342170567e-09,6.864788448241078e-05,0.0,0.0,0.0,0.0,0.0,0.0,0.0,0.0,0.0,0.0,0.0,0.0,-1.8899170905961612e-07,3.7798341795462313e-07,1.2599447260647803e-07,1.2165359245965872e-16,-2.5198894532925283e-07,0.0,7.725070387674421e-16,1.4151772715689643e-22,2.8810412933410726e-18,-1.6411258448437616e-22,4.2967334436250487e-17,5.94511249854112e-20,-5.480071558163808e-20,8.101606733093121e-16,4.806374752556457e-22,-2.4749570037888532e-18,1.1667529962386423e-21,-2.4949835226130697e-22,2.0740925043948475e-22,-4.773402553835078e-23,-8.13053426481806e-16,2.499112688296185e-07,1.8899170905961612e-07,3.390397235761437e-07,-3.779824326282234e-07,-3.2530519955390576e-07,8.668219879349152e-11,1.1028440741077352e-07,4.460513045631756e-08,5.2502797561493696e-08,4.460513045631756e-08,1.2594278205841013e-07,1.2594278205841013e-07,-1.2165359245965872e-16,2.5188556502612903e-07,-9.570431059929832e-17,1.830010838192501e-19,-9.502680444791803e-16,2.518855631850059e-07,8.557473579095841e-14,2.997541064772843e-12,4.387667840406632e-11,-8.88599002176855e-12,-6.3882804673498e-20,2.517513560469995e-07,2.997541064772843e-12,4.387667840406632e-11,-1.20882906494642e-07,1.3420795105981923e-10,-1.2586026465542287e-07,-5.111566111836032e-09,-5.111566111781231e-09,-1.3654263423095682e-16,2.0788359637140108e-09,6.681067965180476e-21,-9.853263996997885e-13,2.0776764996343286e-09,1.1189562166011842e-12,3.6448657865167034e-13,6.612111466902519e-13,1.674593024131626e-21,1.3654258649693129e-16
8.865,548,101325.00000000003,2.771e-08,0.066,0.29999999999999993,0.6339999999999998,0.22000000000000003,548.0,1e-11,1e-22,IdealGasReactor,off,0.6287172691501288,0.0,0.0,0.27162111633452696,0.051242191506137104,0.01707788567512506,1.3776994680062962e-11,0.03134153732030522,0.0,0.002506304071917035,2.6364484358704966e-11,0.6346276341619186,4.872098532498703e-09,1.967715410820895e-07,1.1459471664323764e-07,1.14942368535041e-05,0.3623597238909622,3.574942474056142e-05,2.4367790611781137e-05,0.0003615658234890812,4.246277451149889e-06,1.6216856760945855e-13,2.079957575192777e-09,6.859597721544611e-05,0.0,0.0,0.0,0.0,0.0,0.0,0.0,0.0,0.0,0.0,0.0,0.0,-1.88841842859939e-07,3.7768368553401484e-07,1.2589456180804984e-07,1.2160528719136813e-16,-2.517891237276546e-07,0.0,-3.1090651882992647e-15,-7.161637688421441e-22,5.454409224032227e-18,-2.4280011218235637e-21,6.427863044960948e-17,-2.558039500707987e-19,2.3639663853907957e-19,-3.055097303800944e-15,-1.4954273864254863e-21,-4.540383319368721e-18,1.5356624227918298e-21,1.517617930093383e-21,2.528918288671442e-21,3.605120492529413e-24,3.0496219977078373e-15,2.497145455916585e-07,1.88841842859939e-07,3.387332499543473e-07,-3.776827015649579e-07,-3.250529218532491e-07,8.655898572939163e-11,1.1024164842197032e-07,4.4550197726906885e-08,5.245558187300493e-08,4.4550197726906885e-08,1.2584294332026877e-07,1.2584294332026877e-07,-1.2160528719136813e-16,2.516858875488448e-07,-9.555892243870158e-17,1.8275710872512965e-19,-9.49306837238039e-16,2.5168588957402704e-07,8.550689801987414e-14,2.9926364519884106e-12,4.3819458531855654e-11,-8.867096677759146e-12,-6.379232905707717e-20,2.5155183320266934e-07,2.9926364519884106e-12,4.3819458531855654e-11,-1.2078528289209798e-07,1.3405332173570678e-10,-1.2576050848629474e-07,-5.109278915951866e-09,-5.109278916188263e-09,-1.3643533236189645e-16,2.075736019479713e-09,6.671864179223943e-21,-9.839690569774732e-13,2.0745781359961378e-09,1.1172872809792664e-12,3.6413077841081905e-13,6.602980501101007e-13,1.672292649722703e-21,1.3643533596701694e-16
8.873999999999999,548,101324.99999999999,2.771e-08,0.066,0.29999999999999993,0.6339999999999998,0.22000000000000003,548.0,1e-11,1e-22,IdealGasReactor,off,0.6287134981643268,0.0,0.0,0.2716014934652531,0.05127787158418795,0.01708977905153252,1.3788503745931085e-11,0.03131735772091124,0.0,0.0025054002878310954,2.6341080406311695e-11,0.6347724668688687,4.8707166884735145e-09,1.9683735254746295e-07,1.145579636832765e-07,1.1494695057577437e-05,0.3622162668214007,3.5727395613139164e-05,2.434020499998067e-05,0.0003611966619949707,4.2445937080023e-06,1.6200931753136848e-13,2.080358806336512e-09,6.854409763083221e-05,0.0,0.0,0.0,0.0,0.0,0.0,0.0,0.0,0.0,0.0,0.0,0.0,-1.886920598722543e-07,3.7738411948321554e-07,1.2579470648237826e-07,1.2155699534719052e-16,-2.5158941307675964e-07,0.0,3.8983166655356054e-15,-2.5925296900570216e-21,4.288762192844846e-18,1.6435558304897764e-20,1.3975561879707205e-16,1.0190865146653301e-20,-1.0622653426405981e-20,4.028502702963584e-15,-4.5631316507549945e-21,-5.226042597737313e-18,5.67019465987386e-21,-3.507581839348687e-21,4.4158506300146295e-21,-9.251942127044656e-23,-4.032831627795108e-15,2.4951792912831366e-07,1.886920598722543e-07,3.3842698290696916e-07,-3.773831368698052e-07,-3.2480078125598206e-07,8.64359345584727e-11,1.1019887145018154e-07,4.4495314972948825e-08,5.24083952038112e-08,4.4495314972948825e-08,1.2574315996108105e-07,1.2574315996108105e-07,-1.2155699534719052e-16,2.5148632082946917e-07,-9.541374254518616e-17,1.8251343622854162e-19,-9.483463685042515e-16,2.514863157720981e-07,8.543909787736944e-14,2.9877390496388995e-12,4.37623075099712e-11,-8.848241455752401e-12,-6.370197381520898e-20,2.513524209696052e-07,2.9877390496388995e-12,4.37623075099712e-11,-1.2068771413716348e-07,1.3389883532454432e-10,-1.256608076470533e-07,-5.106992345214789e-09,-5.106992345204166e-09,-1.3632823563362798e-16,2.072640253251892e-09,6.662671894124194e-21,-9.82613410296315e-13,2.0714839484459993e-09,1.115620595246858e-12,3.637752092535478e-13,6.593860859453914e-13,1.6699951000391991e-21,1.363281431142067e-16
8.883,548,101325.0,2.771e-08,0.066,0.29999999999999993,0.6339999999999998,0.22000000000000003,548.0,1e-11,1e-22,IdealGasReactor,off,0.6287097302154363,0.0,0.0,0.2715818863989865,0.05131352292777975,0.017101662849773262,1.3800008135595357e-11,0.031293197594224345,0.0,0.0025044965272579397,2.6317695882688916e-11,0.6349172596357383,4.869334955295277e-09,1.9690295704342534e-07,1.1452113873296398e-07,1.1495146257803212e-05,0.36207284926199873,3.570537297427824e-05,2.4312648316522822e-05,0.00036082785081152446,4.2429102323962136e-06,1.6185021700179554e-13,2.0807600275696533e-09,6.849224574179419e-05,0.0,0.0,0.0,0.0,0.0,0.0,0.0,0.0,0.0,0.0,0.0,0.0,-1.885423601342239e-07,3.7708472014428937e-07,1.2569490665337985e-07,1.2150871693941235e-16,-2.513898134363101e-07,0.0,3.4486340107526225e-15,6.670573213355126e-22,-2.992671799659383e-18,-7.062764557213535e-21,2.634113647283264e-18,2.880441416256655e-19,-2.876867996010426e-19,3.459611910127979e-15,-4.696505436851542e-21,5.033542963920182e-18,-3.627715585960397e-21,1.9154401059431047e-22,2.109187903260663e-21,-1.7064054373386074e-22,-3.456598364675363e-15,2.493214195033351e-07,1.885423601342239e-07,3.381209224773949e-07,-3.770837388848312e-07,-3.2454877782684237e-07,8.63130451227655e-11,1.1015607654561411e-07,4.4440482188971305e-08,5.23612375647538e-08,4.4440482188971305e-08,1.2564343200604426e-07,1.2564343200604426e-07,-1.2150871693941235e-16,2.512868649184005e-07,-9.526877067884583e-17,1.8227006604920194e-19,-9.473866382388842e-16,2.5128686043096593e-07,8.537133538056505e-14,2.982848849734193e-12,4.370522527873763e-11,-8.829424287184861e-12,-6.361173882160999e-20,2.511531193957728e-07,2.982848849734193e-12,4.370522527873763e-11,-1.2059020025315192e-07,1.3374449179147842e-10,-1.2556116216158874e-07,-5.104706400227935e-09,-5.1047063999402485e-09,-1.3622117861002892e-16,2.0695486610139435e-09,6.653491099758782e-21,-9.812594581637862e-13,2.0683939329749915e-09,1.1139561572433642e-12,3.634198712819291e-13,6.584752532361727e-13,1.6677003727583516e-21,1.3622100796948518e-16
8.892,548,101325.0,2.771e-08,0.066,0.29999999999999993,0.6339999999999998,0.22000000000000003,548.0,1e-11,1e-22,IdealGasReactor,off,0.6287059653016843,0.0,0.0,0.2715622951265022,0.051349145553686165,0.01711353707543823,1.381150785055004e-11,0.031269056928877374,0.0,0.0025035927905225114,2.629433077651882e-11,0.635062012368692,4.867953333155104e-09,1.9696835478247017e-07,1.1448424197198988e-07,1.1495590463137542e-05,0.3619294713065043,3.568335683055383e-05,2.4285120538814965e-05,0.00036045938969011534,4.241227025209668e-06,1.6169126592437629e-13,2.081161239142611e-09,6.844042156609485e-05,0.0,0.0,0.0,0.0,0.0,0.0,0.0,0.0,0.0,0.0,0.0,0.0,-1.8839274364940196e-07,3.7678548654665697e-07,1.2559516235415722e-07,1.2146045199943253e-16,-2.5119032471133925e-07,0.0,-3.269599306150983e-15,8.818165405646341e-21,4.451420971334657e-17,-4.7681436982507877e-20,6.309465838384926e-16,-8.983843196815923e-19,8.851907889113715e-19,-2.75821437337068e-15,3.488557997924514e-21,-7.373138081323381e-17,4.6526961966792095e-20,-1.6920237923713604e-21,-9.79111844653537e-21,-3.763359154143966e-22,2.7134982542410692e-15,2.4912501662613775e-07,1.8839274364940196e-07,3.3781506864815834e-07,-3.7678450663945805e-07,-3.2429691157219074e-07,8.619031724883269e-11,1.101132637388026e-07,4.438569936146956e-08,5.231410895723514e-08,4.438569936146956e-08,1.255437594577325e-07,1.255437594577325e-07,-1.2146045199943253e-16,2.5108751982079235e-07,-9.512400660808558e-17,1.8202699788786495e-19,-9.464276464659557e-16,2.51087521552229e-07,8.530361053120997e-14,2.977965843751268e-12,4.36482117706193e-11,-8.810645101906468e-12,-6.352162395429758e-20,2.509539285476154e-07,2.977965843751268e-12,4.36482117706193e-11,-1.2049274127174567e-07,1.3359029111537445e-10,-1.2546157206302867e-07,-5.1024210824115596e-09,-5.10242108329675e-09,-1.3611430687488707e-16,2.0664612383827768e-09,6.644321784807405e-21,-9.799071989101702e-13,2.0653080852015097e-09,1.1122939646079011e-12,3.630647645322936e-13,6.575655509036901e-13,1.665408465252219e-21,1.3611393053897165e-16
8.901,548,101325.0,2.771e-08,0.066,0.29999999999999993,0.6339999999999998,0.22000000000000003,548.0,1e-11,1e-22,IdealGasReactor,off,0.6287022034212981,0.0,0.0,0.2715427196385734,0.05138473947868457,0.017125401734120357,1.3823002892290798e-11,0.031244935713500736,0.0,0.002502689078684279,2.6270985084228102e-11,0.6352067251589993,4.8665718236674445e-09,1.9703354603595463e-07,1.1444727361171183e-07,1.149602768235919e-05,0.36178613286271627,3.566134719895013e-05,2.4257621651361235e-05,0.00036009127848777195,4.239544086802611e-06,1.6153246420538884e-13,2.081562440232465e-09,6.838862510638158e-05,0.0,0.0,0.0,0.0,0.0,0.0,0.0,0.0,0.0,0.0,0.0,0.0,-1.8824321053179883e-07,3.764864201237409e-07,1.2549547358698499e-07,1.214122004961052e-16,-2.5099094724670686e-07,0.0,-1.4757839331851842e-15,-6.922609204708053e-21,5.659865515141359e-19,1.215902581021247e-20,8.184972542942502e-16,-4.0392883672189447e-19,4.34635435421088e-19,-7.064373265451807e-16,-8.170529108048578e-21,-4.811198159555593e-17,1.2953690094923307e-20,2.730936792343821e-21,-2.1650600256142108e-20,1.3617413849598703e-21,7.058253265516775e-16,2.4892872084475047e-07,1.8824321053179883e-07,3.3750942159867963e-07,-3.7648544156710945e-07,-3.240451826875299e-07,8.606775081368162e-11,1.1007043312454021e-07,4.433096650278804e-08,5.2267009413187437e-08,4.433096650278804e-08,1.2544414239203825e-07,1.2544414239203825e-07,-1.214122004961052e-16,2.5088828568842006e-07,-9.497945007454992e-17,1.817842315069914e-19,-9.454693929987737e-16,2.508882853691219e-07,8.523592338087098e-14,2.973090024913345e-12,4.3591266943654644e-11,-8.791903835341671e-12,-6.34316290773436e-20,2.507548484300674e-07,2.973090024913345e-12,4.3591266943654644e-11,-1.2039533719648276e-07,1.3343623322918608e-10,-1.253620373537865e-07,-5.100136390502228e-09,-5.100136390936863e-09,-1.360055491679486e-16,2.0633779822169583e-09,6.635163941845877e-21,-9.785566314412991e-13,2.062226401956399e-09,1.11063401563139e-12,3.6270988925310007e-13,6.566569782549536e-13,1.6631193758825729e-21,1.3600691090933355e-16
8.91,548,101324.99999999997,2.771e-08,0.066,0.29999999999999993,0.6339999999999998,0.22000000000000003,548.0,1e-11,1e-22,IdealGasReactor,off,0.6286984445725031,0.0,0.0,0.2715231599259691,0.051420304719558774,0.017137256831414045,1.3834493262313787e-11,0.03122083393672032,0.0,0.0025017853918065432,2.6247658791725065e-11,0.635351397847254,4.865190426518495e-09,1.9709853099655237e-07,1.1441023382025829e-07,1.1496457924490053e-05,0.3616428340902536,3.5639344082301465e-05,2.4230151629021415e-05,0.000359723516918002,4.237861418235181e-06,1.613738117474147e-13,2.0819636314712064e-09,6.833685638565182e-05,0.0,0.0,0.0,0.0,0.0,0.0,0.0,0.0,0.0,0.0,0.0,0.0,-1.880937607453826e-07,3.761875213753023e-07,1.2539584039575825e-07,1.213639624829851e-16,-2.507916809127e-07,0.0,2.476397692419483e-16,3.0078708367777602e-24,-5.479186495099271e-20,4.993679371568789e-22,-5.901172664402304e-18,-3.5734202462290796e-21,3.427836458419747e-21,2.4155497654362965e-16,2.562756393137907e-22,-2.3430224550087014e-19,-1.5100862648235672e-22,-8.822398220760886e-23,-6.449859018548133e-23,-2.2331857449444834e-24,-2.4150067792667983e-16,2.487325320342732e-07,1.880937607453826e-07,3.372039812405379e-07,-3.761865441675484e-07,-3.237935911113497e-07,8.594534562599248e-11,1.1002758471052044e-07,4.4276283590015497e-08,5.221993892304098e-08,4.4276283590015497e-08,1.253445807852184e-07,1.253445807852184e-07,-1.213639624829851e-16,2.50689162473764e-07,-9.483510085636517e-17,1.8154176658545518e-19,-9.445118779332762e-16,2.5068916120751794e-07,8.516827391341517e-14,2.968221384081049e-12,4.3534390721222736e-11,-8.773200415583921e-12,-6.334175407379739e-20,2.5055587913089107e-07,2.968221384081049e-12,4.3534390721222736e-11,-1.2029798806888278e-07,1.3328231812754906e-10,-1.2526255807763056e-07,-5.097852326875483e-09,-5.097852326878911e-09,-1.3589995129095007e-16,2.0602988876551144e-09,6.626017558163186e-21,-9.772077538829766e-13,2.059148878426818e-09,1.1089763077207288e-12,3.6235524540401394e-13,6.557495340734784e-13,1.6608331016676614e-21,1.3589994905776433e-16
8.918999999999999,548,101325.0,2.771e-08,0.066,0.29999999999999993,0.6339999999999998,0.22000000000000003,548.0,1e-11,1e-22,IdealGasReactor,off,0.6286946887535256,0.0,0.0,0.2715036159794565,0.05145584129309755,0.017149102372915524,1.3845978962116221e-11,0.03119675158715883,0.0,0.002500881730545155,2.6224351891161103e-11,0.6354960304234913,4.863809142540375e-09,1.9716330990246565e-07,1.1437312279120238e-07,1.1496881198400378e-05,0.36149957499861435,3.561734749185906e-05,2.420271045239488e-05,0.0003593561047796761,4.2361790201487795e-06,1.6121530845519625e-13,2.0823648126241217e-09,6.828511541468145e-05,0.0,0.0,0.0,0.0,0.0,0.0,0.0,0.0,0.0,0.0,0.0,0.0,-1.8794439434320974e-07,3.758887884419872e-07,1.2529626279926014e-07,1.2131573796313316e-16,-2.505925257023398e-07,0.0,2.7157634262841503e-15,-6.293357602337501e-22,9.700081306121118e-18,-9.122961532122413e-22,1.2316319627242596e-16,-1.2279330757227185e-19,1.2309440131524115e-19,2.821260782640271e-15,4.594516450314776e-21,-7.763123776614965e-18,5.88088357995319e-22,6.72968296979001e-21,-4.608913950400142e-22,-1.7680433947820326e-22,-2.8310058346857354e-15,2.485364501915617e-07,1.8794439434320974e-07,3.3689874764435486e-07,-3.758878125814224e-07,-3.2354213693491396e-07,8.582310153516655e-11,1.0998471855636346e-07,4.422165062113398e-08,5.217289750185383e-08,4.422165062113398e-08,1.252450746727289e-07,1.252450746727289e-07,-1.2131573796313316e-16,2.504901502477916e-07,-9.469095871012067e-17,1.8129960285197908e-19,-9.435551011955384e-16,2.504901464028819e-07,8.510066215293386e-14,2.9633599135273437e-12,4.347758304733197e-11,-8.754534775249954e-12,-6.325199881547456e-20,2.503570206881198e-07,2.9633599135273437e-12,4.347758304733197e-11,-1.202006939075285e-07,1.3312854576796522e-10,-1.2516313425349245e-07,-5.095568891731636e-09,-5.095568891854731e-09,-1.3579322183087358e-16,2.0572239508913277e-09,6.616882624198841e-21,-9.758605648246374e-13,2.0560755107780563e-09,1.1073208388093969e-12,3.6200083311596906e-13,6.548432174542361e-13,1.6585496404250178e-21,1.357930450265341e-16
8.927999999999999,548,101324.99999999997,2.771e-08,0.066,0.29999999999999993,0.6339999999999998,0.22000000000000003,548.0,1e-11,1e-22,IdealGasReactor,off,0.6286909359625906,0.0,0.0,0.27148408778979893,0.051491349216095626,0.017160938364222545,1.3857459993195947e-11,0.031172688653434838,0.0,0.0024999780955928825,2.6201064375065246e-11,0.6356406228873319,4.8624279726388364e-09,1.9722788299623965e-07,1.1433594071963005e-07,1.1497297512956244e-05,0.36135635558766716,3.5595357439374615e-05,2.4175298102418643e-05,0.00035898904187672056,4.234496893157185e-06,1.6105695423348854e-13,2.0827659834012775e-09,6.823340220340502e-05,0.0,0.0,0.0,0.0,0.0,0.0,0.0,0.0,0.0,0.0,0.0,0.0,-1.8779511138375034e-07,3.7559022245347873e-07,1.2519674081471773e-07,1.2126752693637232e-16,-2.5039348176255553e-07,0.0,1.4651148294314803e-15,1.920059394535941e-21,-1.332277788103242e-17,-2.654786544966228e-20,1.9270158368712943e-16,8.58150254687013e-19,-8.534154728607595e-19,1.670568955706305e-15,-1.896344522352767e-21,-1.5538996808847441e-18,-1.1663977387253189e-20,8.450864878753865e-21,7.758909648371711e-21,1.8294701559187217e-22,-1.6571748767284802e-15,2.4834047546732014e-07,1.8779511138375034e-07,3.365937208901544e-07,-3.7558924793841585e-07,-3.232908202586344e-07,8.570101839312546e-11,1.099418347249232e-07,4.4167067595308075e-08,5.212588516616769e-08,4.4167067595308075e-08,1.2514562409357555e-07,1.2514562409357555e-07,-1.2126752693637232e-16,2.502912490884837e-07,-9.454702339110556e-17,1.8105774003830047e-19,-9.42599062699366e-16,2.5029124639530664e-07,8.50330881259303e-14,2.958505605611931e-12,4.3420843867263496e-11,-8.735906847315638e-12,-6.316236317348795e-20,2.5015827313637616e-07,2.958505605611931e-12,4.3420843867263496e-11,-1.2010345472957886e-07,1.3297491610535769e-10,-1.250637658986171e-07,-5.093286085138868e-09,-5.0932860842854526e-09,-1.3568601591476426e-16,2.054153168138739e-09,6.607759130579498e-21,-9.745150628845466e-13,2.0530062952353923e-09,1.1056676068627006e-12,3.6164665252993444e-13,6.539380275109396e-13,1.656268990019851e-21,1.3568619886177985e-16
8.937,548,101325.00000000003,2.771e-08,0.066,0.29999999999999993,0.6339999999999998,0.22000000000000003,548.0,1e-11,1e-22,IdealGasReactor,off,0.6286871861979222,0.0,0.0,0.27146457534775875,0.05152682850534938,0.017172764810935028,1.386893635705269e-11,0.03114864512416574,0.0,0.002499074487240959,2.6177796231737723e-11,0.635785175137277,4.8610469169417315e-09,1.972922504883792e-07,1.1429868778307541e-07,1.1497706877116332e-05,0.36121317595886343,3.55733739308978e-05,2.414791455615056e-05,0.0003586223279553614,4.23281503815683e-06,1.608987489856057e-13,2.083167144101051e-09,6.818171676994638e-05,0.0,0.0,0.0,0.0,0.0,0.0,0.0,0.0,0.0,0.0,0.0,0.0,-1.8764591186502452e-07,3.752918236087263e-07,1.2509727447599822e-07,1.2121932943669183e-16,-2.5019454907259573e-07,0.0,7.43378779259158e-18,-4.61358434725739e-23,6.58511007242371e-19,-3.504736854067324e-22,1.0640851399882148e-19,4.84396966711053e-21,-4.78937574668203e-21,6.921781191394731e-18,2.8517889703591336e-23,4.061693713293712e-20,3.1679028269122355e-22,4.1152235474513127e-23,1.8956317215917865e-22,-4.929298093950328e-24,-7.583071197389344e-18,2.4814460784523124e-07,1.8764591186502452e-07,3.3628890095004865e-07,-3.752908504374799e-07,-3.230396410793516e-07,8.557909602436617e-11,1.0989893324397981e-07,4.411253449749582e-08,5.2078901915798124e-08,4.411253449749582e-08,1.250462290466433e-07,1.250462290466433e-07,-1.2121932943669183e-16,2.5009245899363466e-07,-9.44032946693598e-17,1.8081617784266179e-19,-9.416437624720244e-16,2.5009245796514534e-07,8.496555183164679e-14,2.9536584517488885e-12,4.33641731123799e-11,-8.717316561880963e-12,-6.307284702663254e-20,2.49959636543609e-07,2.9536584517488885e-12,4.33641731123799e-11,-1.2000627056737035e-07,1.3282142911939797e-10,-1.249644530468789e-07,-5.091003908627871e-09,-5.091003908623082e-09,-1.3557941549486333e-16,2.0510865349689536e-09,6.598647065811383e-21,-9.731712463678886e-13,2.0499412273645008e-09,1.1040166094911182e-12,3.612927036704863e-13,6.530339631470936e-13,1.6539911477778092e-21,1.3557941056556523e-16
8.946,548,101324.99999999999,2.771e-08,0.066,0.29999999999999993,0.6339999999999998,0.22000000000000003,548.0,1e-11,1e-22,IdealGasReactor,off,0.6286834394577447,0.0,0.0,0.27144507864409373,0.05156227917766396,0.017184581718654068,1.3880408055186083e-11,0.031124620987963116,0.0,0.0024981709062111696,2.615454745399511e-11,0.6359296871806541,4.8596659764108475e-09,1.9735641262313577e-07,1.1426136417758389e-07,1.1498109299736036e-05,0.3610700361043322,3.555139697857864e-05,2.4120559794801754e-05,0.00035825596282360343,4.231133455738255e-06,1.6074069261632542e-13,2.0835682943895167e-09,6.813005912350477e-05,0.0,0.0,0.0,0.0,0.0,0.0,0.0,0.0,0.0,0.0,0.0,0.0,-1.874967958496471e-07,3.749935915947193e-07,1.249978637987804e-07,1.2117114546131067e-16,-2.499957277187224e-07,0.0,-1.8215663560746668e-16,-1.635568302390905e-23,-1.0250778289482308e-20,-2.8147999404422556e-22,-1.6595916535553507e-17,-1.4134862307306137e-20,1.7741369778037338e-20,-1.987801501969774e-16,1.1146006318662377e-22,-2.6647339695905397e-20,2.5668347409090272e-23,-3.980548203970023e-22,-8.767452407034722e-23,2.393078618295001e-23,1.9879010950325133e-16,2.479488474152838e-07,1.874967958496471e-07,3.3598428791130926e-07,-3.7499261976560536e-07,-3.227885995046739e-07,8.545733428286742e-11,1.0985601417902019e-07,4.4058051327748734e-08,5.2031947768407576e-08,4.4058051327748734e-08,1.2494688957370493e-07,1.2494688957370493e-07,-1.2117114546131067e-16,2.49893780046767e-07,-9.425977229930636e-17,1.8057491599932713e-19,-9.406892004166198e-16,2.498937792250189e-07,8.489805329846671e-14,2.948818444373173e-12,4.330757072898124e-11,-8.698763852334717e-12,-6.298345024553566e-20,2.497611109414661e-07,2.948818444373173e-12,4.330757072898124e-11,-1.1990914143662746e-07,1.3266808476267166e-10,-1.2486519571402132e-07,-5.0887223621529244e-09,-5.088722362170666e-09,-1.3547265625628478e-16,2.048024047647311e-09,6.5895464206765435e-21,-9.718291139152493e-13,2.046880303438604e-09,1.1023678446859822e-12,3.6093898668616595e-13,6.52131023491472e-13,1.6517161116023996e-21,1.3547268018707096e-16
8.955,548,101325.00000000003,2.771e-08,0.066,0.29999999999999993,0.6339999999999998,0.22000000000000003,548.0,1e-11,1e-22,IdealGasReactor,off,0.6286796957402816,0.0,0.0,0.2714255976695596,0.05159770124984834,0.017196389092982593,1.3891875089096973e-11,0.031100616233435883,0.0,0.002497267352940166,2.6131318031652036e-11,0.6360741589530362,4.8582851514563916e-09,1.9742036962253342e-07,1.1422397008671125e-07,1.1498504789737612e-05,0.3609269360882862,3.5529426590513685e-05,2.4093233796825827e-05,0.0003578899462484314,4.229452146692603e-06,1.6058278502937822e-13,2.0839694343507954e-09,6.807842927907346e-05,0.0,0.0,0.0,0.0,0.0,0.0,0.0,0.0,0.0,0.0,0.0,0.0,-1.8734776335729642e-07,3.7469552658519956e-07,1.2489850881058012e-07,1.2112297503169317e-16,-2.497970177113776e-07,0.0,2.323955650062619e-15,-2.512847275019126e-22,1.3196740760340766e-17,-1.3799197766716322e-20,8.342851013981231e-18,-8.298275905131974e-20,7.642652551622444e-20,2.3012436154989494e-15,-1.8627835774107298e-22,-1.764845416027737e-17,6.885548556067828e-21,4.569604197684348e-21,6.271194379049502e-22,-2.797028000055091e-22,-2.314499304006668e-15,2.477531941921145e-07,1.8734776335729642e-07,3.3567988178450645e-07,-3.7469455609653564e-07,-3.225376955686013e-07,8.53357330031655e-11,1.0981307757063622e-07,4.400361807601142e-08,5.198502272978022e-08,4.400361807601142e-08,1.2484760568802443e-07,1.2484760568802443e-07,-1.2112297503169317e-16,2.4969521227441497e-07,-9.411645604584611e-17,1.8033395421879966e-19,-9.39735376516365e-16,2.496952089536819e-07,8.483059253540248e-14,2.943985575249336e-12,4.325103665349621e-11,-8.68024865005256e-12,-6.289417270627548e-20,2.4956269638517596e-07,2.943985575249336e-12,4.325103665349621e-11,-1.1981206736387164e-07,1.325148830052612e-10,-1.2476599392756828e-07,-5.086441446708474e-09,-5.0864414467849004e-09,-1.3536628744695536e-16,2.0449657019798337e-09,6.580457184451404e-21,-9.704886639453817e-13,2.043823519263098e-09,1.1007213101868243e-12,3.605855016427661e-13,6.512292075236124e-13,1.6494438790139963e-21,1.3536600774415536e-16
8.963999999999999,548,101325.0,2.771e-08,0.066,0.29999999999999993,0.6339999999999998,0.22000000000000003,548.0,1e-11,1e-22,IdealGasReactor,off,0.628675955043756,0.0,0.0,0.2714061324149095,0.05163309473871587,0.01720818693952526,1.3903337460287315e-11,0.03107663084919001,0.0,0.002496363828100261,2.610810795698749e-11,0.6362185904497868,4.856904442945173e-09,1.9748412172723637e-07,1.1418650570407121e-07,1.149889335598443e-05,0.3607838759148761,3.550746277813003e-05,2.4065936542940636e-05,0.00035752427803050776,4.227771111642334e-06,1.6042502612923925e-13,2.084370563721448e-09,6.802682724670693e-05,0.0,0.0,0.0,0.0,0.0,0.0,0.0,0.0,0.0,0.0,0.0,0.0,-1.8719881444292022e-07,3.743976287593844e-07,1.2479920952882808e-07,1.210748181491015e-16,-2.495984191739843e-07,0.0,3.027718814183979e-15,-2.64127176936932e-22,2.204949695558473e-18,1.4022410917482134e-21,5.391576467510435e-18,7.088606977334426e-20,-7.050887541402008e-20,3.0284238855673264e-15,8.904144405380956e-22,-2.5341192694687633e-18,8.943874217358273e-22,1.4808600916230578e-21,-4.8707818735804206e-23,-1.1176691725976504e-22,-3.0306401123254364e-15,2.4755764830295453e-07,1.8719881444292022e-07,3.3537568264301536e-07,-3.7439665960948935e-07,-3.222869293655648e-07,8.52142920358971e-11,1.0977012348007606e-07,4.394923474043318e-08,5.193812681543251e-08,4.394923474043318e-08,1.247483774262737e-07,1.247483774262737e-07,-1.210748181491015e-16,2.4949675574992473e-07,-9.397334566534867e-17,1.8009329223122996e-19,-9.387822906856182e-16,2.4949675170304886e-07,8.47631695673716e-14,2.9391598366996903e-12,4.319457083050675e-11,-8.661770888244424e-12,-6.280501428045105e-20,2.493643929098867e-07,2.9391598366996903e-12,4.319457083050675e-11,-1.1971504836640697e-07,1.3236182380225954e-10,-1.246668477050262e-07,-5.084161162421098e-09,-5.084161162350589e-09,-1.3525950504731967e-16,2.0419114941564083e-09,6.571379347653768e-21,-9.69149895060107e-13,2.0407708710297742e-09,1.0990770039409874e-12,3.6023224867361014e-13,6.503285143459029e-13,1.6471744478481313e-21,1.352593932804024e-16
8.972999999999999,548,101325.0,2.771e-08,0.066,0.29999999999999993,0.6339999999999998,0.22000000000000003,548.0,1e-11,1e-22,IdealGasReactor,off,0.6286722173663901,0.0,0.0,0.27138668287089374,0.05166845966108545,0.0172199752638883,1.391479517025979e-11,0.03105266482382772,0.0,0.002495460332107379,2.6084917219584723e-11,0.6363629816016174,4.8555238512479916e-09,1.9754766915763697e-07,1.1414897121203534e-07,1.1499275007401069e-05,0.3606408556531991,3.548550554921408e-05,2.4038668011392244e-05,0.00035715895793373803,4.226090351390759e-06,1.6026741581948e-13,2.0847716826151043e-09,6.797525304168723e-05,0.0,0.0,0.0,0.0,0.0,0.0,0.0,0.0,0.0,0.0,0.0,0.0,-1.8704994912289034e-07,3.7409989816589865e-07,1.2469996598163255e-07,1.2102667483664325e-16,-2.493999320997127e-07,0.0,-1.8978702934241109e-16,2.267719780760125e-22,1.1134826991584337e-18,-2.3276005275789504e-21,-4.113726681414837e-17,-3.14460981668159e-20,3.0155696411233177e-20,-2.155398021717021e-16,1.656828529582097e-21,1.653827771563038e-17,2.5463753493421944e-22,1.8644909500886667e-21,-1.0566279238656902e-21,8.769379515340086e-23,2.1442212723100085e-16,2.473622097452018e-07,1.8704994912289034e-07,3.350716904913262e-07,-3.7409893035309297e-07,-3.220363009239484e-07,8.509301121428085e-11,1.0972715194620796e-07,4.389490131009511e-08,5.189126003021511e-08,4.389490131009511e-08,1.2464920479952585e-07,1.2464920479952585e-07,-1.2102667483664325e-16,2.4929841049544153e-07,-9.383044092364498e-17,1.7985292974551443e-19,-9.378299429110108e-16,2.4929840969356576e-07,8.469578440189783e-14,2.9343412204468426e-12,4.3138173195749963e-11,-8.643330498331606e-12,-6.271597484459394e-20,2.491662005720191e-07,2.9343412204468426e-12,4.3138173195749963e-11,-1.1961808447127708e-07,1.322089071245145e-10,-1.2456775707450674e-07,-5.08188151035546e-09,-5.081881510385616e-09,-1.3515274911746357e-16,2.038861419947389e-09,6.562312899452962e-21,-9.678128056623333e-13,2.037722354510924e-09,1.0974349236702253e-12,3.5987922783771775e-13,6.494289429270167e-13,1.6449078155968854e-21,1.3515283681125873e-16
8.982,548,101325.00000000003,2.771e-08,0.066,0.29999999999999993,0.6339999999999998,0.22000000000000003,548.0,1e-11,1e-22,IdealGasReactor,off,0.6286684827064057,0.0,0.0,0.2713672490282595,0.0517037960337807,0.01723175407167958,1.3926248220518026e-11,0.03102871814594796,0.0,0.0024945568655341944,2.6061745810665804e-11,0.6365073323790067,4.854143377039166e-09,1.9761101214650128e-07,1.1411136679962963e-07,1.1499649752873802e-05,0.3604978753324065,3.546355491376591e-05,2.4011428181934076e-05,0.0003567939857444344,4.224409866629122e-06,1.6010995400417766e-13,2.085172790914117e-09,6.792370667600262e-05,0.0,0.0,0.0,0.0,0.0,0.0,0.0,0.0,0.0,0.0,0.0,0.0,-1.8690116743699476e-07,3.7380233476608897e-07,1.2460077819037847e-07,1.2097854510398916e-16,-2.4920155650226445e-07,0.0,1.4058957509417668e-15,-2.0919612186865553e-22,-2.708630204423491e-19,-4.164034903838286e-23,-1.3078188705606397e-17,-1.3102540902839958e-20,1.2707148570039611e-20,1.3933342250370253e-15,-2.3260905485069133e-22,2.5710637542972864e-19,1.4779791968407396e-21,2.1858247686713756e-22,-3.323295703872602e-22,-8.8516667155601e-24,-1.3930627385697211e-15,2.4716687853652873e-07,1.8690116743699476e-07,3.347679053755967e-07,-3.738013682886947e-07,-3.2178581031223225e-07,8.497189038225758e-11,1.0968416302164278e-07,4.384061777951258e-08,5.1844422385435024e-08,4.384061777951258e-08,1.2455008783439155e-07,1.2455008783439155e-07,-1.2097854510398916e-16,2.4910017656418454e-07,-9.368774158095741e-17,1.79612866483644e-19,-9.368783331331836e-16,2.491001741544707e-07,8.462843705706233e-14,2.9295297185855744e-12,4.3081843690387175e-11,-8.624927412988635e-12,-6.262705427228599e-20,2.489681194146006e-07,2.9295297185855744e-12,4.3081843690387175e-11,-1.1952117569937922e-07,1.3205613293286397e-10,-1.2446872205744522e-07,-5.079602490999245e-09,-5.079602491011952e-09,-1.3504634722090965e-16,2.0358154753818856e-09,6.553257829844101e-21,-9.664773942767105e-13,2.034677965735734e-09,1.0957950672346298e-12,3.595264392388825e-13,6.485304923173267e-13,1.6426439799618456e-21,1.3504633836924294e-16
8.991,548,101324.99999999997,2.771e-08,0.066,0.29999999999999993,0.6339999999999998,0.22000000000000003,548.0,1e-11,1e-22,IdealGasReactor,off,0.6286647510620249,0.0,0.0,0.27134783087775205,0.05173910387363015,0.017243523368508616,1.39376966125666e-11,0.031004790804146472,0.0,0.002493653428925208,2.6038593721145144e-11,0.6366516427456476,4.8527630209390724e-09,1.9767415092444778e-07,1.1407369265450056e-07,1.1500017601292543e-05,0.3603549349884667,3.544161088137451e-05,2.3984217034037687e-05,0.0003564293612447351,4.222729658066422e-06,1.5995264058721836e-13,2.0855738885412674e-09,6.78721881621253e-05,0.0,0.0,0.0,0.0,0.0,0.0,0.0,0.0,0.0,0.0,0.0,0.0,-1.8675246942069168e-07,3.7350493861237504e-07,1.24501646177447e-07,1.2093042896310362e-16,-2.4900329246972593e-07,0.0,-7.482601176376212e-16,3.3875574838062167e-22,-4.434009251612711e-18,1.267511555215747e-21,1.0805578132299428e-16,8.989137152736262e-20,-8.524757956848993e-20,-6.461950562434217e-16,-9.46101911507849e-22,-1.0561203188239427e-17,-3.8429849984869e-22,-1.786451629173117e-22,4.2980042489283475e-22,-2.59098871223558e-22,6.506498964723423e-16,2.469716547690384e-07,1.8675246942069168e-07,3.3446432733415346e-07,-3.7350397346871565e-07,-3.2153545759150427e-07,8.485092938187293e-11,1.096411567565851e-07,4.378638414213357e-08,5.179761389119019e-08,4.378638414213357e-08,1.244510265546083e-07,1.244510265546083e-07,-1.2093042896310362e-16,2.489020540036305e-07,-9.354524739856492e-17,1.7937310216526916e-19,-9.359274612991445e-16,2.4890205363448104e-07,8.456112754899405e-14,2.9247253231466634e-12,4.30255822546089e-11,-8.60656156477661e-12,-6.253825243763967e-20,2.487701494826416e-07,2.9247253231466634e-12,4.30255822546089e-11,-1.1942432207250872e-07,1.3190350118956049e-10,-1.2436974267626206e-07,-5.077324104938262e-09,-5.0773241048530145e-09,-1.3494015708259254e-16,2.0327736564398134e-09,6.5442141286731216e-21,-9.651436594059274e-13,2.03163770068757e-09,1.0941574324693692e-12,3.5917388297233134e-13,6.476331615523074e-13,1.640382938606231e-21,1.3493989798372132e-16
9.0,548,101324.99999999999,2.771e-08,0.066,0.29999999999999993,0.6339999999999998,0.22000000000000003,548.0,1e-11,1e-22,IdealGasReactor,off,0.6286610224314679,0.0,0.0,0.27132842841011345,0.051774383197467126,0.017255283159986524,1.3949140347910942e-11,0.03098088278701564,0.0,0.002492750022758344,2.6015460941235436e-11,0.636795912648533,4.851382783439573e-09,1.9773708571693857e-07,1.1403594896127202e-07,1.1500378561562557e-05,0.3602120346741248,3.541967346067835e-05,2.3957034546532167e-05,0.00035606508420721496,4.221049726458156e-06,1.5979547547223367e-13,2.0859749755173017e-09,6.78206975138425e-05,0.0,0.0,0.0,0.0,0.0,0.0,0.0,0.0,0.0,0.0,0.0,0.0,-1.866038550993645e-07,3.732077099429004e-07,1.2440256996791305e-07,1.2088232643159342e-16,-2.4880514004979724e-07,0.0,-3.76382784301064e-15,2.886446778183469e-22,4.783143808491573e-18,-6.28026798510374e-21,1.3496840033742756e-16,2.981555974335137e-19,-2.9927890870536073e-19,-3.635494546225354e-15,-1.692141427309547e-21,-2.113875520385153e-18,3.621412877628494e-21,1.8316105207396838e-21,1.652985427429877e-21,-1.3363021344426584e-22,3.630694233393215e-15,2.4677653849455557e-07,1.866038550993645e-07,3.3416095638726817e-07,-3.732067461313009e-07,-3.2128524280559296e-07,8.473012805070482e-11,1.0959813319545748e-07,4.3732200389008743e-08,5.1750834554787315e-08,4.3732200389008743e-08,1.2435202097722537e-07,1.2435202097722537e-07,-1.2088232643159342e-16,2.4870404284787754e-07,-9.34029581402734e-17,1.7913363650459116e-19,-9.34977327373829e-16,2.4870404546906144e-07,8.449385588927735e-14,2.919928026008449e-12,4.296938882632635e-11,-8.588232885868232e-12,-6.24495692160737e-20,2.4857229082650643e-07,2.919928026008449e-12,4.296938882632635e-11,-1.1932752361491216e-07,1.3175101186077664e-10,-1.2427081895605116e-07,-5.075046353000905e-09,-5.075046352701626e-09,-1.3483364930692022e-16,2.0297359589963866e-09,6.535181785437855e-21,-9.638115995014139e-13,2.0286015552416598e-09,1.0925220171514822e-12,3.58821559113744e-13,6.467369496328231e-13,1.6381246891041897e-21,1.3483351567670677e-16
